31.444;0.00021038407653202088;0.0005563348514027102;-0.0013229350483070052;0.01235148540979604;-0.017070522168343472;-0.007933111789019598
31.539;0.00021063022925575038;0.0005562395364048933;-0.0013229336961890596;0.012343869946416607;-0.017076016295913217;-0.007933072494033534
31.632;0.00021099925950842594;0.0005560960123511129;-0.0013229348766820078;0.012332442622185127;-0.01708423684982334;-0.007933012338772862
31.632;0.00021136821444237052;0.000555952381814911;-0.0013229347109173914;0.012321014408070713;-0.01709244291448404;-0.00793295173278085
31.797;0.00021161411917239032;0.0005558564701299088;-0.0013229341902616118;0.012313391179502588;-0.01709789947094744;-0.007932910605059964
31.874;0.0002118599664743263;0.0005557604047473497;-0.0013229352811541732;0.012305769416175108;-0.01710336541954996;-0.007932870490591973
31.874;0.00021222869117091018;0.0005556162132014911;-0.001322934256466135;0.012294321906040594;-0.017111553493991974;-0.007932810220289722
32.047;0.00021235157527290304;0.0005555681278881095;-0.0013229333684018404;0.012290512885800393;-0.01711427256482887;-0.007932789397365674
32.137;0.00021284302935449656;0.0005553754606184723;-0.0013229332509801153;0.012275244504208313;-0.017125197967345435;-0.007932711095420939
32.225;0.0002130886077945121;0.0005552787349865644;-0.0013229340616268876;0.012267606320605346;-0.017130629372373887;-0.007932669820686742
32.225;0.00021345697315415326;0.0005551337336365326;-0.0013229326062386233;0.012256153205467857;-0.01713878094905074;-0.00793260891451863
32.308;0.0002137025212854673;0.000555036981630205;-0.0013229323185793142;0.012248506972340917;-0.01714423194640264;-0.0079325701398427
32.393;0.00021407070858727912;0.00055489151769484;-0.0013229322613632247;0.012237038650308294;-0.017152386045109606;-0.007932510689011931
32.483;0.00021443881215081322;0.0005547458825689972;-0.0013229320622261047;0.012225561910066275;-0.017160531113818264;-0.007932451269201501
32.581;0.00021468414475684752;0.0005546486454194315;-0.0013229316343926554;0.01221791148608883;-0.017165952495956864;-0.007932411319077456
32.671;0.00021505204969939464;0.0005545025076013973;-0.0013229327729158914;0.012206424579310015;-0.01717409412420295;-0.00793235280825427
32.764;0.0002154198438062608;0.0005543561176349901;-0.0013229326397848017;0.012194936334313754;-0.01718221012639093;-0.00793229293394159
32.853;0.00021566500300201235;0.0005542585160588136;-0.0013229309562666981;0.012187273478489807;-0.01718761405403495;-0.007932252915147986
32.938;0.00021603263005317473;0.0005541117252947806;-0.0013229310140725186;0.012175773398959287;-0.017195731686234936;-0.007932194414752475
33.026;0.00021627767618573074;0.0005540138547359822;-0.001322930695701518;0.012168110265949595;-0.017201132661271237;-0.007932154895701522
33.115;0.00021664512948715866;0.0005538666780793872;-0.0013229305904939668;0.012156601338908243;-0.017209230763456335;-0.007932096028222093
33.199;0.0002168899897790646;0.0005537683117437394;-0.0013229317359607204;0.012148931379121566;-0.01721461075943689;-0.007932055553234335
33.286;0.0002172573068329315;0.0005536208538079364;-0.001322931451746544;0.012137417828195742;-0.01722270944241975;-0.007931997933397623
33.364;0.00021750210608836837;0.0005535224178640312;-0.0013229301996431327;0.012129735004573745;-0.01722808525374619;-0.00793195806176246
33.45;0.00021786919273643896;0.0005533744046933655;-0.0013229303085317788;0.012118206442108497;-0.017236152231058573;-0.00793189908941352
33.533;0.00021811386558239998;0.0005532755962260177;-0.00132293045365296;0.012110524704782437;-0.01724153306899952;-0.007931860362183327
33.625;0.0002184807877296761;0.000553127250079715;-0.0013229296844696754;0.012098993188382206;-0.017249584220499662;-0.007931801279536388
33.714;0.0002188476216110916;0.0005529786748595842;-0.0013229301763706624;0.012087453942097974;-0.017257646725074318;-0.007931743865883297
33.802;0.00021909208429037326;0.0005528794022651193;-0.0013229298894730638;0.012079755950319033;-0.017263001543632014;-0.00793170436064657
33.893;0.00021945877200213172;0.0005527305346997153;-0.0013229289716691762;0.01206821044711383;-0.017271048231566676;-0.007931646892835237
33.978;0.0002197031128593942;0.0005526309621649792;-0.0013229295450919681;0.012060509566478387;-0.017276401272583952;-0.007931608008630523
34.067;0.00022006955370674656;0.0005524815202944053;-0.0013229286940465706;0.012048946362057495;-0.017284412246253496;-0.007931548875033143
34.155;0.0002203138308936715;0.0005523818416305111;-0.0013229274846601278;0.012041241289604248;-0.017289760883317924;-0.007931510497524866
34.243;0.000220680096708174;0.0005522319781724965;-0.0013229284623412706;0.012029683781842243;-0.01729776825767067;-0.00793145212170476
34.337;0.00022104628049745968;0.0005520819477814565;-0.001322927689847404;0.012018111546158842;-0.017305769135168157;-0.007931394083237663
34.422;0.00022129034173867964;0.0005519817656711129;-0.0013229281979485565;0.012010385835334028;-0.017311114239116892;-0.007931356751535917
34.511;0.00022165634309198075;0.0005518313212319168;-0.0013229273174220398;0.011998810966710155;-0.017319099282110857;-0.00793129857688908
34.599;0.0002219002992710993;0.000551730939734233;-0.001322926203010267;0.011991087353033366;-0.017324420901878662;-0.00793126010966391
34.688;0.00022226611348537668;0.0005515800263047579;-0.0013229268246110757;0.011979500984449443;-0.017332404267477123;-0.007931203002305598
34.773;0.00022263183268718292;0.0005514289645522467;-0.0013229255412656592;0.011967909784179633;-0.017340369867071798;-0.007931145203772218
34.86;0.00022287555039533598;0.0005513279969594847;-0.0013229265224820573;0.011960175263494351;-0.017345680592481663;-0.00793110708337234
34.945;0.000223119268180902;0.0005512270644445767;-0.0013229259452765612;0.011952432572712269;-0.017350986509779575;-0.007931069014395244
35.027;0.0002234847011299015;0.0005510753408799669;-0.0013229252388890006;0.011940841322626282;-0.017358923758919;-0.007931010454447236
35.119;0.00022372824629538125;0.0005509739690144686;-0.0013229271122466827;0.011933100616451506;-0.017364225484382243;-0.007930972693420722
35.201;0.00022409360797826964;0.0005508221360948643;-0.0013229250029544578;0.011921487056873611;-0.0173721777240627;-0.007930916782578797
35.292;0.00022445872258698138;0.0005506696862995534;-0.0013229245252783617;0.011909862300581407;-0.01738009611067994;-0.007930858774623295
35.377;0.00022470213514391466;0.000550568080600157;-0.001322924259468442;0.011902113510405037;-0.017385385549113223;-0.007930821364564031
35.464;0.00022506708581813677;0.0005504152229028193;-0.0013229254056616733;0.011890485661014864;-0.017393300439800172;-0.007930764217099278
35.556;0.00022531035218159782;0.00055031329361953;-0.0013229251493026982;0.011882729673618128;-0.017398571865976802;-0.007930726139599704
35.637;0.00022567515344220057;0.0005501601438997513;-0.001322924347413089;0.011871092770889413;-0.017406479169176925;-0.00793066963523849
35.727;0.00022603987661917095;0.0005500068644334014;-0.0013229234899534434;0.01185945286067722;-0.017414379774629677;-0.007930613294684712
35.82;0.00022628291932393578;0.0005499044123955697;-0.0013229237798607638;0.011851691174956318;-0.017419632130219152;-0.00793057488970813
35.905;0.00022652593255770352;0.0005498019101605507;-0.0013229238650368405;0.011843924546646746;-0.017424888587041217;-0.007930537174144171
35.991;0.00022689036533002355;0.0005496479622807597;-0.0013229232798460423;0.011832273118022468;-0.01743275972914793;-0.007930480096377087
36.074;0.0002271332662655642;0.0005495452123176755;-0.0013229229223935511;0.011824494806260445;-0.01743800984420874;-0.007930442745403233
36.162;0.0002274975323884609;0.0005493908830478924;-0.0013229225449117366;0.011812826471742928;-0.017445885251889715;-0.00793038730259506
36.247;0.00022774029744271142;0.0005492878675242756;-0.0013229221859559419;0.011805063490983416;-0.017451110474220356;-0.007930348497765832
36.335;0.00022810438526262402;0.0005491331306170556;-0.0013229228775170105;0.011793376767555751;-0.01745897926121685;-0.007930293803024431
36.424;0.000228468350140376;0.000548978153617664;-0.0013229224236089338;0.011781707505020235;-0.017466821423793716;-0.00793023744383796
36.517;0.0002287109133609827;0.0005488746627183749;-0.001322922755535863;0.011773926402131851;-0.017472042149319644;-0.007930199625843303
36.604;0.00022907472459808854;0.0005487193587145464;-0.0013229214392369848;0.011762229502478341;-0.017479884146258225;-0.007930144682029856
36.694;0.00022943835850923938;0.0005485636608568863;-0.0013229213700725866;0.011750546119472474;-0.01748769376303542;-0.007930087562581732
36.788;0.00022968074658846866;0.0005484597890508156;-0.0013229202518661074;0.011742758104295153;-0.017492903176616635;-0.007930050128028499
36.862;0.00023004421187396547;0.0005483037106524568;-0.0013229209531537161;0.011731053359902504;-0.01750071316968284;-0.007929994364793818
36.959;0.00023028647793808457;0.000548199565556849;-0.0013229209150197917;0.011723247936877814;-0.017505922362804616;-0.0079299578062809
37.053;0.00023064978414188595;0.0005480431630163435;-0.0013229196479842453;0.011711541493161453;-0.017513714836283237;-0.007929901802380967
37.132;0.00023089190882340195;0.0005479387038747079;-0.0013229211188167138;0.011703731220250565;-0.01751891397026299;-0.007929865173219926
37.225;0.00023125501754692104;0.0005477818965117829;-0.0013229192189707923;0.011692019556454755;-0.017526687010224064;-0.00792980874447399
37.31;0.0002316180231483879;0.0005476248348312079;-0.0013229192788898618;0.011680292840802945;-0.017534472997103964;-0.007929754162071041
37.401;0.00023185994224415575;0.0005475199181263926;-0.0013229205085583354;0.011672484824851483;-0.017539652854442648;-0.007929717123706503
37.494;0.0002322227945852915;0.0005473625679839329;-0.0013229171427583909;0.011660754451610885;-0.01754741479498781;-0.007929661810653505
37.571;0.0002324645827225034;0.0005472573478463682;-0.0013229190182827916;0.011652927454084843;-0.017552592786835873;-0.007929625548534203
37.655;0.00023282720026217483;0.0005470994424107444;-0.0013229188575880173;0.01164118680701634;-0.01756034464052681;-0.007929570542071844
37.742;0.0002330689055131439;0.0005469941344146425;-0.0013229175539306377;0.011633357833960184;-0.017565499500150766;-0.007929533230952296
37.832;0.00023343134349350445;0.0005468358378797661;-0.0013229182599009052;0.01162160741310414;-0.01757324069808276;-0.007929478553307497
37.913;0.00023367289694642795;0.0005467301471581767;-0.001322918610857704;0.011613781553201837;-0.017578396435909582;-0.007929441967601106
38.004;0.00023403511367712346;0.0005465714144027379;-0.0013229175521837558;0.011602025657874234;-0.01758610223832967;-0.007929385576101266
38.093;0.0002342765923352415;0.0005464655922244075;-0.0013229165904263024;0.011594191256069171;-0.0175912559818238;-0.007929349708516869
38.181;0.00023463861058599259;0.0005463064015095718;-0.0013229165695540666;0.011582427319837465;-0.01759895695873581;-0.007929294091303283
38.268;0.00023487996987327591;0.0005462003278829067;-0.001322916265797493;0.011574578030239343;-0.017604103781184578;-0.007929258543164518
38.353;0.00023524183764923464;0.0005460408164732496;-0.001322915702645219;0.011562806528834565;-0.01761180597927898;-0.007929204238597928
38.435;0.00023548303177031412;0.0005459343821277113;-0.0013229167760262816;0.011554960180370076;-0.0176169360969842;-0.007929167982735335
38.523;0.00023584469269120038;0.0005457744765804602;-0.001322915160028471;0.011543182173013694;-0.01762460054359696;-0.00792911177836477
38.617;0.0002362062666553954;0.0005456143132543604;-0.0013229156968867868;0.011531390192324093;-0.01763229161068979;-0.007929058537917349
38.708;0.00023644725800574338;0.0005455074567733223;-0.0013229151580854558;0.011523530166316256;-0.017637401152623862;-0.007929021960032773
38.801;0.0002368086167596564;0.0005453468703985253;-0.0013229158551680228;0.011511740339450682;-0.017645065062309444;-0.007928967551022641
38.887;0.00023704949905516425;0.0005452398135919181;-0.001322914258268536;0.01150386403755445;-0.017650163509742862;-0.007928931011877596
38.977;0.00023741067184009692;0.0005450787939870812;-0.001322914762881991;0.011492066831202331;-0.01765782016552516;-0.007928877209628787
39.068;0.0002377717676324847;0.0005449177121619802;-0.001322913870902118;0.011480266808426797;-0.017665463145212553;-0.00792882299959835
39.148;0.0002380124195776283;0.0005448101369075152;-0.0013229131031535794;0.011472385503288947;-0.017670546173193476;-0.007928786401336324
39.24;0.00023837330685656436;0.0005446485658241508;-0.0013229137559363393;0.011460571868898383;-0.017678179252527435;-0.007928732609265101
39.328;0.0002386138313838707;0.0005445406980880105;-0.001322913879599486;0.011452687023758023;-0.017683266045522818;-0.00792869706483635
39.418;0.00023897450649795694;0.0005443786855564442;-0.0013229130442538157;0.011440868490977139;-0.017690869480516024;-0.007928642026760942
39.511;0.000239335071823268;0.0005442164266546044;-0.001322913905631542;0.011429044031941926;-0.017698478255922797;-0.007928588111996463
39.598;0.0002395754257880332;0.0005441082586948216;-0.0013229120956409534;0.011421146473069087;-0.017703547149300215;-0.007928552470716237
39.691;0.0002399358434969005;0.0005439457291776177;-0.0013229113047388296;0.011409309404647381;-0.01771114790553975;-0.007928499189322945
39.77;0.00024017599454697721;0.0005438370539975854;-0.001322913059905036;0.011401421926270893;-0.017716206891790036;-0.007928463239908297
39.858;0.00024053619696821563;0.0005436740499359521;-0.0013229124810306041;0.011389565060310742;-0.017723784462587402;-0.007928409389911576
39.942;0.0002407763182045638;0.0005435654015253188;-0.0013229112417352123;0.011381674459848778;-0.017728845166459218;-0.007928374438821365
40.037;0.00024113628367354497;0.0005434019083411323;-0.0013229115727699105;0.011369817478758289;-0.017736407067045528;-0.007928320344948237
40.117;0.00024137621195928212;0.0005432928070010542;-0.001322912208404194;0.011361920522057681;-0.017741446239561125;-0.007928284379217065
40.189;-0.032788900028773466;-0.018860224211849186;-0.0011750092034530943;0.011886684909619165;-0.018056992958606348;-0.0167067764040111
40.274;-0.06018002225861013;-0.03475889752509943;-0.0011358439474775136;0.011795080883879702;-0.01810093410192476;-0.02854199420084221
40.358;-0.10410656528701044;-0.05977703266502149;-0.0011733997381292158;0.011730499332814623;-0.018213392166278174;-0.04733708378667256
40.437;-0.1355589193073296;-0.07729442448910503;-0.0011534867901139695;0.011678632773344163;-0.0183151557553174;-0.06077762658393985
40.437;-0.16411388545203542;-0.09311448940791377;-0.0011952444207009316;0.010982017069346253;-0.018724690013781974;-0.09007652944005895
40.606;-0.20981256842155524;-0.11593207575923518;-0.0011684297065970906;0.010650707418223493;-0.01900095240222176;-0.19338718303961427
40.692;-0.2448172875489854;-0.13070603681224136;-0.0011546353064848494;0.010543655385480988;-0.019014672165319668;-0.18449392916641333
40.772;-0.2961608158750307;-0.12874647537282813;0.005980904980348099;-0.01025071772596038;-0.010688954249871905;-0.21675455391997842
40.855;-0.3258944255488311;-0.11355988398571591;0.006286569222148244;-0.011609397132492217;-0.012061384510546416;-0.27722811568749783
40.933;-0.3255607091538184;-0.13911337649071304;0.001518192104061292;0.00036698613647734865;-0.01501006547209144;-0.010392433937172353
41.007;-0.3386990469624679;-0.15767057869681453;1.5918637374369177e-05;0.003456233236525438;-0.02040936729439163;0.0859367490423472
41.098;-0.3459675366968026;-0.16398393223062438;-0.001968441938091782;-0.016833397124453763;-0.004560693557257863;0.11927384074973292
41.175;-0.3272331984554447;-0.1937656659666167;-0.002761696227709471;-0.014274209681775722;-1.2503106858539164e-06;0.11320257870081009
41.272;-0.31250603661288584;-0.21576135045385025;-0.0018684848676835608;-0.017029218451062415;-0.004805931669594686;-0.03637641986058377
41.347;-0.31649708968624607;-0.2208006301896419;-0.002010079268261581;-0.016007903314690024;-0.0037639068069255047;-0.06858059039959172
41.413;-0.32003673497778795;-0.22065362680283812;-0.0019533819113768942;-0.01626468551283415;-0.004378134707157776;-0.09974767368282042
41.493;-0.3355379519354347;-0.16638581609467412;-0.0010176473504607964;-0.004978571104771385;-0.023020404332107013;0.18185635517134258
41.578;-0.3539536860388023;-0.11653741552110804;-0.002417587510423176;0.014418316948952292;-0.029720358831575377;-0.12493501805540128
41.658;-0.36575291120197717;-0.10877447936323555;-1.452972286321576e-05;0.002802265359726549;-0.021094926176504714;-0.08179350816037985
41.746;-0.3761914385810869;-0.07477775878896468;-0.0030451544377487535;0.01843912499538828;-0.027734159291209582;-0.08512294691550683
41.829;-0.37340461293180033;-0.018257376466000366;9.820033052902684e-05;-0.014821157487572123;0.020609379013486705;0.13996351124859227
41.92;-0.3808455100772952;-0.01971346212830626;0.0013050680548515443;-0.01053708898337945;0.01898627909730204;0.1388770319282104
41.998;-0.375438879465348;-0.045491980931822676;0.001499276110293863;-0.007022036227647422;0.018748833288105563;0.13767828056398237
42.079;-0.3565497522187115;-0.08046269085695014;0.0008419606790237324;-0.010170682668699192;0.023672775014095523;-0.2235644292511013
42.162;-0.35558634038088116;-0.09100648675708202;0.0022685663081148163;-0.008699731324266149;0.015724317537090783;-0.2767198867461428
42.234;-0.3569176758968315;-0.10069212570467408;0.002319317119659309;-0.007733962690419516;0.01689233462058759;-0.27952092886708235
42.32;-0.3735401239796033;-0.09051859497500382;0.0018733225545655432;0.014607634671271946;0.002913278736922261;-0.1912888585176369
42.408;-0.3778287561919139;-0.08663997434978185;0.0019424420294097767;0.01646582050934425;0.003600475633509607;-0.13988342680617383
42.491;-0.3788595580794165;-0.080596182934996;0.0019313069323671742;0.01611360417057403;0.0036482428126534405;-0.2781828862367137
42.558;-0.3792127776334041;-0.07690678726300079;0.001915766352935758;0.01621355811309622;0.003386508078557869;-0.2976087992635393
42.635;-0.3820362444103517;-0.06629286979389674;-0.0019827729284714;-0.015539593360765023;-0.001083951337791249;-0.09958099968302327
42.712;-0.38295973553194806;-0.0644988440741563;-0.0019513136207436853;-0.01697810949347281;-0.0024631437781870414;0.03297789413766017
42.793;-0.38363097841903315;-0.06607121748475153;-0.0019875784189142404;-0.016830208081837914;-0.002373672380898558;0.08408108309732805
42.867;-0.3617221151415389;-0.12164375207227146;-0.002081804288696828;-0.01460252802599103;-0.0019087863818864769;-0.09960056719256884
42.954;-0.35037828748728866;-0.1448187882536422;-0.0024506643237767202;-0.014522811231577963;-0.004970376169238317;-0.03434590849073265
43.023;-0.30659933027547964;-0.1960850132440415;-0.0028309668771845406;-0.01427628753912726;-0.004082299140418409;0.12242400552599285
43.106;-0.1845804186523667;-0.2763152885156012;-0.00038205683197661605;0.0012458559930779505;-0.0148700200640399;0.26162204608886747
43.19;-0.09634563234491332;-0.28486046234015044;0.00030149687893117453;0.0002070935711886296;0.022605668324173323;0.07325290788292739
43.272;-0.06906200404684353;-0.2766864547786045;3.817066883402299e-05;-0.0008618825336447514;0.02164885526301941;0.07892493521709866
43.354;-0.025633550006839343;-0.2822399181918569;5.4406442115102755e-05;-0.0010971280918531429;0.022052138717534704;0.16853631463991348
43.354;0.021221399592461186;-0.2808898735363243;-0.0030416357562419245;0.009780670449156321;0.0409246689015891;0.13266507894256252
43.515;0.054631250790076795;-0.26864346828736707;1.311023035691875e-05;-0.001762849258789576;0.02122827107454927;0.008507443108770045
43.592;0.06782570035199756;-0.27217929938250185;-1.6052237710916558e-05;-0.001818583554193304;0.021448043359982696;-0.10615603143940251
43.689;0.0977717577149523;-0.28459248546035715;0.00010138554241461101;-0.0009864661628905846;0.021655830885133117;-0.11029978024671665
43.763;0.11395371238702465;-0.29563006477871817;1.9630788163685982e-05;-0.0011932845745621962;0.02138791270053535;-0.11607670806402004
43.763;0.13786404891462817;-0.30164432706880556;0.0009889709660897774;-0.00756366690065838;0.019234284721907635;-0.0013270991551966927
43.844;0.15150617219294782;-0.3087457760562373;0.0013058435733427224;-0.008418195166307848;0.01955369655854519;-0.10700515506086077
43.928;0.1006257014420201;-0.336649969403952;-0.0003922861349336453;-0.014307475052142542;0.006244419264267445;0.06896140770378752
44.002;0.01727362392089253;-0.324856447517308;-0.00017626015867594838;-0.014315868318095289;0.005650738209744325;0.19916508230077998
44.092;0.005463039757934708;-0.33471679209930333;0.0011791570824684476;-0.014679080306032878;0.01578614134869165;0.08075938442115944
44.175;-0.000654926499687512;-0.349247839314551;0.0014042030497589176;-0.008889777077039465;0.019616906403154995;0.11137382664879052
44.247;-0.006856862728232154;-0.3678187706011792;0.0013724930152655345;-0.008904250995555816;0.020092593122550757;0.03943857745158988
44.335;-0.006280227935547937;-0.3811137411784228;0.0013120949512546447;-0.009080600319119001;0.018860418192482093;0.008799599086723614
44.42;-0.005226904362318645;-0.3842977348028999;0.0013265261599751752;-0.009088233198946789;0.018766471910020625;0.03954065210652673
44.508;-0.051915162875183406;-0.3684182628877436;-0.0010401371515060887;0.011781980005556861;-0.02576292297772367;-0.24505634059173412
44.595;-0.07425876411389727;-0.36428056511914325;-0.000553518744748023;0.00806422899325456;-0.025275166898137514;-0.2450623545537923
44.677;-0.1622827159400499;-0.3422435740917097;-0.0005025741320606048;0.009960368480246933;-0.0265815341432748;0.22423073270890373
44.756;-0.15649591111110503;-0.35808609585387907;-1.046720200086957e-05;0.001669448473039839;-0.0192138722848848;0.3671445279814258
44.847;-0.14524554608824472;-0.36947310225458796;-0.000836091765952519;0.007715315382189373;-0.022242964175303585;0.39383697634636844
44.932;-0.12981011348700205;-0.3704570680435196;0.00012247295006042474;0.003464289284518825;-0.017402972363895087;0.46267108976543875
44.993;-0.12448917298845372;-0.37890356825412447;-0.0008050770369367184;0.00808979703212116;-0.0229157449578921;0.35304027746967115
45.062;-0.11899974898385583;-0.3824945288468395;0.001974991607327765;0.017215360772234983;0.0059367621536425405;0.1343334502743846
45.157;-0.1173966673495453;-0.3808560689604934;0.0019700376468196586;0.015683826860361363;0.0034888044249601533;-0.11574862350627291
45.228;-0.1239256519916169;-0.3738640230637264;0.001907533869292106;0.015745734508328946;0.003013601478579349;-0.31401459916312074
45.31;-0.1321538615991938;-0.37034204935090986;0.0019154886183361647;0.016359080728335487;0.0035155315083836114;-0.34274111966373905
45.384;-0.17222070951545676;-0.34547871652511974;-0.0014787528114386392;0.013892420035908678;-0.02680241657649381;-0.3400235060715367
45.459;-0.16296380296334873;-0.3277268477768238;-0.00044148431662563437;0.0012547603319241255;-0.02032630904894201;0.019273578964525584
45.54;-0.14091108137946695;-0.34759968732338586;-4.874691577202078e-05;0.002211222761069693;-0.02121852621940427;-0.19523710245461093
45.622;-0.14559261728867962;-0.3550606871365158;0.0017802510629366035;0.003416775841094413;-0.009269990057700727;-0.3065639671250301
45.702;-0.1548975612994593;-0.35212890154109355;-0.00046569000171144966;0.0103756366797934;-0.0067446480026925465;-0.457366793610263
45.777;-0.21291058604501809;-0.29853635505147497;-0.00025144711799125443;-0.00320258117853478;-0.009888376927737667;0.10489457148301365
45.856;-0.23176428463891086;-0.2803067038761101;-0.0006986646254442572;0.008796518759154786;-0.029305577541729584;0.1723153330465865
45.936;-0.18279878487087958;-0.3202845371686689;-0.0004385520887044965;0.0004879771239828227;-0.020437776453865193;-0.10586835724937668
46.018;-0.16515693788250915;-0.3215391940040046;0.0001197742512933137;0.002184543145987257;-0.01875488585703152;0.10443795891519378
46.105;-0.19221887525381046;-0.3025003073805493;0.004066048674950551;0.015595057194991444;0.00693204926402106;0.13690082132876857
46.184;-0.21317238825761511;-0.29358339563580527;-0.0005816992523698586;0.008313244861366443;-0.030457715643593616;0.07636510591916412
46.275;-0.23665326098683587;-0.2801987509051412;-0.0006084130671920476;0.008666106804439926;-0.030505805368754496;0.1362618356523576
46.348;-0.2574242090909907;-0.2674503901333899;-0.0029772779895118006;0.000659941592697912;0.01742456292337416;0.20679951786676481
46.435;-0.2284459837017018;-0.29472559783737623;0.0014176185993570146;-0.009732344153056575;0.019414291877245648;-0.07952131588244994
46.519;-0.25119765477290074;-0.27508002940536563;0.002454750168347678;-0.003675825131674533;0.01667601117096853;0.13416134148183356
46.61;-0.26300622618276215;-0.2810437499374843;-0.002364250277109199;-0.013328459353322391;-0.0025117265048463823;0.023812073811694312
46.684;-0.2622154430152303;-0.28129609245033366;0.0006345246796767275;-0.012608641073259033;0.0011054686635548936;-0.06748262625900792
46.767;-0.26445761108013077;-0.2802014314517362;0.0014565627893245894;-0.009323123885942558;0.020802481530227453;-0.11927846953981823
46.857;-0.26581855253224296;-0.2772774147943186;0.001333663219345256;-0.00899430102113;0.02016191332982695;-0.20563947439694905
46.935;-0.2695820895584407;-0.2739593073650984;0.0013213518204673413;-0.008373121367147438;0.021292586569995046;-0.18606503118924736
47.014;-0.2741873781212933;-0.26671687882638645;0.0015222700359268507;-0.007861770806449214;0.01960965158655472;-0.2724571270108578
47.098;-0.28030919260060844;-0.26231675195857634;0.0013057594010854256;-0.008133045569982041;0.020347244708785787;-0.21001162545302363
47.159;-0.28416499215121904;-0.2583500322299561;0.00132612725091957;-0.00777055438696854;0.02043954978900356;-0.2101369704017818
47.25;-0.3011136993035028;-0.2268618720053233;-0.0064880086154506834;-0.007274038215777924;-0.014621106389448314;0.10156366014285063
47.329;-0.30382947209603645;-0.19497400668704226;-0.001615009915423763;0.003310436106549989;0.013665004372816881;0.3012509246413393
47.397;-0.30712819802284574;-0.17749428244905807;-0.0024577005370719947;0.003530238436831616;0.016339125885426204;0.4607182711653962
47.485;-0.2670913415828885;-0.24855070570372803;0.00023928350914009656;0.0010005016898713562;0.03055537242654302;0.17824893219769658
47.571;-0.2638441282515379;-0.26764347302520725;0.001963509375175988;0.015812987462459387;0.002794143863569971;-0.22429398999342004
47.654;-0.28711886025302835;-0.2272690548961939;-0.0015272804919848186;0.004375165739087112;0.022629947872251015;0.038694128978020534
47.74;-0.3077608174936412;-0.2036453852610749;0.0031001186357516096;-0.006311006475334631;0.023309535821356187;-0.008462034424026927
47.824;-0.32244986181609536;-0.19450166798064694;-0.0015835454334916102;-0.01289309126567488;0.021213695141550772;0.08191871240446859
47.904;-0.330388699005005;-0.19798763429880542;-0.0018508985935696731;-0.015512052866911704;-0.0022882705715919767;0.025598908338643665
47.983;-0.29900601480184136;-0.21951654766991993;0.0017762640100397375;0.015729584130749368;0.002641714115176303;-0.22140099055543974
48.067;-0.2998106007948695;-0.21313990775153102;0.0019246280463284106;0.016154358383948075;0.0027274195392764915;-0.22026346953453188
48.145;-0.32177952002581617;-0.1863837837839903;-0.0006678274923379102;-0.0049345197673910084;0.008424723719849848;0.014389050495572363
48.235;-0.3370367069670274;-0.18560209183910797;0.0019863502020043516;0.017298002718951884;0.0026994882202858667;0.033297603659427466
48.316;-0.3380536360108062;-0.18617522063679973;0.0019855575638420865;0.017485911111084905;0.0028998786157836648;0.15066410781157938
48.409;-0.339279727262581;-0.19361570593517433;0.001963671177093456;0.016656839079721174;0.0030888763523870227;0.005895103457119463
48.486;-0.33991005451203293;-0.19041321094457267;0.005647792340831311;0.00038308659025013966;0.010722214506680086;0.07371854871808567
48.569;-0.3389945744117453;-0.19786132420444333;0.0019548305718907165;0.016715193179931014;0.003083063309983346;-0.006447869486405234
48.655;-0.33847045498281664;-0.19793747958729999;0.0019579083819667577;0.016554990048018556;0.0032568721413671455;-0.025298186842218087
48.741;-0.3387478443658397;-0.19646559447984474;0.001961813925345907;0.017039131578677195;0.003268385176746832;-0.015368567074995855
48.825;-0.3388343559577156;-0.1961581928893175;0.001963652883723507;0.016839467635769878;0.0032259309849789297;-0.004627699904457422
48.905;-0.33859713506073813;-0.19411173297553344;0.0019735549357193277;0.01765339200190628;0.003321514604301125;0.057189788616369634
48.988;-0.27413228937320583;-0.2584621723112734;0.0026232733936306144;-0.0016083427582460363;0.019271740785579163;-0.19181610172233463
49.062;-0.2775516516734396;-0.2601581221807092;0.001136246244247316;-0.010106947062404068;0.022280258007371642;-0.08204778846225051
49.145;-0.28063336022008367;-0.26103798116933835;0.0013214962553558464;-0.007514272087368409;0.02132507673307379;-0.12222910662996869
49.233;-0.28509665076767815;-0.25657704177339596;0.0017221681007133145;0.014828105152850993;0.0024805988692784223;0.07653549890200007
49.311;-0.28407950091721096;-0.25825911849663924;0.0019816751535256787;0.017232824745922335;0.0027790937608737176;0.14409139849939576
49.397;-0.2797052891747537;-0.25842940912497014;0.006562036495890107;0.0019467538315673372;0.011163389671009343;0.30314001985034195
49.474;-0.27879994394228436;-0.2678592828237183;-1.4369111091710454e-05;0.0028277317271926585;-0.0189378259320747;0.32552183944362423
49.549;-0.2687771609432785;-0.26767769269303376;0.0015765241182589364;-0.004959922090458727;-0.01816684777794223;0.4277285824419606
49.638;-0.26357335339154925;-0.28620282037279854;-2.2682664588027836e-05;0.003934822733574041;-0.0186778978635229;0.32801425817849006
49.714;-0.25816930879170663;-0.29322975828358444;-2.8678255613138483e-05;0.004327571111751209;-0.018581026065417967;0.3294364333325497
49.789;-0.24996738397890325;-0.3004705156133581;-0.0013274801441300048;0.010652877763419392;-0.017448410968959504;0.15636643468589306
49.862;-0.2421726101690506;-0.3034319218268164;0.0018713619280787599;0.014762994301802865;0.0018325612224295803;0.03471546316778415
49.943;-0.242422726303486;-0.3025369179961878;0.001951358674492342;0.016468866084669333;0.0054144242822133995;-0.037634863313925244
50.023;-0.2430585017004722;-0.3013296028803541;0.0019610699997437827;0.016528513271912428;0.00538849885985593;-0.006460221850859826
50.105;-0.24314707512059885;-0.3008971438931984;0.0019582721655151867;0.01658505101305236;0.005411315744348124;0.024491578332572837
50.105;-0.241101491853597;-0.29872030042818054;0.0019803238454635603;0.017116897647703938;0.005692399183832222;0.17959056206195462
50.185;-0.20172420166152813;-0.3213376111886421;-0.0004265859631842131;0.0032516353118221385;-0.02156554521958608;0.012789030729758443
50.276;-0.2162726070703746;-0.3066079220177304;-0.0006255131114130582;0.013956026273636478;-0.027210534060431196;0.09009152290199263
50.355;-0.2234180667130325;-0.30241369421626546;-0.0006117107886128717;0.014488815263657508;-0.026859630729948274;0.14423497554117065
50.423;-0.22703326487966063;-0.3001556974670716;0.0019038339014263213;0.017011198998811945;0.006370231372944896;0.36442757200920745
50.521;-0.16206056259132917;-0.3332039145947025;-0.00029667919461678877;-0.013129498352216594;0.03235663329722927;0.29613511991055236
50.593;-0.08758826193196605;-0.37195178827113007;-0.00022303899779373913;0.004908800172044086;-0.02027545153721436;-0.26247858975714944
50.686;-0.12615168551786632;-0.35084874846493175;-0.0013901761885706076;-0.0013971356587488184;-0.020806089936678977;0.034778258725108216
50.766;-0.11933043228107963;-0.34365205175338154;-0.0004835931793117197;0.004320622584619207;-0.020713649898929706;-0.037523528895239716
50.842;-0.08917791227703542;-0.35822729460958525;-0.00018898151617092725;0.0047816726051314535;-0.021128020990197813;-0.24592247922306074
50.93;-0.09874623022201313;-0.36946727382197847;0.008975924819735992;-0.0038473793661106207;0.005583817152474564;-0.40884729794785757
51.009;-0.10979791682297574;-0.3680520681455671;-0.00033627486922766154;0.0016077386957201367;-0.017056057025090443;-0.4367617347301502
51.092;-0.12171939933944684;-0.36887375893294777;-0.001277787424400611;0.01118053595976564;-0.02020745265412254;-0.39026567118524785
51.169;-0.13490919667368464;-0.3719446663299372;-0.0013286248017480322;0.01060378093404703;-0.01950947801199517;-0.20265748520725682
51.253;-0.1402852093895147;-0.3708606629852236;-0.0013121666518405618;0.010027203597463334;-0.01952814848162025;-0.20327101850054538
51.336;-0.14355020018566605;-0.37138893791572664;-0.0015038336692187195;0.009076374297314406;-0.017860510946615914;-0.017885869387539263
51.409;-0.1460595994963841;-0.369999369949084;-0.0013280679069962043;0.009590007917924925;-0.01960547522316709;-0.13905974458810053
51.497;-0.147911603039228;-0.3701591344423419;-0.0015036399324923509;0.00889278298593769;-0.01784385340912015;0.010574572532400432
51.573;-0.147765297536855;-0.3707559151808137;-0.0013156534329311744;0.009177086709667411;-0.019595816506810436;-0.01150287350755037
51.656;-0.14867816828248895;-0.370731179240686;-0.0013276472872434642;0.00962227014340338;-0.019076833260495606;-0.021973991034356866
51.737;-0.14047241686343626;-0.37177053952366246;-1.7208238224077185e-05;0.0026355585867449457;-0.019118136330395403;0.3056788362951427
51.83;-0.13149974652271737;-0.374872920312078;-3.761893557043501e-05;0.00293790107533989;-0.01899825846657561;0.4045606261669718
51.914;-0.1245838716632549;-0.37995630329159136;0.0010997475575445829;-0.010079024621446525;0.026845258108086183;0.3152612400073577
51.996;-0.1160521882409615;-0.3812735962357131;0.0013663167503432637;-0.010931290634591502;0.017249769213876068;0.2593261320110779
52.065;-0.10002644530023005;-0.38399922445893137;6.750654944025789e-05;-0.004314695570159416;0.019355669578180287;0.4177998277314208
52.157;-0.08994263532712898;-0.3866343632281251;0.00012488637466443432;-0.004667011046554052;0.019429767369404105;0.4705389996970105
52.228;-0.07916070383028478;-0.3919366602660215;0.0001118761733644089;-0.005319444991766343;0.019219811484419338;0.42212452370115816
52.292;-0.06989612442071363;-0.39364859021649684;0.0014967819396756535;-0.013128717760682756;0.01550832832215839;0.31210990877368305
52.383;-0.06395128946289767;-0.3953053521225315;-0.0019407751685917153;-0.015620197594305963;-0.0075694514010293075;-0.009377401770969514
52.463;-0.06453772855005106;-0.3949736100870741;-0.0019478853172182446;-0.01584025952496388;-0.007609727250204983;-0.03794359507514957
52.543;-0.0660120148995814;-0.3946626081621174;-0.0019550641586295095;-0.015917034181837507;-0.007590172032073885;-0.0378243779964757
52.624;-0.0666958777486242;-0.39454704126950835;-0.0019409470215846565;-0.015917299347203227;-0.00818378147612759;-0.01883519599176024
52.715;-0.06719652692164475;-0.39449364114448976;-0.001956975289960348;-0.015965896651477886;-0.00764574246588063;-0.008383736792714746
52.786;-0.06870364241290688;-0.3927668875486739;-0.002014768810271862;-0.016016284070513653;-0.004380627936106311;-0.10163561430449418
52.857;-0.07191405787690604;-0.39276235226923745;-0.0019446447038252578;-0.015934785159271683;-0.007115540916131589;-0.09732461269367182
52.939;-0.07452198846240023;-0.3924881004187291;-0.0019486532356045418;-0.015999862798010595;-0.007016131690105873;-0.09748143241001049
53.026;-0.07901171441764133;-0.3907495082416052;-0.0019331389958818599;-0.015918822651857824;-0.006445966945659135;-0.157148643790163
53.106;-0.08161416573584843;-0.39067161809879963;0.00036571732534015016;-0.0027447318271849952;0.015366285721874167;-0.10252169326903003
53.187;-0.08640656728180533;-0.3887606216130593;1.2441333187547348e-05;-0.005618314533842388;0.019614546876347918;-0.08707045293936053
53.279;-0.08553271140776196;-0.3888440964458289;-7.792557735167538e-05;-0.005472284477577072;0.01905322612253931;-0.0008291327532796548
53.356;-0.08950021588335169;-0.3892127073315238;2.98384675238509e-05;-0.005351930146896359;0.019611945390833406;0.004468258776737374
53.444;-0.08950573877648246;-0.38971108101464697;3.137275875549718e-05;-0.005351155478029281;0.019610652965372972;0.004617555425121286
53.523;-0.09084312974616668;-0.38932944585438917;6.225079296333271e-05;-0.005348146603516568;0.019827491782877283;-0.023706072800243727
53.602;-0.09025045686722233;-0.3891404746269154;2.5608058273487316e-05;-0.0053505883184451035;0.019638606039215887;-0.025559626030200983
53.691;-0.09086622667751448;-0.38921846550073635;3.622032064546686e-05;-0.0052709284617861825;0.019665982433155867;0.004988659867825793
53.77;-0.09054227903221077;-0.3889838348993082;0.0010648512336605906;-0.01472069150842342;0.02206488741584239;-0.05172433836563439
53.853;-0.09285310015769227;-0.3886166266983463;4.557045293611137e-05;-0.005154361236723505;0.019744203140073163;0.005812999986612236
53.938;-0.09255119088051908;-0.388974484755743;3.1361368209149355e-05;-0.005197625664987597;0.019651991541493257;0.004628867594191391
54.014;-0.09249037193107318;-0.3890865450949909;3.151695577692141e-05;-0.005200694430646877;0.01964985364349029;0.004619499725567022
54.102;-0.09241573633672612;-0.3891373640066751;3.157773346167085e-05;-0.005204485241970673;0.019648441803345955;0.004620276960430003
54.191;-0.09229543570155944;-0.3891795375653858;3.160279798348315e-05;-0.005210568026794405;0.019646662689671905;0.004620612149109844
54.263;-0.09217259655920522;-0.3892113410787547;3.160759464581906e-05;-0.005216767414895959;0.01964499678812907;0.004620674326837694
54.351;-0.09209038545255703;-0.389231240484493;3.160796439023722e-05;-0.0052209246492855785;0.0196439056071562;0.00462068209385522
54.431;-0.09200810378493289;-0.38925084923809816;3.160853179243287e-05;-0.005225074769967026;0.01964280410375449;0.004620681750136999
54.516;-0.09188463644448609;-0.38928007719634383;3.160775432543798e-05;-0.005231304608152177;0.019641156080158442;0.004620677638779033
54.6;-0.09180231281371584;-0.3892995116165471;3.160793159570868e-05;-0.005235459016804612;0.019640062319235638;0.004620674591964884
54.667;-0.09171998364010879;-0.38931892240711113;3.160731481211961e-05;-0.005239612316888732;0.019638953105615427;0.004620670144164352
54.748;-0.09159648157807825;-0.38934800243091683;3.1605599276323586e-05;-0.005245847298201096;0.019637307526398074;0.0046206653274067574
54.843;-0.0914729703891815;-0.3893770421378121;3.1606199120308426e-05;-0.0052520752986206605;0.019635654663304497;0.004620659698768362
54.938;-0.09139062454130363;-0.3893963800307763;3.1605968382971095e-05;-0.0052562314686003045;0.01963455308643921;0.0046206560986661515
55.015;-0.0912670984013338;-0.3894253540879523;3.160531228005314e-05;-0.005262459523095325;0.019632896303769742;0.004620650585999939
55.114;-0.09258405377451429;-0.38896077409451923;6.234030773037574e-05;-0.005259367367171452;0.01985050637472976;-0.023709755681716637
55.187;-0.09232156397000996;-0.3885992544967208;2.5304748342933357e-05;-0.0052460164929879535;0.019665693596311977;-0.025608452623322505
55.277;-0.09259795086340654;-0.3888128563742487;3.623064468991546e-05;-0.005183308957508258;0.019689040539602326;0.004988512539184222
55.353;-0.09247652592494983;-0.3890385819710039;3.143231215970799e-05;-0.0052013716878812795;0.0196503622977489;0.004621960214065315
55.431;-0.09216865460460741;-0.3886883597900336;0.0010651176493715764;-0.01462976504309796;0.022125395762606526;-0.0517507442138167
55.523;-0.09368903895726441;-0.3881280078355184;0.0013222059693055552;-0.012200552283607056;0.017615186354505378;-0.07924638445242067
55.611;-0.0952657237036406;-0.3878081437870169;-5.926217196325237e-05;-0.004989089108619789;0.018308282553063184;-0.030603803883305778
55.693;-0.09821776245376848;-0.3870784633932789;2.473563006782326e-05;-0.0049470062179685316;0.019740009896073767;-0.025696742065437386
55.777;-0.10112138224385793;-0.3851470285870636;0.0013165086479472853;-0.011877297442533722;0.018074647915554545;-0.13962588217841337
55.867;-0.1035430027221704;-0.3848630595294924;-6.954366180926796e-05;-0.004650336025636886;0.01840057324966629;-0.09230354855616506
55.949;-0.10900645805827631;-0.3826745402222864;1.2430216773665656e-05;-0.004459243843766514;0.019916336705979566;-0.08682683454769324
55.949;-0.11008661264241856;-0.3834478481714954;4.5575467937514295e-05;-0.004257287996429872;0.019981654886398293;0.00571911837892328
56.114;-0.10994308671701179;-0.3842026101289392;3.1016368253782505e-05;-0.004308064375156225;0.01986651629964986;0.0046237957856169395
56.198;-0.10816249928368864;-0.3842202067258454;-7.714428580224818e-05;-0.004310911982445278;0.018445936264695224;-0.003257724279811093
56.274;-0.11174426124165085;-0.38377709224131057;3.0499877274166526e-05;-0.004216295887432994;0.01987970505621584;0.00447303010703767
56.357;-0.11169892450752254;-0.3840094578616454;3.156147362075147e-05;-0.004218332217397321;0.01988151887058344;0.004620434178587515
56.446;-0.1116274600983837;-0.38406588331616104;3.162672391926244e-05;-0.004222167273731063;0.019880273207007918;0.004621289085175169
56.537;-0.1118984414371132;-0.3836041611500831;2.045897540314977e-05;-0.004256346564457004;0.019867169594119452;-0.0260112828068802
56.621;-0.1098526129278221;-0.3840158365808865;-3.3358220392223665e-05;-0.004252852837199037;0.01949846798620105;0.03125940873204617
56.711;-0.11164576158034771;-0.38414281875508177;2.6688948206788694e-05;-0.004234903212132015;0.019845844472073746;0.004262838178547992
56.79;-0.1116345935841725;-0.384104010843794;3.169033237756277e-05;-0.0042219337701267165;0.01987978874313517;0.004618613063182514
56.874;-0.10927977810882444;-0.38493668064814285;2.7671718879554192e-05;-0.004200306157478523;0.019715582797239933;0.0927720821838657
56.957;-0.1069980815522152;-0.3862175479458815;7.00082091420444e-05;-0.0042490872831971276;0.019811643173337327;0.15157841778870096
57.04;-0.10226055022113267;-0.3876412145138991;0.0014629975248395808;-0.012089962354160114;0.017397519742326777;0.037644125422744035
57.118;-0.10128941697989981;-0.38718891401267536;0.0013479925268820325;-0.01187972887274556;0.01821118808391385;0.019727232091258873
57.189;-0.10082755717879156;-0.3870170552875761;0.0013310923939755432;-0.011934348573081264;0.01760802725124039;0.009410273677226862
57.273;-0.10057535101860482;-0.38695268557470325;0.0013313981286852891;-0.011944756003028986;0.017606155980263945;0.009451978994825482
57.357;-0.10003608338197154;-0.3869508303103971;0.0013157043644018438;-0.011983009842829202;0.016918319433631167;0.028259258742666705
57.436;-0.09646670173777615;-0.38781570509569663;5.957336268315992e-06;-0.004790745863435385;0.019379730628612934;0.14324144896226423
57.515;-0.09457873063409639;-0.3893709471561075;0.001143857682679458;-0.014142007964923105;0.022138986589859973;0.1288137277297684
57.609;-0.08985223147098786;-0.38954505293930497;0.0013375585068731103;-0.012359684013001193;0.017012008268055597;0.09540893725175507
57.691;-0.08728631674780518;-0.38983123685645743;0.0013401421150091761;-0.012466022840238702;0.01692621107889008;0.09533820852838958
57.77;-0.08349709706923643;-0.3904939103550786;0.0013393989623175584;-0.012628962272760214;0.016808137651400924;0.09530347065107499
57.858;-0.08136304258532337;-0.3910834576267974;0.001368839074289811;-0.012756875602184184;0.01805931668641604;0.05833398470961667
57.939;-0.07761260717694488;-0.3918203636636756;-3.7870450900149156e-05;-0.005711151832361453;0.01810741531282878;0.08607056047803938
58.032;-0.07556968510836146;-0.39242269885490827;-0.0020266398011702853;0.008312912744986384;-0.017543260453040024;0.08450407226775132
58.116;-0.07395781875240565;-0.3927262994583922;-0.0013323319880848086;0.013057547412207757;-0.0166454674881208;0.03634832660639463
58.204;-0.07295404140733419;-0.39288518359273444;-0.0013337909529060608;0.013135222559932207;-0.016629768868454887;0.036336965139468484
58.204;-0.07145287402624373;-0.39314484693082086;-0.0013337628822615022;0.01319765872033636;-0.016579107331195976;0.03633722951289364
58.291;-0.07045278487746098;-0.3933215377733177;-0.0013337480928714658;0.013239783529936114;-0.01654553932263777;0.03633792734642565
58.457;-0.06895239680257162;-0.3935852321356256;-0.0013337412481410548;0.013302814272516424;-0.016494941315948444;0.036339275210943024
58.457;-0.0674512133520665;-0.39384465701201954;-0.0013337398856937302;0.013365648895280543;-0.01644407613796989;0.03634076612574081
58.549;-0.0664498914221748;-0.3940146945164802;-0.0013337395987097116;0.013407428503559329;-0.016410020083990576;0.036341795523025695
58.634;-0.06544812618021477;-0.3941822695299179;-0.0013337401989830452;0.013449124170747798;-0.01637586539766102;0.03634284142210827
58.719;-0.0638620422468343;-0.395170217558846;-5.363528991977898e-05;0.006496918238198616;-0.019214584285352665;0.09108444450032654
58.818;-0.060206226025653876;-0.39665598883760556;-5.010132171807895e-05;0.006688203138807192;-0.01911140741828511;0.09085799514217228
58.903;-0.05773916642494108;-0.39717234808837854;-5.0393661783906595e-05;0.006805795628752596;-0.0190677682860905;0.0908994581998843
58.991;-0.054007180727466075;-0.3977593485463636;-5.049289479529858e-05;0.006984082670432552;-0.019002205767840796;0.09091578622947118
59.074;-0.0510875691609132;-0.3979819452622662;-0.0016258010702532915;0.010357036841827502;-0.014593727038604782;0.05309337588454685
59.161;-0.046652540381816265;-0.39745746783885644;2.6499117172116443e-05;0.007449106327421671;-0.017837174225904577;0.13715010819279308
59.244;-0.04493224520066298;-0.39875741716370056;-6.246275145183801e-05;0.0073367355776790735;-0.018829203094444108;0.1487383258471693
59.329;-0.042088629167541476;-0.39805888396206207;-0.0013534484010485467;0.014487593049223693;-0.015579066375600501;0.007214866765073619
59.421;-0.0288744325605936;-0.3799495145513885;-3.924549311452725e-05;0.007189866036776346;-0.016924410321918167;0.015469215765774742
59.493;-0.041307684762471444;-0.3632112456416195;-0.002037892037057891;0.01744031586853001;-0.03203416666286534;-0.009626766251396981
59.579;-0.03829694927761017;-0.3584109027937325;-3.492999026232787e-05;0.0076288816947450875;-0.01879855958730507;0.0016198552645836908
59.642;-0.03796712728221687;-0.35632662476939764;-3.2410769799433124e-05;0.007657851309972349;-0.018822485501887205;0.0016182979135192436
59.737;-0.03834234287776898;-0.3229273278900887;0.00020860953606912811;0.009180128246181992;-0.027439971842158774;-0.08072516767851144
59.825;-0.03686842838482413;-0.31743892721365374;-0.001310120842509258;0.014793926901335496;-0.01615539513243947;0.007625924952066904
59.918;-0.036266121667913535;-0.3145643871355389;-0.0013361289757750903;0.014276613433978222;-0.015758089799720463;0.0073979841090345425
60.0;-0.0360066938071141;-0.31390686364423004;-0.0013330623146686046;0.014283400080200721;-0.015760065242403403;0.007398865906244041
60.088;-0.0350414342135245;-0.30785758382456;-0.0014255751625841142;0.014539763372733437;-0.015550917554487865;0.007406518157493539
60.177;-0.01949965513221211;-0.2868106314021723;-0.000664558811632522;-0.006030250215556008;-0.01442338176461674;-0.09975379082512821
60.249;-0.014321349307141264;-0.27541305023351553;-1.9170923631837972e-05;0.007337865060970072;-0.018714996448205446;-0.15082412944262022
60.34;-0.05661232691842514;-0.2680425166781839;-1.2870607755413762e-05;0.007364755414843607;-0.01930909683433432;0.023388055251403642
60.34;-0.056099574310225254;-0.26878704472900355;-3.50445245848358e-05;0.007265100976809659;-0.01903365568409033;0.022505771512785815
60.504;-0.031108299082558726;-0.2627554044397957;-0.0001797444468983722;0.006445310900095142;-0.016089389008039898;0.046494985357679416
60.588;-0.029566508515970397;-0.24414854571697267;-0.0013319141112044049;0.013791492376678767;-0.016081426360382862;0.01376533511744983
60.674;-0.028449437664029374;-0.23342088420084262;-0.0013559683273877778;0.014179906620871935;-0.016002230171794092;-0.04504024678020715
60.763;-0.05041608335040447;-0.2271965702453043;-2.836955975198249e-05;0.007339444211399485;-0.01939404582835365;0.05676359546830946
60.85;-0.028383320428562092;-0.23036415555517772;-0.0002467254796839019;0.006607621651767749;-0.01787083492068276;0.011401641864463604
60.935;-0.02625061148302261;-0.22255551751355412;-4.100223710781759e-05;0.007178540021813035;-0.01825190481232482;0.0024930439700209155
61.018;-0.023633842886456757;-0.1954458463924286;-4.566115218239964e-05;0.007317504809350506;-0.018853250682924958;0.0019261425728019771
61.095;-0.02323003335364663;-0.192355933079157;-3.962969479269157e-05;0.007364618282885055;-0.018881148551855007;0.0017827754535065285
61.175;-0.04590002807303622;-0.1838758543354813;-0.0019531003563984114;0.017452310486952845;-0.03125718144694943;0.006677766554369531
61.262;-0.04297819448658842;-0.18606961184041504;-3.5926148647890175e-05;0.0075355184093606935;-0.018892328267242242;0.044308229169117926
61.342;-0.04247255763614235;-0.18651108056566615;-3.681709711626674e-05;0.007588814809550363;-0.018868504279287664;0.0444135832335601
61.434;-0.04162872886805281;-0.18683737072165546;-3.7136508788341216e-05;0.007674930910936914;-0.018832166808856254;0.04445261393705356
61.522;-0.040759126028135875;-0.1870564439228877;-3.7192236909379286e-05;0.007762630793259618;-0.018795943220976406;0.04446015857807096
61.613;-0.017731752392224305;-0.17985839729374914;-0.000250847207594145;0.006656942970379573;-0.01676903087559787;0.02914246754782908
61.693;-0.015426584058059002;-0.15312373629078097;-4.3901813317709864e-05;0.007719425217734308;-0.018704261429609032;0.0018662918252461496
61.783;-0.014949945336096138;-0.148792272853466;-3.5439418856520307e-05;0.007787283693393987;-0.018742044972045627;0.001684015754452261
61.873;-0.037698618790088866;-0.14195483066224973;-0.0019618335214014702;0.01814024927225651;-0.031076265455016454;0.002336448455507277
61.949;-0.035708805339708674;-0.14416882111953822;-4.6464109939332914e-05;0.007878486755426933;-0.018974222695371;0.03584564996659989
62.039;-0.035031116139580626;-0.14515668212659585;-3.5556327356503676e-05;0.007982827991649954;-0.018755126574565833;0.03529727961706805
62.12;-0.03469929914387279;-0.14537245933553034;-3.5892728254000765e-05;0.008027551933911525;-0.018734654872630718;0.035337922511544786
62.196;-0.03434585186897984;-0.1455032223835362;-3.6005668554914315e-05;0.008073699745727103;-0.01871434775034525;0.03535147133070772
62.281;-0.03380327797023222;-0.1456498491791983;-3.604700847052047e-05;0.00814367039351065;-0.01868386375410301;0.035356968589362
62.369;-0.0121400797802707;-0.14629541803680574;-2.237285877140148e-05;0.008163825255819157;-0.018431737289934715;-0.03457520280763964
62.45;-0.012988492886122454;-0.14595283093137756;-2.73341471858417e-05;0.00808518037363506;-0.01870108377685538;-0.03199154798375106
62.536;0.0133353207248415;-0.12377003102812373;-0.002011385567377017;0.01722221651064351;-0.014613299713461102;-0.07227836635580422
62.625;-0.010407541933164191;-0.10852964066386084;-3.996692875625759e-05;0.007878545961850324;-0.018694988349366864;0.0017858791431961097
62.716;-0.01011607297207054;-0.10601769204849991;-3.35589265718255e-05;0.007921964547341145;-0.01869942822253364;0.0016408793435589884
62.798;-0.009983333552942432;-0.10498505513832587;-3.1537943687567536e-05;0.007943216223481719;-0.018706025548606023;0.001593207411124468
62.887;-0.009945180008363768;-0.10481874000037839;-3.1210445700705775e-05;0.007949642745063384;-0.018705852597987637;0.0015856647405685586
62.973;-0.030212465367701682;-0.10184162851409041;-9.226829362735724e-06;0.008169753354045694;-0.018429828933703915;0.04511477394464632
63.06;-0.030723599340527243;-0.10300493013672463;-3.3377653932738135e-05;0.00812268754346876;-0.018696283322703528;0.04163501238228301
63.147;-0.030417747184929924;-0.10358669232758161;-3.532373504274255e-05;0.008194109070821399;-0.018670234975437256;0.04195106376112507
63.235;-0.009115325872648412;-0.10469770498670987;-4.9213058532442176e-05;0.008109341298740958;-0.018708647753322746;-0.02371383080998843
63.325;-0.009097464854910588;-0.10430296180182687;-2.882536703020897e-05;0.008133503552517764;-0.018665740650517612;-0.022359146501211177
63.411;-0.009312039646883692;-0.10420622516098962;-2.869706555535379e-05;0.008094980854444597;-0.018683827158839206;-0.022342654600914384
63.5;-0.009546185404375527;-0.10376410486626199;-2.6356361127670468e-05;0.008076374101607962;-0.01871218466677047;-0.038816655892808714
63.584;-0.009249774746754022;-0.10443905759642318;-1.691100398675449e-05;0.008054798659806685;-0.01851828680385806;0.0010748374322907478
63.672;-0.009588836259001096;-0.10464630172003014;-3.076367430658136e-05;0.008012785578947676;-0.018681191488852538;0.0015648393776094044
63.76;-0.009565855818979502;-0.10474350438827477;-3.0988474957951246e-05;0.008017124393276143;-0.018678652180374268;0.0015807453334602045
63.852;-0.009534518726603247;-0.10476513337216929;-3.102366089834623e-05;0.008022743480698142;-0.018675949382448653;0.0015815716508449744
63.931;-0.008824955644797686;-0.0953441158000217;-8.035933342898785e-05;0.007577321876980607;-0.018263236930780632;0.0037631136349015036
64.028;-0.006478147287675918;-0.06924399013628561;-4.344067736424974e-05;0.007939220236351897;-0.0186139236918794;0.0018663018592548401
64.112;-0.006078856578472121;-0.06500179615235996;-3.520134477182684e-05;0.008006054571846128;-0.01864967262364655;0.001676749596293883
64.203;-0.005900567121933193;-0.06325660122809666;-3.1809855165791363e-05;0.008037844723691465;-0.018662561253004632;0.001598788320281338
64.289;-0.005861680049776862;-0.06297378753856776;-3.125758834666257e-05;0.008045979405653127;-0.018663368180507303;0.0015861157665980176
64.371;-0.0007548510850920516;2.9858087656588406e-05;-0.0018298299361360275;0.011074485999973564;-0.008466527561578731;-0.01464575366985554
64.461;-0.0001655994836871181;0.0006073270606649207;-0.0013193727244912286;0.01431512631204763;-0.015432098339733469;-0.007882487982047078
64.543;5.156707865305246e-05;0.0005857144346710112;-0.0013231629662610075;0.014290515330978101;-0.015490591462992755;-0.007941765723577207
64.633;0.00010274942603220822;0.0005813064754725892;-0.0013230490937541205;0.014284240236208365;-0.015496335198563069;-0.007944156872937485
64.721;0.0001317832679003978;0.000578749923546559;-0.0013229870658481053;0.014274208485073533;-0.01550558491010817;-0.007945449477731088
64.785;0.00013873591749690437;0.0005781052795276311;-0.0013229732572126907;0.014267363900761124;-0.015511863620970413;-0.00794571318200091
64.871;0.00014196674334927297;0.0005777807834246745;-0.0013229667699893608;0.014260474450214888;-0.01551818511296801;-0.007945798434755328
64.954;0.0001440248049994736;0.000577534980158432;-0.0013229630191250986;0.014250095383023617;-0.015527675975581853;-0.007945791037375553
65.043;0.00014467244232107805;0.0005774340104394557;-0.0013229623245625374;0.014243173820769669;-0.015534006656788096;-0.007945751347645042
65.127;0.0001452772426159418;0.0005773144792223787;-0.0013229618102637017;0.01423276976746394;-0.015543506541441801;-0.007945674800466226
65.215;0.00014558515885430625;0.0005772430579840814;-0.0013229614096129717;0.014225823305291919;-0.015549834367747123;-0.00794561908730899
65.31;0.00014599876244578258;0.0005771399582549721;-0.0013229616938531658;0.014215408024059215;-0.01555932642232872;-0.007945533821245203
65.394;0.00014639193599705173;0.0005770385142858344;-0.0013229610457943857;0.014204991132898527;-0.015568805094635776;-0.007945447277453156
65.482;0.0001466502905095904;0.0005769709808497818;-0.0013229610192097797;0.014198033980352584;-0.015575120734724548;-0.007945389513994679
65.569;0.00014703588890918197;0.0005768696947852747;-0.001322961754901934;0.014187596832648757;-0.015584596777764923;-0.007945303631291947
65.651;0.00014729241505161638;0.000576802088842866;-0.0013229615618653612;0.014180641207339997;-0.015590896782429225;-0.007945245376005673
65.731;0.00014767690568489355;0.0005767004726930963;-0.0013229613526299648;0.014170197625361867;-0.015600356585376146;-0.00794515943976565
65.823;0.00014793313129722173;0.0005766326389480263;-0.0013229607154352954;0.01416323110754441;-0.015606657790900947;-0.007945102157128061
65.914;0.0001483173568329167;0.0005765306041464728;-0.001322961407610141;0.014152778993657895;-0.01561610405072869;-0.007945016370935544
65.998;0.00014857344445705684;0.0005764623938800288;-0.0013229617671157744;0.014145804584990679;-0.015622394021821414;-0.007944958983156858
66.092;0.00014895752670873716;0.0005763599871305455;-0.0013229617461963466;0.0141353402101826;-0.015631828801844397;-0.007944873565812124
66.171;0.0001492135391886544;0.0005762915843549889;-0.0013229609403770377;0.014128357606399734;-0.015638113665067142;-0.007944816659656462
66.26;0.00014959749048814179;0.0005761887554668996;-0.001322961014253064;0.014117882404560494;-0.015647539610106766;-0.007944731812642575
66.345;0.0001499813489831392;0.000576085622701841;-0.0013229610053009818;0.014107402240101765;-0.015656948316465916;-0.00794464632106897
66.437;0.0001502372284293902;0.0005760167998867271;-0.0013229605111159783;0.014100414218853672;-0.015663227457961393;-0.007944590332144648
66.518;0.00015049305110744686;0.0005759477820626218;-0.0013229601684496416;0.014093417376745734;-0.015669491426564083;-0.007944533414528122
66.613;0.00015087672434247598;0.0005758440579215247;-0.0013229608729763771;0.014082920197582829;-0.01567889052324808;-0.007944448921973518
66.704;0.00015126030911788768;0.0005757400477210521;-0.0013229612677733691;0.014072420298737955;-0.015688274654147547;-0.007944363985849858
66.786;0.0001515159980050746;0.000575670602684914;-0.0013229610121979324;0.014065414676733695;-0.015694531545316543;-0.007944307874522645
66.878;0.00015189947911706857;0.000575566315159978;-0.0013229605231880616;0.014054899489966487;-0.01570391708730678;-0.007944224380650296
66.963;0.00015215507286447342;0.0005754965598434913;-0.0013229607943415034;0.014047887970319084;-0.015710169147579552;-0.007944168714748073
67.046;0.00015253841491051152;0.000575391848499332;-0.001322959960908705;0.014037360203883516;-0.015719534398887375;-0.007944084852707966
67.14;0.00015292165547005067;0.0005752867789244332;-0.0013229598054119757;0.014026836467716975;-0.015728889773925697;-0.007944000925758017
67.23;0.00015317710917183883;0.000575216575625296;-0.0013229604256686342;0.014019812874137784;-0.015735127343839406;-0.007943945450066124
67.315;0.0001534325276605181;0.0005751462844000611;-0.0013229602459550235;0.014012787501232941;-0.015741360205314425;-0.007943889947106857
67.39;0.00015381559986104494;0.0005750407218456225;-0.0013229600230439;0.014002248796250887;-0.015750705191483423;-0.007943806993795492
67.484;0.00015419856315417748;0.0005749347424070911;-0.0013229604453135555;0.013991694087556497;-0.01576003790606865;-0.007943723767588647
67.568;0.00015445384425510705;0.0005748640817339842;-0.001322959908391677;0.013984660002116435;-0.015766256124210863;-0.00794366845040993
67.658;0.00015483668803071413;0.0005747577544528185;-0.0013229603772336007;0.013974103243915847;-0.015775581287525067;-0.007943585912804862
67.738;0.00015509187103185615;0.000574686748173299;-0.0013229598999356794;0.013967057499446605;-0.015781795489765646;-0.007943531114906591
67.831;0.00015547459424040554;0.0005745800817760151;-0.0013229590354499586;0.013956489098041543;-0.015791108512647506;-0.007943448912630878
67.925;0.00015585721987491775;0.0005744731011028516;-0.0013229594412276337;0.013945912804747239;-0.015800417027491954;-0.007943367066080658
68.001;0.00015611224771181438;0.0005744015841457795;-0.0013229597658590978;0.013938860812531128;-0.015806611060319047;-0.007943311971517876
68.082;0.00015636724816901987;0.0005743300224227864;-0.0013229593602525876;0.013931802788889376;-0.015812805558133525;-0.0079432572748903
68.168;0.00015674968024109576;0.0005742224479912962;-0.001322959919033306;0.013921203181465537;-0.015822096201418483;-0.007943175762777636
68.249;0.0001570045869044336;0.0005741506002302373;-0.001322959138604059;0.013914143910866974;-0.015828277471110277;-0.007943120848246431
68.342;0.0001573868856299569;0.0005740425847996014;-0.00132295966066759;0.013903546453007834;-0.01583755803589744;-0.007943039802850453
68.426;0.00015764171989939474;0.0005739705207443448;-0.001322959154040254;0.013896473202118355;-0.015843743870787314;-0.007942986133656668
68.517;0.00015802386055299873;0.0005738620779893554;-0.0013229592334432;0.013885863207528947;-0.015852995664076337;-0.007942904003887133
68.602;0.00015827859364164285;0.000573789665587477;-0.0013229595527075103;0.013878781399346393;-0.015859177413679645;-0.007942850829292664
68.602;0.00015866061974308804;0.0005736808547745866;-0.0013229593971817938;0.01386816587031583;-0.015868428828434058;-0.007942769986018599
68.754;0.00015891525284921862;0.0005736081619086785;-0.001322959460441826;0.013861081268459549;-0.0158745939702;-0.007942716303008116
68.848;0.00015916984397666662;0.0005735353631056328;-0.001322959248372448;0.01385399108864656;-0.015880750640931925;-0.007942662270705088
68.848;0.00015955168495122304;0.0005734260079543134;-0.0013229586311502397;0.01384335475540459;-0.015889989792128384;-0.007942582235914358
68.927;0.0001598061831146098;0.0005733528795505796;-0.0013229582401029921;0.013836264458877123;-0.015896136885114095;-0.00794252828598942
69.019;0.00016018784938511303;0.0005732429455553561;-0.0013229596727617641;0.01382561708766041;-0.015905356983767938;-0.007942447902777358
69.101;0.0001604422827574236;0.0005731696641383952;-0.0013229588432610946;0.013818516228641805;-0.015911510349441414;-0.007942395351247973
69.181;0.000160823839940675;0.0005730594527997169;-0.001322958720903652;0.013807859718975956;-0.015920725410401883;-0.007942315896490044
69.266;0.00016107815661511835;0.0005729858454572036;-0.0013229579424266639;0.013800753865971719;-0.015926855296733013;-0.00794226225124813
69.346;0.0001614595629564507;0.0005728751394663038;-0.0013229586039974583;0.013790086609221267;-0.015936057989818498;-0.007942183044024564
69.432;0.00016171378758411814;0.0005728012187162974;-0.00132295823370568;0.013782969459461843;-0.015942183769967668;-0.007942129917696654
69.515;0.00016209504860420441;0.0005726901137905722;-0.0013229583575507207;0.013772294887525804;-0.01595136961306512;-0.007942050612276964
69.604;0.00016234918284583775;0.0005726159357463198;-0.0013229577764061668;0.013765177618385221;-0.015957487461298686;-0.007941997691519636
69.691;0.00016260328561892864;0.0005725416494030307;-0.0013229580719626172;0.013758057034107356;-0.01596361068125642;-0.00794194554331336
69.769;0.0001629843575016176;0.0005724299892254947;-0.0013229576908901442;0.01374736086296466;-0.01597278067529411;-0.007941866758532961
69.849;0.00016323836029480027;0.0005723553919225043;-0.0013229577489454886;0.013740230861271383;-0.0159788934195702;-0.00794181460909646
69.93;0.00016349230790506196;0.0005722806494331187;-0.0013229576802358807;0.013733102191670163;-0.01598498730119426;-0.007941761238906532
70.009;0.00016387319586065022;0.0005721684356905425;-0.0013229574839748594;0.013722393378776492;-0.0159941517476668;-0.007941683801235652
70.096;0.00016412706552446177;0.0005720934585551279;-0.0013229572042220664;0.013715252042049715;-0.016000249980846953;-0.007941631668162313
70.184;0.00016450778405069247;0.0005719807336656773;-0.001322958002487809;0.0137045420213938;-0.016009387488835024;-0.007941553249459408
70.271;0.00016488844010089423;0.0005718678435792206;-0.001322957223112231;0.01369381793071749;-0.016018522968004233;-0.007941475496671294
70.358;0.00016514216625031203;0.0005717924757110306;-0.0013229562265603054;0.013686671675309903;-0.016024608549680963;-0.007941423703682662
70.449;0.00016552264807180591;0.000571679008571043;-0.0013229577590847825;0.01367593894194268;-0.016033729605770757;-0.007941345974560834
70.537;0.00016577626827793914;0.0005716033096250598;-0.0013229574528377428;0.013668780969998556;-0.016039805605838894;-0.007941294231456328
70.628;0.00016615664132269646;0.0005714896224308192;-0.0013229567409006036;0.013658039878984545;-0.016048917194601726;-0.00794121707496552
70.721;0.00016653690711578993;0.0005713755538432981;-0.0013229574592369397;0.013647293057963989;-0.01605801906958246;-0.00794113984754054
70.818;0.00016691710710905802;0.0005712613565252045;-0.0013229564678913404;0.013636543166571844;-0.016067112188860887;-0.007941062716613522
70.908;0.00016717053016497248;0.0005711850662154581;-0.0013229564035558846;0.013629371263484253;-0.016073179187422886;-0.007941012117016616
71.0;0.00016755056786666708;0.0005710703613115221;-0.001322956246347893;0.013618610836575337;-0.016082257869392942;-0.00794093504926718
71.095;0.0001679305209110785;0.0005709553937984918;-0.0013229568966378418;0.013607839818389032;-0.01609133563099916;-0.00794085866307653
71.188;0.0001681837661794509;0.0005708785876110819;-0.0013229568207212563;0.013600653233833943;-0.016097377723005936;-0.007940807371967286
71.278;0.00016856359131331308;0.0005707632920948433;-0.0013229563434481626;0.013589877182244796;-0.016106444422159;-0.007940731384869299
71.364;0.00016881675066626194;0.0005706862484756807;-0.001322956497013923;0.013582693119945402;-0.016112479306705594;-0.007940680347731467
71.453;0.00016919642760151142;0.0005705704948614116;-0.001322956149546219;0.013571898265845792;-0.01612153572180752;-0.007940604807396674
71.544;0.0001695760008911358;0.0005704544686491123;-0.0013229562616291217;0.013561111123314807;-0.01613057365508015;-0.007940528467297564
71.639;0.00016995549673188648;0.0005703381856256445;-0.0013229558142330096;0.01355030857997328;-0.016139615749170746;-0.007940453273158826
71.735;0.000170208453461805;0.0005702605796288628;-0.001322955545961187;0.013543103086688796;-0.016145636596014288;-0.007940402983590672
71.822;0.00017058779450766735;0.0005701438725568063;-0.0013229557237896218;0.013532291859984353;-0.016154660352446806;-0.007940327536184514
71.912;0.00017096704553397254;0.0005700268914647412;-0.0013229558289710162;0.013521477771276987;-0.01616367087223218;-0.007940251770908999
72.009;0.00017121984156971896;0.0005699488145400393;-0.0013229556562869248;0.013514261889681864;-0.016169683298939957;-0.007940202142021747
72.098;0.00017159896052580355;0.0005698314784066138;-0.001322954873871633;0.01350343408523628;-0.01617868555459645;-0.00794012700764816
72.191;0.00017197798485551742;0.0005697138795766009;-0.0013229543997176764;0.013492601303842786;-0.016187681114524746;-0.007940052076332641
72.285;0.00017223061594160162;0.000569635313410271;-0.0013229553039475163;0.013485374697335569;-0.016193680561755002;-0.00794000271703706
72.38;0.0001726095007307395;0.0005695173240956811;-0.0013229546567297705;0.013474533034349898;-0.016202661714019413;-0.00793992788558427
72.47;0.0001729882770657413;0.0005693989974723732;-0.0013229552288714624;0.013463685926927083;-0.016211637264411383;-0.007939853317688554
72.559;0.00017324076479967407;0.0005693200458396818;-0.0013229549677909087;0.013456450398218705;-0.01621762636312428;-0.007939804499129816
72.653;0.00017361941122891742;0.0005692013757491994;-0.0013229547098177758;0.013445590465628682;-0.016226590288786702;-0.007939730288574224
72.741;0.00017399797324498033;0.0005690824655023765;-0.00132295422940876;0.01343472706102295;-0.016235550128153385;-0.007939656510412441
72.833;0.000174376431323017;0.0005689632462973035;-0.0013229545739909393;0.013423860287641925;-0.016244501463520782;-0.007939582761683646
72.928;0.000174628683704318;0.0005688836423026414;-0.0013229536035705121;0.013416612189748617;-0.016250456857900053;-0.00793953304249147
73.019;0.00017500699453316785;0.0005687640068797183;-0.0013229540055076368;0.013405733251942439;-0.016259397309043487;-0.007939459679774592
73.112;0.0001753852322893505;0.0005686441908013015;-0.001322953624588672;0.013394842948624648;-0.016268330817388394;-0.007939386553135221
73.203;0.00017563733702518903;0.0005685641739552435;-0.001322953235266143;0.013387584519977862;-0.016274281020067293;-0.00793933776329419
73.293;0.00017601540939167997;0.0005684438817735813;-0.0013229536096818094;0.013376690114392534;-0.016283201250975966;-0.00793926477534383
73.386;0.0001763934053682922;0.0005683234034928267;-0.001322953238152985;0.013365792923842068;-0.01629211332604198;-0.007939191897170789
73.475;0.0001766453403975054;0.0005682429011898032;-0.0013229533996312196;0.013358514667846644;-0.016298049773367768;-0.007939143337544929
73.569;0.00017702317775205489;0.0005681219821136331;-0.0013229524877325979;0.013347605435374967;-0.016306944923722345;-0.007939070353728844
73.661;0.00017740092041292847;0.0005680007459090261;-0.001322953685510953;0.013336685054520868;-0.016315843563334598;-0.007938998387578269
73.752;0.00017765272593963809;0.0005679199408662047;-0.0013229520392941709;0.013329403885284847;-0.016321770047099976;-0.00793895040682935
73.848;0.0001780303065040922;0.0005677982953798382;-0.0013229522236515626;0.01331848124116099;-0.016330642662528917;-0.007938877562581574
73.936;0.00017840781441638373;0.0005676764119647614;-0.0013229528084593507;0.01330754727425777;-0.016339521177834097;-0.007938805991660173
74.03;0.00017865944313262395;0.0005675951041177433;-0.001322951637528467;0.01330025674857193;-0.016345426865624367;-0.007938757633018536
74.123;0.00017903678793622035;0.0005674727636893904;-0.0013229527837227675;0.013289311862410015;-0.016354294364636424;-0.007938686406758889
74.218;0.00017941404968443395;0.0005673502601839677;-0.001322952569805855;0.013278363567721994;-0.016363147545554697;-0.007938614789219586
74.312;0.00017979122929370195;0.0005672275137332838;-0.0013229522226028286;0.01326741120004318;-0.016371993396930972;-0.007938543338702923
74.404;0.00018004262353398307;0.0005671455411425774;-0.001322951820418351;0.013260101546393071;-0.016377882544837796;-0.007938495474144736
74.495;0.00018041964688477645;0.0005670223972339023;-0.0013229508401670091;0.013249140136934517;-0.01638670919581612;-0.007938423722633746
74.587;0.0001807965884504954;0.0005668989992790284;-0.0013229506723794037;0.013238170178427093;-0.01639554225353443;-0.007938353256549695
74.678;0.00018104780866522895;0.0005668165417427256;-0.0013229512303427138;0.013230856683007945;-0.01640141701669553;-0.007938305510175691
74.771;0.0001814245830940494;0.0005666926938312394;-0.0013229512364427538;0.01321987639534757;-0.01641023049807428;-0.00793823469210084
74.866;0.00018180128024346203;0.0005665686225279657;-0.0013229510250510695;0.013208886497538716;-0.016419044354869815;-0.007938164692357917
74.958;0.0001821778797252695;0.0005664443348325772;-0.001322950889364263;0.013197900739457688;-0.016427843297088743;-0.00793809418325709
75.052;0.00018242886448575555;0.0005663612077777926;-0.001322951086660197;0.01319056975903348;-0.016433696074573102;-0.007938046510863689
75.146;0.00018280530580417904;0.0005662364640994942;-0.0013229508663184742;0.013179565572401492;-0.016442484947885135;-0.00793797647126032
