31.444;0.004554599192983901;0.019620677293193865;-0.030686972946231336;-5.791855103650294e-07;-3.129515637127731e-06;-0.10199959396253062;0.9947844403795978
31.539;0.00456893457158298;0.01966219587019059;-0.030686972942555;-5.798846482180996e-07;-3.1293456902008254e-06;-0.10222123034085552;0.994761690083345
31.632;0.004590472609874225;0.01972446170161243;-0.030686972937934535;-5.809245273631916e-07;-3.129093280433466e-06;-0.10255367266406137;0.9947274723324896
31.632;0.004612052603303621;0.019786713068636056;-0.030686972933191066;-5.819669987066018e-07;-3.1288348792513244e-06;-0.10288610026491678;0.994693143819816
31.797;0.004626462568576862;0.01982820593081544;-0.030686972928848144;-5.826619131642018e-07;-3.1286569781982695e-06;-0.10310771047016236;0.9946701966136681
31.874;0.004640891172588882;0.019869692344276078;-0.03068697292675391;-5.833544385095441e-07;-3.128487632579267e-06;-0.10332931410908303;0.9946472001848791
31.874;0.004662569019202494;0.019931909855394527;-0.03068697292057638;-5.843988235582138e-07;-3.128226547763527e-06;-0.1036617072327744;0.9946126132537528
32.047;0.00466980428393916;0.019952645792889617;-0.030686972918379834;-5.847452204524131e-07;-3.1281345529018814e-06;-0.10377250164628116;0.9946010596676165
32.137;0.004698791911607053;0.020035573350662795;-0.030686972912584216;-5.861377542126807e-07;-3.1277972146433793e-06;-0.1042156628013501;0.9945547222836706
32.225;0.004713313660969253;0.020077027400288404;-0.03068697290898701;-5.868288384336255e-07;-3.1276196656076614e-06;-0.10443723346019668;0.9945314797717839
32.225;0.004735131195484486;0.020139196291085907;-0.03068697290275057;-5.878693544550598e-07;-3.12735184563065e-06;-0.10476957702413263;0.9944965237345269
32.308;0.004749699487439252;0.020180634083981602;-0.030686972899513897;-5.885665497921822e-07;-3.1271832779631744e-06;-0.10499113110400708;0.9944731581995443
32.393;0.004771586820522593;0.02024277855180788;-0.030686972894536056;-5.896073915157424e-07;-3.1269243885353405e-06;-0.10532344975369998;0.9944380176370243
32.483;0.004793516018225657;0.020304908329929903;-0.030686972889761098;-5.906510360061873e-07;-3.126663121754665e-06;-0.10565575341092012;0.9944027663683594
32.581;0.004808158736139247;0.02034632000786507;-0.030686972885611473;-5.913453624095823e-07;-3.1264875825818533e-06;-0.10587728083713487;0.9943792040224946
32.671;0.00483015768392912;0.020408425243391717;-0.03068697288217488;-5.923874282217212e-07;-3.1262334519658443e-06;-0.10620955943529765;0.9943437682584608
32.764;0.004852198467045047;0.02047051571681104;-0.030686972876755682;-5.934265726046986e-07;-3.125967249379079e-06;-0.10654182295330415;0.9943082218063285
32.853;0.004866915559042267;0.020511901151935852;-0.03068697287193681;-5.941240588522645e-07;-3.1257892885866824e-06;-0.10676332357187533;0.994284462681462
32.938;0.004889026043577662;0.020573966963029766;-0.030686972867819327;-5.951652414080269e-07;-3.1255305317228726e-06;-0.1070955618860189;0.9942487317639358
33.026;0.0049037895928672436;0.020615335931232305;-0.030686972863654523;-5.958600853920168e-07;-3.1253541888879256e-06;-0.10731704567149429;0.9942248496684338
33.115;0.004925969747966948;0.020677377004419593;-0.030686972859053654;-5.969012647251111e-07;-3.1250911733865363e-06;-0.10764925869007688;0.9941889343044181
33.199;0.004940779734107352;0.020718729455803726;-0.03068697285636858;-5.975915275857616e-07;-3.124912151262638e-06;-0.10787072558149423;0.9941649292508763
33.286;0.004963029529269598;0.020780745716565668;-0.030686972852014355;-5.986341587953235e-07;-3.124653116204853e-06;-0.10820291321446125;0.9941288294591311
33.364;0.0049778859319083765;0.020822081601458365;-0.030686972847326632;-5.99331791681977e-07;-3.124473761992193e-06;-0.10842436315169879;0.9941047014600762
33.45;0.005000205336267427;0.02088407297438767;-0.030686972842259838;-6.003726522114998e-07;-3.1242085505811836e-06;-0.10875652530721167;0.9940684172595872
33.533;0.005015108134704569;0.02092539224231009;-0.030686972839600757;-6.010642756882218e-07;-3.12403336006579e-06;-0.108977958229779;0.9940441663276074
33.625;0.005037497117489128;0.02098735865297069;-0.030686972833815607;-6.021051373853959e-07;-3.1237653957025287e-06;-0.10931009481717797;0.9940076977372657
33.714;0.005059927832604309;0.02104931005048772;-0.030686972829527735;-6.031474806012899e-07;-3.12350593139554e-06;-0.10964221602083325;0.9939711185220226
33.802;0.005074904821616107;0.02109060262790364;-0.030686972825923378;-6.038409593042506e-07;-3.123326910490656e-06;-0.10986362159290389;0.993946670923733
33.893;0.005097405065494669;0.021152528943027757;-0.030686972820874743;-6.048843976985731e-07;-3.1230628389768787e-06;-0.11019571708243063;0.9939099073490361
33.978;0.005112428396785225;0.021193804773966426;-0.03068697281846037;-6.055761047934306e-07;-3.1228865357016467e-06;-0.1104171054818274;0.9938853368507335
34.067;0.005134998138465827;0.021255705931848015;-0.03068697281221044;-6.066189824421266e-07;-3.1226169411463113e-06;-0.11074917516580915;0.9938483889356434
34.155;0.0051500677913685015;0.02129696496661317;-0.030686972807950068;-6.07313986102486e-07;-3.122437037148994e-06;-0.11097054633120361;0.9938236955500889
34.243;0.0051727069997737005;0.021358840892569616;-0.030686972804212308;-6.083511119893449e-07;-3.1221686675945514e-06;-0.11130259011884566;0.9937865633136315
34.337;0.00519538787317551;0.021420701643476172;-0.03068697279845353;-6.093936641745393e-07;-3.1219000930499723e-06;-0.11163461832480637;0.9937493204935323
34.422;0.005210531597192678;0.021461933700109466;-0.030686972795788418;-6.100902847794021e-07;-3.1217313889519825e-06;-0.11185596179018403;0.9937244305147557
34.511;0.005233281887345828;0.02152376909935559;-0.030686972790417606;-6.111301771042429e-07;-3.1214594207272242e-06;-0.11218796395302737;0.9936870034039679
34.599;0.0052484718786670916;0.021564984229817428;-0.030686972786757194;-6.118254840334834e-07;-3.121279231185666e-06;-0.11240929002502954;0.9936619905712164
34.688;0.005271291554231911;0.02162679420267827;-0.030686972782860478;-6.128651227826951e-07;-3.1210128410034095e-06;-0.11274126605385985;0.9936243791888645
34.773;0.005294152845804709;0.02168858888337112;-0.030686972777080004;-6.139057336950781e-07;-3.12074171516071e-06;-0.11307322635757144;0.9935866572528909
34.86;0.005309416821377916;0.02172977682862519;-0.030686972774703433;-6.145989403202901e-07;-3.1205666104953995e-06;-0.11329452447487838;0.9935614478802484
34.945;0.005324699284597629;0.021770957957316386;-0.030686972770640947;-6.152961531821287e-07;-3.120386767347788e-06;-0.1135158155786623;0.9935361893778182
35.027;0.005347657636468377;0.021832716852782978;-0.030686972765408133;-6.163312536838874e-07;-3.1201090029953457e-06;-0.11384773906220047;0.9934982095103695
35.119;0.005362986304029814;0.021873880905867386;-0.030686972763903014;-6.1702228643646e-07;-3.1199346897450374e-06;-0.11406901259025666;0.9934728281923816
35.201;0.00538601394668075;0.021935614150345055;-0.030686972758251444;-6.180678588375134e-07;-3.119665591947371e-06;-0.11440090966466969;0.9934346641112246
35.292;0.005409083148564493;0.021997331968400955;-0.030686972752562585;-6.191074836711258e-07;-3.1193948138119267e-06;-0.11473279084856175;0.9933963895112495
35.377;0.0054244856993378;0.022038468596974073;-0.03068697274933877;-6.198026653929301e-07;-3.119216027622619e-06;-0.1149540361271071;0.9933708117153304
35.464;0.005447624141275649;0.022100160644541872;-0.030686972745658833;-6.208397471334974e-07;-3.118944917632199e-06;-0.1152858907536093;0.9933323529328105
35.556;0.005463072841476306;0.02214128006770294;-0.030686972742196103;-6.215336563479025e-07;-3.1187631927723712e-06;-0.11550711829623425;0.9933066523550453
35.637;0.005486280491686641;0.02220294627021165;-0.030686972736879613;-6.225737492152093e-07;-3.1184931721664946e-06;-0.1158389462732848;0.9932680094094356
35.727;0.005509529651581569;0.022264596929870945;-0.030686972732178686;-6.236154314268406e-07;-3.118221587718171e-06;-0.11617075821619433;0.9932292559753575
35.82;0.005525052146678476;0.022305688721287256;-0.030686972729046406;-6.2430643258771e-07;-3.118037513048502e-06;-0.1163919572535687;0.9932033589736653
35.905;0.005540593081993581;0.02234677358474736;-0.030686972726175925;-6.249995012074814e-07;-3.1178571467375578e-06;-0.11661314914041575;0.9931774128711566
35.991;0.0055639390529674156;0.02240838787292041;-0.030686972720611667;-6.260386490032916e-07;-3.1175800199108023e-06;-0.11694492354066616;0.9931384016580754
36.074;0.005579526073859917;0.022449455381671184;-0.030686972717258537;-6.267339057735161e-07;-3.117400453161566e-06;-0.11716609750721249;0.9931123328127687
36.162;0.005602941157092544;0.022511043600447093;-0.03068697271255178;-6.277757136785924e-07;-3.1171328967332956e-06;-0.11749784498140113;0.993073137495228
36.247;0.005618574242115588;0.02255209370513995;-0.030686972709566388;-6.284644687296477e-07;-3.1169424827403575e-06;-0.1177190009648722;0.9930469459203437
36.335;0.005642058405576045;0.02261365577995465;-0.030686972705324507;-6.295091156937238e-07;-3.1166784369200534e-06;-0.11805072141992765;0.9930075665180628
36.424;0.005665584001553722;0.022675202132884865;-0.0306869727006277;-6.305467775361804e-07;-3.11640134848298e-06;-0.11838242561758963;0.9929680766745657
36.517;0.005681290744643487;0.022716224286842307;-0.03068697269795658;-6.312367568998665e-07;-3.1162166260437974e-06;-0.11860355270167562;0.9929416887594315
36.604;0.005704885369287336;0.022777744376485085;-0.03068697269260915;-6.322826123995256e-07;-3.115947160725233e-06;-0.11893522973220677;0.9929020148627146
36.694;0.00572852139544449;0.022839248672032842;-0.030686972687352827;-6.333181910313839e-07;-3.115666159240959e-06;-0.11926689041635731;0.9928622305437469
36.788;0.005744301741365154;0.02288024274836046;-0.030686972683886718;-6.340087328850987e-07;-3.1154793794536936e-06;-0.11948798844190879;0.9928356463221887
36.862;0.005768006744176754;0.02294172066112449;-0.030686972679878362;-6.350485537004901e-07;-3.115206360880869e-06;-0.11981962181012726;0.9927956779817138
36.959;0.005783833063781776;0.022982697124199328;-0.030686972677004473;-6.357431932518608e-07;-3.1150263740618495e-06;-0.12004070159423402;0.992768971085749
37.053;0.005807607010914661;0.02304414857989416;-0.030686972671608567;-6.367825375080235e-07;-3.1147460941585414e-06;-0.12037230755230571;0.9927288187437826
37.132;0.005823479282458526;0.02308510737963719;-0.03068697266994825;-6.37475377435462e-07;-3.114566559755401e-06;-0.12059336903230466;0.9927019891867507
37.225;0.0058473221412493935;0.023146532303606592;-0.03068697266346253;-6.385137913964569e-07;-3.114283983482513e-06;-0.12092494748739092;0.9926616528631824
37.31;0.005871206331356856;0.02320794127271991;-0.030686972659092752;-6.395554665200717e-07;-3.1140137752773786e-06;-0.12125650939710847;0.9926212061600956
37.401;0.005887152080779354;0.02324887170827074;-0.030686972657410036;-6.402433729576772e-07;-3.1138280700881703e-06;-0.1214775414606894;0.9925941803731073
37.494;0.00591110513027677;0.023310254026347725;-0.03068697265077108;-6.412856451635604e-07;-3.1135472437301347e-06;-0.12180907571755076;0.9925535497204827
37.571;0.005927096775034245;0.023351166669578247;-0.03068697264914778;-6.419772319956744e-07;-3.1133675539649e-06;-0.12203008931584573;0.9925264013070191
37.655;0.005951118651008442;0.023412522262088387;-0.030686972644323525;-6.430172554872304e-07;-3.1130919575937106e-06;-0.12236159582761355;0.9924855867247719
37.742;0.005967156169134755;0.0234534170635892;-0.03068697264019423;-6.437121353909331e-07;-3.112902158299793e-06;-0.12258259089699243;0.9924583156983855
37.832;0.005991246838761196;0.023514745855658756;-0.03068697263642888;-6.447517771194247e-07;-3.1126264323034426e-06;-0.12291406956979294;0.9924173172066718
37.913;0.006007330208413994;0.023555622765703606;-0.03068697263427493;-6.454411129878193e-07;-3.1124407706717275e-06;-0.12313504604896797;0.9923899235806533
38.004;0.006031489638767658;0.023616924683210586;-0.03068697262846029;-6.4647921030196e-07;-3.1121558574157537e-06;-0.12346649678843107;0.9923487411997302
38.093;0.006047618837869309;0.023657783651632493;-0.030686972625297664;-6.47171244080309e-07;-3.111969983829404e-06;-0.12368745461475979;0.9923212249875635
38.181;0.006071846995933384;0.023719058620243802;-0.030686972620112128;-6.482084192346148e-07;-3.1116890336646165e-06;-0.12401887732823265;0.9922798587375148
38.268;0.006088022002499582;0.023759899597871906;-0.030686972617736577;-6.489044059417775e-07;-3.1115050711009422e-06;-0.12423981643929288;0.9922522199526833
38.353;0.0061123188551333784;0.023821147542744215;-0.03068697261287072;-6.4994198383888e-07;-3.111227803864553e-06;-0.12457121103303476;0.992210669853767
38.435;0.006128539646824021;0.0238619704796721;-0.030686972611300024;-6.506326445387787e-07;-3.111041590935789e-06;-0.12479213136573308;0.9921829085098653
38.523;0.006152905160816198;0.023923191326689856;-0.030686972604940764;-6.516704826556731e-07;-3.110752207021936e-06;-0.12512349774447826;0.9921411745825722
38.617;0.006177311855571463;0.02398439587905811;-0.03068697260137669;-6.527100284471684e-07;-3.110479017226933e-06;-0.1254548471510516;0.992099330367784
38.708;0.006193605857620055;0.024025189847964645;-0.03068697259802117;-6.534023810235128e-07;-3.1102892324434446e-06;-0.12567573730831733;0.9920713729575661
38.801;0.00621808116038956;0.024086367183298468;-0.030686972594488358;-6.544381496431924e-07;-3.110009644028237e-06;-0.1260070583498376;0.9920293449469729
38.887;0.0062344208900660565;0.0241271429828951;-0.03068697258963233;-6.551363033171023e-07;-3.1098195071451022e-06;-0.12622792956614015;0.9920012650129766
38.977;0.006258964767394581;0.024188293026573226;-0.030686972586230835;-6.561698614405501e-07;-3.1095396897231407e-06;-0.12655922214897186;0.9919590532269705
39.068;0.0062835497734198675;0.02424942665998716;-0.030686972581644323;-6.572078475907609e-07;-3.109257393348398e-06;-0.1268904976112202;0.9919167311855758
39.148;0.006299962620641909;0.024290173285047734;-0.030686972577764017;-6.579019753999387e-07;-3.109066462771808e-06;-0.1271113383910498;0.991888455241988
39.24;0.006324616147575263;0.02435127950786229;-0.03068697257396015;-6.589393162659354e-07;-3.1087855003362527e-06;-0.12744258524386085;0.9918459494580105
39.328;0.006341074664312135;0.0243920078346978;-0.03068697257140935;-6.596322810713355e-07;-3.108600262485787e-06;-0.12766340691967057;0.9918175510261774
39.418;0.006365796678395342;0.02445308657253735;-0.030686972566085595;-6.606668848176477e-07;-3.108310242796815e-06;-0.12799462506769288;0.9917748615203366
39.511;0.006390559768739543;0.024514148783931943;-0.030686972562752764;-6.617018221461747e-07;-3.1080269141542893e-06;-0.12832582594856826;0.9917320617911474
39.598;0.006407091309740596;0.0245548477302814;-0.030686972558286202;-6.623991412347218e-07;-3.107838956522835e-06;-0.12854661692598102;0.9917034674068592
39.691;0.006431922833281407;0.024615882337799898;-0.030686972554088275;-6.634379504357961e-07;-3.1075563994407752e-06;-0.1288777889517228;0.9916604839887583
39.77;0.006448499985126651;0.024656562856712038;-0.0306869725528012;-6.641238101754215e-07;-3.1073682295443342e-06;-0.12909856066056483;0.991631767152139
39.858;0.0064733999080796144;0.024717569786341105;-0.030686972547438837;-6.651650733594631e-07;-3.107081666414907e-06;-0.12942970373600252;0.9915886000659317
39.942;0.006490022648250059;0.024758231828710467;-0.030686972544896662;-6.658570237417807e-07;-3.106893199232686e-06;-0.12965045611339643;0.9915597607907918
40.037;0.006514990936607935;0.02481921100604246;-0.030686972540130565;-6.668937124991718e-07;-3.106608959396404e-06;-0.12998157014423772;0.9915164100572128
40.117;0.006531659242355157;0.02485985452206792;-0.030686972538068284;-6.675815791775852e-07;-3.1064164051816383e-06;-0.13020230312643508;0.9914874483575052
40.189;0.005155401891410999;0.024084063302264175;-0.03068679825986877;-1.0993893840389564e-06;-2.967554789726593e-06;-0.1306356866123491;0.9914304400074194
40.274;0.002036560925735836;0.022286184848500437;-0.030686780347827035;-1.1977945962780446e-06;-2.8117399548702882e-06;-0.1313507035892168;0.9913359635649647
40.358;-0.006432108513747505;0.01741045652829131;-0.030686803549688293;-1.0459924794265471e-06;-2.8958907348058148e-06;-0.13322953463675577;0.9910852087943767
40.437;-0.014562315589261467;0.012760646954139088;-0.030686800360225225;-1.0649042851665298e-06;-2.7821551094796454e-06;-0.13500733694880324;0.9908445987949462
40.437;-0.024789523555052706;0.006959433336685989;-0.030686826886689007;-6.892833823812819e-07;-2.6968105702800195e-06;-0.13729862898394357;0.9905296999441167
40.606;-0.04385222151077533;-0.003731461517258533;-0.030686817524014476;-6.733930818734084e-07;-2.554219999321021e-06;-0.14498577492027498;0.989433739602501
40.692;-0.059301105320503505;-0.012098657061572038;-0.03068681369838716;-7.587259491576223e-07;-2.4632624897513436e-06;-0.15123799126541362;0.9884973798606445
40.772;-0.08701076651741248;-0.02557151474332;-0.030684554515691187;-1.1965916154687022e-06;3.986994126427951e-06;-0.16133629445483352;0.9868994883341744
40.855;-0.10810985653803484;-0.033803204483911026;-0.030684562677740522;-9.519787296407688e-07;4.151082889315432e-06;-0.16969548516877178;0.9854965460594965
40.933;-0.13032819417261365;-0.042367696613415995;-0.030685473380382335;-3.1524190553199695e-06;-3.4625134558730628e-06;-0.175862213980671;0.9844147914735385
41.007;-0.15288190623716363;-0.05245080310314699;-0.030685341064584863;-9.777470414353034e-06;-6.071273190443113e-06;-0.17358940440916742;0.9848181144477446
41.098;-0.1880131603266861;-0.06895332652824063;-0.03068715117876681;-7.368123402521286e-06;-3.6574210656451194e-07;-0.16910123098213098;0.9855986879181124
41.175;-0.2112829884960308;-0.0804673562229622;-0.03068759258429507;-1.274685408113326e-05;-5.759221169958799e-06;-0.16380368398381617;0.9864929563446865
41.272;-0.243591795733101;-0.10157610574087401;-0.0306870294597997;-7.809323006674397e-06;-1.012645104528578e-07;-0.16572725912079891;0.9861716257950804
41.347;-0.2649981759430766;-0.11641602420165359;-0.03068747455795725;-6.462318640653698e-06;-2.01504352207688e-06;-0.16629873394837574;0.9860754185362017
41.413;-0.28664117719064236;-0.13145345352961857;-0.030687267717670625;-6.816818544455902e-06;-7.161836701097426e-07;-0.1695038621385182;0.9855295229840374
41.493;-0.3090983770975274;-0.14436257994920804;-0.030686449300110746;-4.119619870434279e-06;-9.445013725513322e-06;-0.16850484586581654;0.9857008252068972
41.578;-0.3444615824090072;-0.15804170904693604;-0.030687861774686395;1.6997049961709608e-07;-7.5854899173078925e-06;-0.16777233255603274;0.9858257677557123
41.658;-0.36895401619777457;-0.16562165157635497;-0.030685392064077558;-8.918003230666468e-06;-5.7167803601650714e-06;-0.17128191634969023;0.9852220587356768
41.746;-0.40670443681798835;-0.17629516812275273;-0.030688393358890013;9.081673335227368e-06;-2.083513560641701e-06;-0.17793321897463338;0.9840425648814728
41.829;-0.4321692269200521;-0.17950004421125562;-0.030686072191402163;-6.248186112869538e-06;7.078412941641867e-06;-0.17597808373049195;0.9843940846822478
41.92;-0.47064773036528257;-0.18134573146638688;-0.030685569789038615;-7.84363893835404e-06;4.909721171937639e-06;-0.16909591292259282;0.9855996003181245
41.998;-0.4964393999151781;-0.1830885461241504;-0.03068558232634594;-9.25624026129727e-06;5.156815549350791e-06;-0.16291296686286347;0.9866404436853727
42.079;-0.5335997126823545;-0.18991136389565938;-0.030685764025792865;-1.0896239953777263e-05;6.1028310821924375e-06;-0.16798691523775353;0.9857892250136087
42.162;-0.5578170100577721;-0.19563087391933637;-0.030684804076253895;-8.20876714875687e-06;2.398920264748559e-06;-0.176745562106716;0.9842565753920277
42.234;-0.5699526739610276;-0.19880998022091367;-0.030684774301380183;-8.893724574282312e-06;2.2250041908028848e-06;-0.1814632034593648;0.9833977352557899
42.32;-0.6198499583563307;-0.21167769239960196;-0.03068523156015942;2.6514682253467777e-07;2.896951930894439e-06;-0.19905723882906176;0.9799878650581788
42.408;-0.6454065168458092;-0.217679346873183;-0.030685357535659322;9.434684693628269e-07;3.1572041153111603e-06;-0.20453263189271978;0.9788597460720199
42.491;-0.6840609352494447;-0.22623134902909972;-0.030685452862013046;1.3924194461762619e-06;2.0731233709880978e-06;-0.21361297562900639;0.9769183674374664
42.558;-0.6969428010712239;-0.2288999271716007;-0.0306854410945959;1.376920758908132e-06;2.784186396540612e-06;-0.2184398558857836;0.9758504134092225
42.635;-0.7357481480747438;-0.23610298539843505;-0.030687170151421472;-7.243092764576399e-06;1.0477532237662588e-06;-0.23010827818765411;0.9731650323845146
42.712;-0.7617741212694401;-0.24053616682632256;-0.03068722700879705;-7.137864697655926e-06;3.2346008973592776e-07;-0.23128446376081752;0.9728861684553942
42.793;-0.7878291972421296;-0.24496889813023487;-0.030687282005315626;-7.276733031978023e-06;-1.4906069641224736e-08;-0.22902251367297072;0.9734211258124424
42.867;-0.8257181380786821;-0.2549695181502049;-0.030687323482262524;-7.453791371073505e-06;-3.0074638499322466e-06;-0.22823764455398002;0.9736054527085638
42.954;-0.8502325974983747;-0.2635334571392346;-0.030687130186492863;-1.1462169012415645e-05;-4.314726104244531e-06;-0.23243276597093862;0.9726124660691435
43.023;-0.8728193367338314;-0.27487883610556735;-0.030687010378994642;-1.6134796052500724e-05;-7.933291001911531e-06;-0.2305637757538892;0.9730572156799628
43.106;-0.8978993970265736;-0.29942760093279935;-0.030685367300115625;-1.3006641473647684e-05;-1.1340560183651368e-05;-0.22141255145963443;0.9751802303976193
43.19;-0.907095733166558;-0.31875761659083535;-0.030685410485404786;-1.204478521825957e-05;2.0950376626328724e-06;-0.21546458548294928;0.9765116549500037
43.272;-0.9127892852500196;-0.33771841157700644;-0.030685535534528494;-1.2782699775185228e-05;2.956875350261965e-06;-0.2130448418695195;0.9770424224058293
43.354;-0.9175280677891714;-0.3661399814147114;-0.030685540383525584;-1.2691271068751547e-05;3.239484977130182e-06;-0.2070086371513083;0.9783391150174847
43.354;-0.9183784203062291;-0.38541897924863205;-0.030688592659600288;1.5389646772426348e-06;3.0423164559422853e-06;-0.2009244969301672;0.9796067305412592
43.515;-0.914809955188425;-0.41319578990318756;-0.03068564785292488;-1.2939836778298432e-05;3.460268685156979e-06;-0.198343117847021;0.9801326478713532
43.592;-0.9108944836960946;-0.431560316438084;-0.030685636885263996;-1.3040956458167732e-05;3.854846123405369e-06;-0.20079121478213874;0.9796340581469116
43.689;-0.9026564359630416;-0.4599012193916963;-0.030685595671765785;-1.2757000469681887e-05;3.621157532195507e-06;-0.2064699673676628;0.9784529382649646
43.763;-0.8955297281921442;-0.4796557272601308;-0.030685621332774967;-1.281423672896206e-05;3.929464962479993e-06;-0.21038569998294335;0.9776184619078353
43.763;-0.8871743588680671;-0.5000457535538432;-0.0306859389266958;-7.772385389507658e-06;3.6483227769268496e-06;-0.2123920592808982;0.977184533791187
43.844;-0.8773496323494351;-0.520901199159658;-0.030685755477243302;-7.270155631169006e-06;3.7155044678721988e-06;-0.21277705772422656;0.9771007745568321
43.928;-0.8628790752814793;-0.5536427291820227;-0.030685678145752633;-9.623616544034592e-06;1.883523655362891e-05;-0.2187140280849664;0.9757890004870257
44.002;-0.858945445368524;-0.5762146303240187;-0.030685428433419946;-6.321536423139696e-06;1.2432023919700864e-05;-0.21364390981240652;0.9769116027592011
44.092;-0.8568507228608335;-0.6095174446821361;-0.030686252449595653;-1.0017276311577139e-05;9.430491807568497e-06;-0.21076362410032687;0.9775370553420552
44.175;-0.8566392751507061;-0.6327333104867776;-0.030685636291133727;-7.806054363857382e-06;4.9795292236096115e-06;-0.20639353481323222;0.978469063742727
44.247;-0.8569142984655403;-0.6571292410214675;-0.03068557543899552;-7.5071442311210644e-06;4.588143994877373e-06;-0.20347019548378867;0.9790811403925522
44.335;-0.8575684098863151;-0.6954544991004812;-0.030685777698396286;-8.237449180137859e-06;4.4788361414966916e-06;-0.20296286786428266;0.9791864348429211
44.42;-0.8579639773887691;-0.7214932182948163;-0.030685776316803807;-8.176971651908859e-06;4.421584265485075e-06;-0.20215512823893989;0.9793535133139029
44.508;-0.8617130139067736;-0.7598382926178853;-0.030687081659719187;-5.64215926258165e-07;-4.492253068349868e-06;-0.20798632573063935;0.9781317336067621
44.595;-0.8654269022343891;-0.7846809697403685;-0.030686800272600914;-4.59686802455572e-06;2.431881445718893e-06;-0.21773779537222832;0.976007301427298
44.677;-0.8771246516389526;-0.8210665751709147;-0.03068681961060877;-2.535097899025624e-06;2.312113016587846e-06;-0.2172124896446457;0.9761243436830178
44.756;-0.8879410051231946;-0.8449767753022897;-0.03068568786405504;-9.481316118500454e-06;-5.689778521894849e-06;-0.20709163109958742;0.9783215505171313
44.847;-0.9033486923682527;-0.8820550015733121;-0.03068656762696426;-2.659175364257771e-06;-5.247911345587997e-06;-0.18585260459499364;0.982577635268911
44.932;-0.9128079639883208;-0.9072638506836492;-0.03068565887661915;-7.916746633733977e-06;-4.908390776867991e-06;-0.17316168570604273;0.9848934107387837
44.993;-0.9215493908319629;-0.9326656070315116;-0.030686397986901766;-1.941067706492379e-06;-5.347652903677903e-06;-0.15798520736264607;0.987441478884808
45.062;-0.9298116362023995;-0.958589252456299;-0.030685252488457784;5.295905719003062e-07;2.918240905609023e-06;-0.15069151675698594;0.9885808347164549
45.157;-0.9378538213164486;-0.9845668555860854;-0.030685585854582968;2.489147242763389e-06;-1.5777748576995716e-06;-0.14972637902007108;0.988727470750587
45.228;-0.9501524614853412;-1.0231053512439579;-0.030685553459333076;2.349598137123486e-06;-1.1952168311623398e-07;-0.16069641139355761;0.9870038821401349
45.31;-0.9588630380104594;-1.0483749921758982;-0.030685371848870706;1.0937657020209178e-06;2.6062284347826793e-06;-0.17209771035452887;0.9850798841123191
45.384;-0.9684455281703614;-1.0730727460036769;-0.030687139470421974;1.8372875843233693e-07;9.089528635995464e-06;-0.1851174489411547;0.9827164036561442
45.459;-0.9869833575386698;-1.1061889579635018;-0.030685298705419667;-1.1099975043534433e-05;-1.167243358172363e-05;-0.18452134635366213;0.9828285061394877
45.54;-0.9968927557230316;-1.129244330428577;-0.030685675890118492;-9.73222507401017e-06;-6.714416079344924e-06;-0.18791055992733338;0.9821861439299563
45.622;-1.0066199336668105;-1.153249106351792;-0.030684315409970776;-2.2773553495477408e-06;1.315608474482635e-06;-0.19555391464039507;0.9806929521832507
45.702;-1.0168801158581737;-1.1773169426999248;-0.03068552531665196;2.449658067383851e-06;9.440528896949976e-07;-0.20846717730685932;0.978029363556544
45.777;-1.0361489056693547;-1.2104872277499024;-0.030685224202210308;-4.8659819352021265e-06;1.1046235729735137e-06;-0.2190381610527513;0.9757162927704607
45.856;-1.0509106253697227;-1.2304319160041317;-0.03068696482489254;-2.0637796788936962e-06;-1.5478782922332225e-06;-0.21422297214381944;0.9767847860195271
45.936;-1.0734579048889883;-1.2602576407218629;-0.030685333858593532;-1.0607401667387285e-05;-1.1410710327183443e-05;-0.2083608095838321;0.9780520296931287
46.018;-1.0848771704702636;-1.2823725411549467;-0.030685947124769866;-9.06567754680917e-06;-4.518599100036064e-06;-0.21036493197313047;0.9776229310390259
46.105;-1.0967552872570807;-1.3037263375491743;-0.03068439980725616;-2.8832721625969312e-06;5.266087127594123e-06;-0.20511738670789628;0.9787373792974694
46.184;-1.117172669410619;-1.334315899429319;-0.030686953122094303;-2.9507911476737613e-06;-3.783391342713822e-06;-0.19948326156383445;0.9799012339684208
46.275;-1.1324259323103583;-1.3538614056564093;-0.03068697713155282;-2.7871134476453647e-06;-3.8153070192610825e-06;-0.19571423079445205;0.9806609708977978
46.348;-1.1489638411175598;-1.3728315565488325;-0.030687856737099724;-2.821100433321582e-06;1.1465521062278184e-05;-0.1907242227833483;0.9816436577008335
46.435;-1.1730939740946438;-1.4021568676657226;-0.030685668493493037;-7.145902839591537e-06;5.135627612253056e-06;-0.18731779732255324;0.9822993651269396
46.519;-1.1891541339877914;-1.4216959239550846;-0.030684916693018968;-3.4158802750403542e-06;4.918158752688093e-06;-0.18641459057568713;0.9824711702562282
46.61;-1.215678869812975;-1.4498657820548522;-0.03068777175953845;-6.5204731957811295e-06;-4.8226703108293415e-06;-0.17952935769892694;0.9837526160872132
46.684;-1.2334767817045411;-1.4690520273049092;-0.030684959792074175;-6.147711211053535e-06;3.6414695818736623e-06;-0.18244973537857262;0.9832151819460653
46.767;-1.2604381884895908;-1.4976229846376399;-0.030685615073515263;-5.7746614344119905e-06;6.158686595724273e-06;-0.1850423108246596;0.9827305546961457
46.857;-1.2784338630957168;-1.5165993468265004;-0.030685685439320588;-6.448737269652396e-06;5.962036456125363e-06;-0.19074561532435655;0.9816395011191228
46.935;-1.2966670399880647;-1.5353291645156022;-0.030685649819304592;-5.6066603575953635e-06;6.568300284330157e-06;-0.1968443111299941;0.9804347592273445
47.014;-1.3243411933352265;-1.562911304248742;-0.03068560742166299;-5.971741014030554e-06;5.705209455902722e-06;-0.2093932239895806;0.9778315180433889
47.098;-1.3432056139155248;-1.5808814100236486;-0.030685734983834125;-6.805352561809284e-06;5.945775552093711e-06;-0.21738280025251294;0.9760864296120046
47.159;-1.3623905608296918;-1.5985863034532737;-0.030685719937904175;-6.6169790846258534e-06;5.999862785561835e-06;-0.22439880418483046;0.9744973969183476
47.25;-1.3918328005538834;-1.6243265072900768;-0.030691754447979645;-4.561400465240475e-08;-4.430189730127531e-06;-0.2275814064074129;0.9737590582058763
47.329;-1.412185870183515;-1.6389011747859707;-0.030687236059113054;2.0116787034778495e-07;5.793373496571636e-06;-0.22076382577823436;0.975327295421467
47.397;-1.4328744095254724;-1.6517339228733283;-0.030687901933868257;3.679803313965067e-07;7.059947292621809e-06;-0.20833448183529682;0.9780576381933939
47.485;-1.4526930845400212;-1.665870231042902;-0.0306852977352937;-1.7548285417948453e-05;1.9839988109873547e-06;-0.1958889490865196;0.9806260853729623
47.571;-1.479450193777939;-1.692563522803833;-0.03068563214982234;1.5358318294865e-06;8.80006467355207e-07;-0.1994369114437436;0.9799106685563982
47.654;-1.4982618026530978;-1.7095295660696699;-0.0306875429668958;-2.097584785269242e-06;9.077165071957916e-06;-0.20368756679314476;0.9790359416523449
47.74;-1.5283083073901589;-1.7314652932079673;-0.030685143279704844;-3.458379024100693e-06;5.284768252808651e-06;-0.20095833417098827;0.9795997896525561
47.824;-1.549679507637144;-1.745060312562386;-0.03068667816681706;-1.227829267726127e-05;9.668930317155919e-06;-0.19973184850440606;0.9798505949627057
47.904;-1.5719279061892928;-1.7583592247470474;-0.03068725349179794;-7.081540345001666e-06;-1.4044744372049545e-08;-0.19792436319034448;0.9802172955041899
47.983;-1.603306070297542;-1.7805910500636442;-0.030685596648375557;1.4591933637585755e-06;2.358387585936495e-06;-0.20512375705307387;0.9787360442349818
48.067;-1.6236604815451892;-1.7952716044034793;-0.03068557438125355;1.2807215689534565e-06;2.420647202132752e-06;-0.21250639583081032;0.9771596756536258
48.145;-1.6447439865329743;-1.80876353881315;-0.03068558692722124;-7.173093949674976e-06;4.7889679561769795e-06;-0.21539186882113096;0.9765276968787693
48.235;-1.6785241189517726;-1.8276836971001056;-0.030685335435277006;5.602935802940009e-07;3.7784089111417793e-06;-0.21533610659348118;0.9765399946661534
48.316;-1.7015096336583124;-1.8403366352433819;-0.03068533349350306;6.317241150201314e-07;3.4122830600948074e-06;-0.2124357779995066;0.9771750304902912
48.409;-1.7360592008992504;-1.859810028992021;-0.030685535095027406;8.525001921331248e-07;2.2987027730637794e-06;-0.20916199483999548;0.9778810049840129
48.486;-1.759153300029895;-1.8729599499373122;-0.030684887379230988;-2.914271211387268e-06;1.606880435579471e-07;-0.20899005322888609;0.9779177662988174
48.569;-1.7937653219917808;-1.892794674416918;-0.03068549378889466;8.191979005515699e-07;2.6913618553212436e-06;-0.20446590445691137;0.9788736863899768
48.655;-1.8168052413639657;-1.9062319683037514;-0.03068555451151767;9.253838218839157e-07;2.236046983826549e-06;-0.2047588167975582;0.9788124574900995
48.741;-1.8398322330125454;-1.9196513926610588;-0.030685427685886585;7.474946699919327e-07;3.3422178938826896e-06;-0.20586721826038565;0.9785799346164838
48.825;-1.8743933577999827;-1.9396626400539405;-0.03068548802278241;8.012430230638041e-07;2.8071587093029066e-06;-0.2061881966924405;0.9785123543094372
48.905;-1.8974388040373533;-1.9529770356352842;-0.03068528349578692;6.190192596686638e-07;4.167366811194216e-06;-0.2061210890084942;0.9785264925632837
48.988;-1.9288333246000815;-1.9762231502218948;-0.030684709419080733;-6.7661422882957885e-06;-6.79943906640981e-07;-0.20959427273405917;0.9777884437805746
49.062;-1.947487686951424;-1.9938717642015302;-0.030685982455625153;-8.079689491348068e-06;6.3516435925124906e-06;-0.21398772024920773;0.9768363504072327
49.145;-1.9664835625635857;-2.0116060710385524;-0.03068570753295676;-5.75357076607207e-06;6.4593280563387304e-06;-0.21701322075851295;0.9761686646994925
49.233;-1.9953325008396043;-2.038027802022933;-0.03068516259771495;-4.4052218639012105e-07;3.3183120593699762e-06;-0.22054472492413577;0.9753768627033
49.311;-2.0146980675396557;-2.055525260262384;-0.03068542938055297;6.841221956355174e-07;2.649738853048286e-06;-0.21674398724186414;0.9762284793976304
49.397;-2.043491840907052;-2.0819873495389096;-0.030684918923330553;-4.613121775789844e-06;-9.9115778568157e-07;-0.20723114137815374;0.9782920085643368
49.474;-2.062450944539189;-2.0998808498194186;-0.030685825756760522;-9.926002113314706e-06;-7.143839551635194e-06;-0.1966078590008151;0.9804822026072456
49.549;-2.08109715590955;-2.118185443469192;-0.030686244694449014;-3.5373983811365063e-06;-5.539061793286106e-06;-0.1843332325849499;0.9828638050724976
49.638;-2.108234639769716;-2.1465285423938485;-0.030685830876996285;-9.672870293824318e-06;-7.507571003723679e-06;-0.1665014727248732;0.986041205746758
49.714;-2.1259555030834383;-2.166253937604169;-0.03068583366179812;-9.581901176556852e-06;-7.67108099983167e-06;-0.1554364452879142;0.9878458945228243
49.789;-2.1431914794885754;-2.186534865293005;-0.03068707830359746;-1.4552183166015745e-06;-4.1565122889087525e-06;-0.14745045109796254;0.9890694436952409
49.862;-2.15998460768289;-2.2069869426402313;-0.03068551848180414;4.808341351763441e-07;-2.1957663475029595e-06;-0.14269917790626763;0.9897661060168826
49.943;-2.1764654313680545;-2.227593485973442;-0.030685481019642954;6.466045521295166e-07;2.852383978263562e-06;-0.14371074121969857;0.9896197364894916
50.023;-2.2012448178838464;-2.2583642745396886;-0.030685479615040076;6.11463794557146e-07;2.813114498502705e-06;-0.14456441443867832;0.9894953916364212
50.105;-2.217785824446627;-2.278832489135488;-0.03068547599811925;5.874717826483329e-07;2.8253346722472805e-06;-0.14425762094177041;0.9895401653252346
50.105;-2.242532656415384;-2.3094397717778623;-0.03068533082024396;2.948223186753395e-07;3.705243679278039e-06;-0.13987484138569656;0.9901691919735285
50.185;-2.2575096033510276;-2.3306405326832627;-0.030685843412511456;-9.741610044238509e-06;-9.04154658944272e-06;-0.13647695158375595;0.9906432463353075
50.276;-2.27840271294427;-2.36285152123292;-0.03068711452490388;-2.526315169020942e-06;-3.2498956027738988e-06;-0.13510433061030663;0.990831378102953
50.355;-2.2858127823767704;-2.373269578202709;-0.03068711485784395;-2.4816197313757482e-06;-3.3344198854053716e-06;-0.13311046822754205;0.9911012073602614
50.423;-2.309173716935836;-2.403864005843152;-0.03068546709948254;1.0250327169466485e-06;2.593284110869325e-06;-0.11961838820979379;0.9928199439950405
50.521;-2.3237666690596352;-2.4246601168414634;-0.03068637382870664;-1.3848942477932213e-05;-5.595147034303807e-06;-0.10650168740422876;0.994312521472476
50.593;-2.3357957884109095;-2.4612005520172593;-0.030685721886774583;-8.212667578135467e-06;-9.365155947809607e-06;-0.10966192440458251;0.9939689442737784
50.686;-2.343139764631242;-2.4859029733604565;-0.03068602611600544;-5.690140063017151e-06;-4.391704395135998e-06;-0.11503572258984271;0.9933613554374704
50.766;-2.357095438377965;-2.520571049190134;-0.030685468999364668;-9.765846260420057e-06;-1.2592628511776963e-05;-0.11048048228828972;0.9938782937459701
50.842;-2.363852909492796;-2.544466901052769;-0.030685785822303628;-8.52806761549212e-06;-8.893135428827853e-06;-0.11499994137970737;0.9933654983594147
50.93;-2.373246793286941;-2.581841612947897;-0.030684674565190223;-2.479138281595889e-06;9.17693824331739e-07;-0.13133470898339114;0.9913380826989648
51.009;-2.3803166387780474;-2.606807998838813;-0.03068602713367418;-8.68188366722319e-06;-4.7443254548229135e-06;-0.14694371134537973;0.9891448557204156
51.092;-2.388248913449032;-2.6319147695815883;-0.030687160016112325;9.001868003346534e-08;-2.876351673305946e-06;-0.16018558489914214;0.9870869153130528
51.169;-2.401394769206185;-2.669741125192588;-0.03068723260978655;-7.254964257547395e-07;-3.369195160581225e-06;-0.17406263441053255;0.9847345831695906
51.253;-2.410764935284478;-2.695004995959633;-0.030687196488785196;-7.519704051648037e-07;-3.3409166125709656e-06;-0.18081050509813387;0.9835179516584487
51.336;-2.420348022510373;-2.7202700625806338;-0.03068724839100183;-1.0873034914453788e-06;-3.9547501622846955e-06;-0.18375730670548587;0.982971643647732
51.409;-2.435088842480098;-2.7581146538285854;-0.030687194896326646;-8.036523591461705e-07;-3.528859940173753e-06;-0.18773030264061796;0.9822206134353745
51.497;-2.44502589464335;-2.7833022027738954;-0.030687262794095192;-1.1940990187219674e-06;-3.991331980808295e-06;-0.18927034490781972;0.9819250157324227
51.573;-2.455081124894806;-2.8085000421335815;-0.0306871652487716;-1.0368812032004807e-06;-3.9215829822809635e-06;-0.18905713286348355;0.9819660892805746
51.656;-2.470204292115468;-2.84632191940225;-0.030687252357485772;-1.365412990451371e-06;-3.7902600107612513e-06;-0.19006176777750514;0.9817721346692719
51.737;-2.484928748263221;-2.884124582196695;-0.030685915626880347;-9.379527485705515e-06;-6.023806137973506e-06;-0.18191959566097246;0.9833134091378427
51.83;-2.4942385808541347;-2.9095164988205746;-0.030685934609109858;-9.059337624820138e-06;-6.223980524968274e-06;-0.1702783526316916;0.9853960028862648
51.914;-2.502884439028844;-2.935115114444525;-0.030685903916168107;-8.969033253811327e-06;4.923615282247303e-06;-0.1562051873652153;0.9877246272800494
51.996;-2.5110334001520616;-2.9610423469657565;-0.030685949087291414;-8.448063325604312e-06;3.186832000057896e-06;-0.14734520608202586;0.9890851278646948
52.065;-2.5220964164806507;-3.0000175013422976;-0.030685908090317432;-1.2144800419698335e-05;2.5223211724235047e-06;-0.12994430971990042;0.9915212938800457
52.157;-2.5286008302759457;-3.0262078909155306;-0.03068582979780321;-1.2634551851347249e-05;1.7721797187964435e-06;-0.11477493828322231;0.9933915206902615
52.228;-2.5343953837149282;-3.052721989593291;-0.03068583870835874;-1.2687220331958137e-05;1.7398274643228226e-06;-0.09999141448093668;0.9949882998639276
52.292;-2.5394720885695716;-3.0794870991033303;-0.030685921971903434;-8.403556348329918e-06;2.385333624693952e-06;-0.0878462055526762;0.9961340492592787
52.383;-2.5461683344963912;-3.1197463993311962;-0.03068746032872928;-7.147216381338309e-06;-1.6292924720584076e-06;-0.08083440579141618;0.9967275449121547
52.463;-2.550531669850636;-3.146613478578522;-0.030687475445913746;-7.238280783324226e-06;-1.4491913917644308e-06;-0.0816357756270542;0.9966622296863047
52.543;-2.557187175787007;-3.1868817784619075;-0.030687483367494987;-7.289289469720797e-06;-1.3895713509230212e-06;-0.08350937014103942;0.9965069919692399
52.624;-2.5617070979366807;-3.2137111289334124;-0.030687397507186562;-7.725147342758777e-06;-7.597861471041778e-07;-0.08467301158753389;0.9964087921372644
52.715;-2.566266562340335;-3.2405349713288687;-0.030687484724905244;-7.332051291269778e-06;-1.4131451964411374e-06;-0.08496680633816442;0.9963837823674856
52.786;-2.570843278258938;-3.2673442220989055;-0.030687938312986628;-4.780767708622679e-06;-4.6154226305368e-06;-0.08562762865229635;0.9963272098900173
52.857;-2.5779593383569357;-3.3073955316219443;-0.030687504303525452;-7.185262079534543e-06;-1.2742244235077272e-06;-0.09122255964034685;0.9958305300398314
52.939;-2.5829355879534557;-3.334095268720982;-0.030687510339943325;-7.202116817256706e-06;-1.2462436863511291e-06;-0.09448359976311059;0.9955264181941034
53.026;-2.5907423045184723;-3.3740617070935626;-0.030687533941956335;-6.9421461996772574e-06;-1.3324451920067322e-06;-0.10041777522739162;0.9949453604939381
53.106;-2.5962449319710452;-3.4006133173926805;-0.03068563604212538;-1.111385249613688e-05;1.905756416137483e-06;-0.10551794974703703;0.9944173983564609
53.187;-2.6020355898635077;-3.4270924233514664;-0.03068592327249611;-1.2926572687431665e-05;2.6429051780008403e-06;-0.10847795796689678;0.9940988544713503
53.279;-2.610978838181429;-3.4666837799506367;-0.030686058952348647;-1.3202635012454752e-05;3.1953316934850473e-06;-0.1125579171998553;0.9936451655853367
53.356;-2.6170545081720125;-3.493116906406215;-0.030685924068164665;-1.2992253502454094e-05;2.5291223405213037e-06;-0.11238243440175782;0.9936650281975007
53.444;-2.6261958983912512;-3.5328435648904977;-0.030685926928035137;-1.2973195638216364e-05;2.5226522643604414e-06;-0.11222553358854999;0.993682760963527
53.523;-2.6323047550375747;-3.5593390298634118;-0.030685886639279673;-1.2863537290532583e-05;2.3455313220166698e-06;-0.1122548907232409;0.9936794449608692
53.602;-2.638429771314772;-3.5858087808162598;-0.030685935699484426;-1.295278409932194e-05;2.591972657860505e-06;-0.11319626829592364;0.9935726469007612
53.691;-2.647663631297153;-3.625491561273755;-0.03068593233079698;-1.2974830443572938e-05;2.503970808521792e-06;-0.11390270127682471;0.993491909613373
53.77;-2.6538418762817857;-3.6519596887385055;-0.030686104582870764;-8.319687292498265e-06;5.551415965899019e-06;-0.11406457325838043;0.9934733378542921
53.853;-2.663135703244129;-3.6916050109265677;-0.030685928058637034;-1.2967316147804448e-05;2.4625843632611293e-06;-0.11622014376497056;0.9932234783818968
53.938;-2.669437748558247;-3.7180436895810254;-0.030685949143907473;-1.296402641759339e-05;2.5743744525167104e-06;-0.11611667170615075;0.993235580503031
54.014;-2.6757358075819533;-3.74449513623013;-0.03068595209713859;-1.2961140743795079e-05;2.5714787403139386e-06;-0.1160117218281934;0.9932478443086872
54.102;-2.682029188217382;-3.7709517191328947;-0.03068595518216034;-1.2960246663064956e-05;2.5697958526454257e-06;-0.11590673061725545;0.993260101696956
54.191;-2.6914592859868667;-3.8106412103952167;-0.03068595989149535;-1.2960165260978784e-05;2.5676103565889696e-06;-0.11574920217785471;0.9932784715378824
54.263;-2.7008769499731358;-3.8503343358477697;-0.030685964626425907;-1.2960466796748414e-05;2.565528037841734e-06;-0.11559165904661936;0.993296817766117
54.351;-2.707148416579005;-3.8767981583702893;-0.03068596778699708;-1.2960719182655253e-05;2.5641545653855954e-06;-0.11548662736608875;0.9933090348552414
54.431;-2.7134142905819885;-3.903263323718293;-0.030685970947164277;-1.2960976503773841e-05;2.5627782184689024e-06;-0.11538159423437033;0.993321240856844
54.516;-2.7228026093956537;-3.9429635645061754;-0.030685975688976012;-1.2961370779203962e-05;2.5607191477702253e-06;-0.11522404223229232;0.9933395290217221
54.6;-2.7290544923128737;-3.969432047284278;-0.03068597885045673;-1.2961636125927187e-05;2.5593478585974606e-06;-0.11511900611384586;0.9933517072300254
54.667;-2.7353007776210276;-3.9959018520829717;-0.030685982012020007;-1.2961898620010148e-05;2.557973477717912e-06;-0.11501396885630955;0.9933638743146269
54.748;-2.7446597093500826;-4.035609034966525;-0.030685986755748178;-1.2962298464986159e-05;2.5559176981128493e-06;-0.11485641084247;0.9933821040837367
54.843;-2.754006044739472;-4.075319184921348;-0.030685991498157067;-1.2962692721089357e-05;2.553858143086813e-06;-0.11469885028703623;0.993400308822319
54.938;-2.7602299365744294;-4.101794264592718;-0.030685994660702938;-1.2962957466639582e-05;2.552486921649354e-06;-0.11459380850659287;0.9934124314087283
55.015;-2.769555276012703;-4.141509350677541;-0.030685999404304172;-1.296335210489394e-05;2.5504272959500184e-06;-0.11443624372636503;0.9934305944288444
55.114;-2.775783129931079;-4.167982169802559;-0.030685959288997547;-1.285692137642113e-05;2.3737246518396396e-06;-0.11446552827881484;0.9934272206180566
55.187;-2.7851626988852902;-4.207638657230535;-0.030686010400111784;-1.2948739276661142e-05;2.626832997804324e-06;-0.1158654002151131;0.9932649238035246
55.277;-2.791436786359673;-4.234067983259395;-0.03068600506857591;-1.2969257916421109e-05;2.532842889915216e-06;-0.11611295558239446;0.9932360149386972
55.353;-2.7977335552846836;-4.260513520398054;-0.03068601386421279;-1.2962862386037312e-05;2.572079185348626e-06;-0.11600864724258228;0.9932482034165956
55.431;-2.8071700690972983;-4.300192059741851;-0.030686181843485656;-8.30645398972355e-06;5.568196245243789e-06;-0.11611745052183883;0.9932354894909398
55.523;-2.8134657327685084;-4.326597545709575;-0.03068608805032964;-8.054927920671974e-06;4.3028313452427234e-06;-0.11871995667739263;0.9929277777376971
55.611;-2.823168483824588;-4.366147090379999;-0.030686089391875924;-1.2812689135991233e-05;3.049902208197581e-06;-0.12257554206487802;0.992459186220791
55.693;-2.829820884971469;-4.392473516884237;-0.030686033213056546;-1.2932724679545084e-05;2.726303079489932e-06;-0.12344753362201483;0.9923511003006716
55.777;-2.839916573437225;-4.431834274170284;-0.03068609194677735;-7.85171796584173e-06;4.653230882196033e-06;-0.12866375332814636;0.9916882768774732
55.867;-2.8469063949618008;-4.457998496388231;-0.030686100886341224;-1.279014131624571e-05;3.359224065081535e-06;-0.1332048202049214;0.9910885307071726
55.949;-2.857856337953894;-4.497100500727501;-0.03068605191934167;-1.2854145550718572e-05;3.031138789880568e-06;-0.13763655782355164;0.9904828003433817
55.949;-2.86525216827309;-4.523149125915899;-0.03068602908020351;-1.293845857409681e-05;2.7460107002356563e-06;-0.13859568853430373;0.9903490470257231
56.114;-2.8727330197036536;-4.5492522377163125;-0.030686049218709918;-1.2911582759268632e-05;2.868545756968498e-06;-0.13849331118113364;0.9903633689626997
56.198;-2.8839384241563963;-4.588400422596743;-0.03068616234133711;-1.2926003764046601e-05;3.1854185320137015e-06;-0.14097765286552233;0.9900127783090983
56.274;-2.8915273337809597;-4.614483054886426;-0.03068605760366712;-1.2903931160626705e-05;2.8971496891672555e-06;-0.1408048950010687;0.9900373636226226
56.357;-2.902934027795686;-4.6536374111502825;-0.030686061034105504;-1.2894938244026834e-05;2.8929855868588343e-06;-0.14064821970154018;0.9900596336181667
56.446;-2.910533569027157;-4.679748644194579;-0.030686064070580134;-1.2894013108468228e-05;2.8912540219378172e-06;-0.1405435268204517;0.9900745006787389
56.537;-2.921955798911363;-4.718899082738543;-0.030686077473743086;-1.2874512917566153e-05;2.9948722439194044e-06;-0.14105398607585648;0.9900019054715955
56.621;-2.929563089795327;-4.7449741001229215;-0.030686161839677213;-1.2959749787820304e-05;3.3224964623490856e-06;-0.1416984813816042;0.9899098646822111
56.711;-2.9409999119339374;-4.784128963046765;-0.030686082367806577;-1.2889983659070677e-05;2.9339706670514193e-06;-0.14064433602120105;0.9900601853273344
56.79;-2.9486002481363696;-4.8102448374338795;-0.030686079573010755;-1.2892729560092507e-05;2.8906250243651233e-06;-0.14053902850035416;0.9900751392160085
56.874;-2.9599020515829233;-4.8494440198058;-0.03068610759567907;-1.2912102997623078e-05;2.8462276351980066e-06;-0.13889919810571022;0.9903065245623537
56.957;-2.9672547229901567;-4.87565466680509;-0.030686063985076055;-1.295799884001287e-05;2.4587096368675003e-06;-0.1344968606634698;0.9909140196292089
57.04;-2.9778978155255587;-4.915169075679884;-0.03068612539525742;-7.989142258043903e-06;3.813668026741223e-06;-0.12904156377467163;0.9916391857627537
57.118;-2.984811518455974;-4.941508707831231;-0.030686109222465733;-7.717777581732583e-06;4.332735238498378e-06;-0.12787130117937304;0.9917907693946124
57.189;-2.9916773218144863;-4.967829022137338;-0.030686180003440533;-8.228596619461561e-06;4.023748558269099e-06;-0.1275478833595473;0.9918324139523768
57.273;-2.998524448074302;-4.994140583755476;-0.03068618293757576;-8.228946851863252e-06;4.022771312325628e-06;-0.1272649131926618;0.9918687623804704
57.357;-3.0087650266015693;-5.033605026199795;-0.030686258137752456;-8.780945786143966e-06;3.597349885330269e-06;-0.1267576105627095;0.9919337216136905
57.436;-3.0154881467379284;-5.059934562391225;-0.030686172245915078;-1.2835229664685868e-05;2.8000173605471043e-06;-0.12417186764671526;0.9922607253703754
57.515;-3.0220056233196195;-5.086344139402335;-0.030686216181699297;-8.311168758244645e-06;5.0322955052937995e-06;-0.11836519844328523;0.992970130317666
57.609;-3.0313758380202387;-5.126077759195027;-0.030686207302153837;-8.428456525532729e-06;3.5612360351431006e-06;-0.11346476999953113;0.9935420201910096
57.691;-3.0374001135416844;-5.152573865968914;-0.030686209581618752;-8.43762320063545e-06;3.53066197176167e-06;-0.11027621891177082;0.9939009786990172
57.77;-3.04611259386017;-5.192367008522359;-0.030686214777135963;-8.457780738140725e-06;3.4914182472713376e-06;-0.10549388194870349;0.9944199519255781
57.858;-3.0517057754015395;-5.218937477914637;-0.030686080576394926;-7.425723969298498e-06;4.316133796498545e-06;-0.10246769961093632;0.994736332131622
57.939;-3.05988292831671;-5.258859513368321;-0.03068619096471542;-1.2783505172259345e-05;2.462121371406229e-06;-0.10029036439443327;0.9949582115044591
58.032;-3.065095518491244;-5.285503571237361;-0.03068746157015704;5.33241595888319e-07;-6.538442621054396e-06;-0.0953605003780167;0.9954428034420756
58.116;-3.072718097533096;-5.325554129217309;-0.030687555849371582;-1.12415815237741e-06;-4.063756149690543e-06;-0.09331459471077667;0.9956366738907249
58.204;-3.077711554524282;-5.352267314823218;-0.03068756225743871;-1.1100690300077746e-06;-4.0663176149117565e-06;-0.0920493111162805;0.9957544498043939
58.204;-3.085073999303246;-5.39235851239495;-0.03068756695763391;-1.1024988985979852e-06;-4.068417515939801e-06;-0.09015122168625678;0.9959280883732058
58.291;-3.0898972590374902;-5.419100884186494;-0.030687570131532605;-1.0972537039139792e-06;-4.069813225209436e-06;-0.08888562517650632;0.99604183929151
58.457;-3.0970046180520034;-5.459236928498473;-0.030687574902067728;-1.0893116104844974e-06;-4.071895879585399e-06;-0.08698690917041645;0.9962094546907347
58.457;-3.1039588846618034;-5.499399659659908;-0.030687579677422694;-1.0813366537814273e-06;-4.073959394819218e-06;-0.08508780466224955;0.9963734568323227
58.549;-3.1085099661890725;-5.526189396760058;-0.030687582862426163;-1.0760131169046135e-06;-4.0753232250595215e-06;-0.0838215203251507;0.996480783915382
58.634;-3.1129929361239554;-5.552990609592254;-0.030687586050009406;-1.0706877127490607e-06;-4.076683618217518e-06;-0.08255506582189569;0.9965865045691602
58.719;-3.1195545242519835;-5.5932279193766865;-0.030686210246449897;-9.076594439857185e-06;-7.445929868325626e-06;-0.07947288106445022;0.9968370283238326
58.818;-3.1258673758112563;-5.633624319711205;-0.030686218623690194;-9.002728304571744e-06;-7.414021588048058e-06;-0.0747880109589404;0.9971994551145666
58.903;-3.1298689611933086;-5.6606155212641545;-0.030686221746870412;-8.975034233868357e-06;-7.443145479677259e-06;-0.07166008321429357;0.9974291114348772
58.991;-3.1355551042301784;-5.70115807620089;-0.030686226502527413;-8.937877932452652e-06;-7.4857321621423775e-06;-0.0669655505018034;0.9977552880892533
59.074;-3.139141194224545;-5.728215657321313;-0.030687411366141296;-6.47168303214174e-07;-4.828258655646033e-06;-0.06401773513884627;0.9979487609912454
59.161;-3.1441800932838895;-5.7687647086819105;-0.030686236420321998;-8.74590257409716e-06;-6.773156720613006e-06;-0.060740021068657994;0.9981536203001082
59.244;-3.1473435737454865;-5.795830506747572;-0.03068624416681051;-8.890313143087206e-06;-7.693608848528462e-06;-0.05572749716625558;0.9984460155268065
59.329;-3.151712631314356;-5.8364860524530275;-0.03068763081605109;-8.253691277169499e-07;-4.0231270405500474e-06;-0.053100245460322645;0.9985891867605952
59.421;-3.1543797693462845;-5.863074972912527;-0.030686074863710305;-8.141786418133809e-06;-7.899313984403978e-06;-0.05274052423449101;0.9986082500033652
59.493;-3.156145064619144;-5.888299579705717;-0.030688354817821263;6.332309325208708e-07;-2.884467127229643e-06;-0.05259662619255104;0.9986158395020781
59.579;-3.158770365501884;-5.912812069040812;-0.03068624067605511;-8.697750551270333e-06;-7.461837728660418e-06;-0.05245172197599556;0.9986234609353132
59.642;-3.1626470109065625;-5.949238492261406;-0.0306862461420821;-8.758982692622623e-06;-7.465763563915091e-06;-0.05229143470760279;0.9986318669678848
59.737;-3.1655445812619916;-5.983917723182464;-0.03068684276213965;-8.480384270790769e-06;-2.1329575609077766e-06;-0.058351062451517166;0.998296125122357
59.825;-3.168041016987742;-6.00566161241555;-0.030687654363028904;-7.989549110374209e-07;-4.023159944172065e-06;-0.05837087359415253;0.9982949669807173
59.918;-3.171767456042385;-6.0378668316589374;-0.030687640021115015;-8.739899788711974e-07;-4.013875239351678e-06;-0.057940653555448134;0.998320029173357
60.0;-3.174224160998449;-6.059234200865101;-0.030687641260026502;-8.880623298351473e-07;-4.015944907448346e-06;-0.05765392216274706;0.9983366292199918
60.088;-3.1778744074108873;-6.0911842456607905;-0.030687693726001622;-3.3743519237835767e-07;-3.963065063714658e-06;-0.05722545748939331;0.9983612807993456
60.177;-3.1800724108138008;-6.111400454404795;-0.030686357971373264;9.981947612442887e-07;-1.4981412503698904e-05;-0.05735645672182697;0.9983537632757629
60.249;-3.1812177890843993;-6.130453334048493;-0.030686254458625144;-8.63305553204169e-06;-7.324900149099828e-06;-0.06220145906303302;0.9980636143865009
60.34;-3.1856586777569915;-6.157973359902728;-0.03068625155597396;-8.787574548335138e-06;-7.310814224273533e-06;-0.0641691879969317;0.9979390337997333
60.34;-3.1894795467559858;-6.176233345756848;-0.030686260590961092;-8.79391737413433e-06;-7.38632779467696e-06;-0.06335640235607326;0.9979909649634132
60.504;-3.1948725854917273;-6.203628079132024;-0.030686056034195563;-8.332573154801539e-06;-9.246740837374393e-06;-0.06195258409361488;0.9980790936439805
60.588;-3.196959430935536;-6.220758953755145;-0.030687590808454186;-5.39279805565127e-07;-4.00632748276776e-06;-0.06102485536665752;0.9981362467174195
60.674;-3.1998987369523455;-6.245014309225833;-0.030687657483183195;-6.403760761189184e-07;-3.890215702136325e-06;-0.06152372832327369;0.9981056210830898
60.763;-3.2028031792567453;-6.260593405765313;-0.03068626740138082;-8.674364797154124e-06;-7.183440077364897e-06;-0.06111681697018465;0.9981306199874778
60.85;-3.2075883580930884;-6.283863051245443;-0.030686090457553883;-9.048412158049017e-06;-1.0378827533345983e-05;-0.0584322852887117;0.9982913742221481
60.935;-3.2094628096858844;-6.299439768851905;-0.030686270837905212;-8.078147370283253e-06;-7.066240513241796e-06;-0.05886122722581591;0.9982661748322852
61.018;-3.21199980370384;-6.320475895782224;-0.030686287867182742;-8.59917889005731e-06;-7.425506528221235e-06;-0.058657023255213964;0.9982781944396829
61.095;-3.212792340937534;-6.327063501288302;-0.03068628986940447;-8.691700637997218e-06;-7.417527077565218e-06;-0.05860113473030601;0.9982814767778451
61.175;-3.2153748107096556;-6.346408902379891;-0.030688321626947755;4.2377618602439236e-07;-1.9005395569881514e-06;-0.05844566111208623;0.9982905913076511
61.262;-3.219764149530544;-6.365318006006742;-0.030686280760801744;-8.718168078247563e-06;-7.45414745419242e-06;-0.05629172194885325;0.9984143638332045
61.342;-3.2226628686899246;-6.377989891552613;-0.030686282167200353;-8.697945987964674e-06;-7.471558023516884e-06;-0.05473576894816465;0.9985008740437711
61.434;-3.2269417413022548;-6.397035650320323;-0.03068628438407888;-8.676667360271648e-06;-7.4931603583441004e-06;-0.052398498833476935;0.9986262550066297
61.522;-3.2311328771856727;-6.416107775818317;-0.030686286624329696;-8.658232014098903e-06;-7.5137697305338875e-06;-0.05005999797083015;0.998746212244001
61.613;-3.233614302274396;-6.428775494345518;-0.030686084696427203;-8.103458933621253e-06;-9.984473340577464e-06;-0.048498080214391025;0.9988232756850247
61.693;-3.235292914637149;-6.445390928202199;-0.03068630304662756;-8.547337878669113e-06;-7.51238836901964e-06;-0.04831318089172238;0.998832236375374
61.783;-3.236315965698428;-6.455630190661616;-0.030686305968899662;-8.67633743311487e-06;-7.501947719622527e-06;-0.048203554627595756;0.9988375329300089
61.873;-3.2380691257123684;-6.47063936926825;-0.030688357717322385;6.467129864783408e-07;-2.129168910553723e-06;-0.0480692614225083;0.9988440048883225
61.949;-3.240457988828744;-6.480393861439968;-0.030686282310259407;-8.648686531594934e-06;-7.642990776430309e-06;-0.04683452422265562;0.99890266152795
62.039;-3.2440432079518606;-6.495167750533229;-0.030686287973047767;-8.582065445012367e-06;-7.538490558193929e-06;-0.04497027351772603;0.9989883254419244
62.12;-3.2464075642737504;-6.505049047093286;-0.030686289120447456;-8.568944142039765e-06;-7.550482138821332e-06;-0.04372007060788221;0.9990438205081925
62.196;-3.2487484797547017;-6.514941568387909;-0.030686290278647645;-8.558181947753681e-06;-7.561691102154174e-06;-0.042468997544141976;0.9990977850626904
62.281;-3.2522141039280186;-6.52979430079632;-0.03068629202426159;-8.543344125480354e-06;-7.578007253833684e-06;-0.04059181740381958;0.9991758124721796
62.369;-3.2535561286147963;-6.539743168185159;-0.030686315189186943;-8.738106547394734e-06;-7.626379763742081e-06;-0.04060908324913261;0.9991751108905531
62.45;-3.254845252146979;-6.554648738569082;-0.030686315158322396;-8.673519909713258e-06;-7.539129887250717e-06;-0.042162547988680264;0.9991107643374851
62.536;-3.254494166357022;-6.563851190234039;-0.030688219560752038;1.4060093363134163e-06;-4.223138527623286e-06;-0.04384646443750771;0.9990382813168467
62.625;-3.2550474994333465;-6.575507798871715;-0.030686318512781897;-8.607750966462125e-06;-7.563003608731386e-06;-0.04508812497605573;0.9989830132964481
62.716;-3.2557359069367244;-6.5827884052744885;-0.030686321501519016;-8.679876516455282e-06;-7.5271661208157135e-06;-0.04498117670166775;0.9989878345658345
62.798;-3.256749181145681;-6.593538816602252;-0.03068632318831834;-8.709778089058544e-06;-7.526189163444398e-06;-0.04482251790134096;0.9989949658314
62.887;-3.2574196854219077;-6.6006733712773;-0.030686324106179358;-8.714036333737093e-06;-7.5267397892699245e-06;-0.0447172927945475;0.9989996814776971
62.973;-3.260049070119295;-6.611037820033026;-0.03068629913660292;-8.473032824657716e-06;-7.362987416322664e-06;-0.04369563849120371;0.999044889407298
63.06;-3.262134878854269;-6.61800810768179;-0.030686294357338613;-8.507068876892605e-06;-7.551029487747269e-06;-0.042164458012018416;0.9991106837338717
63.147;-3.265245499193896;-6.628554259994759;-0.03068629523114691;-8.480372393577253e-06;-7.580658421598866e-06;-0.039955455125244066;0.9992014619066326
63.235;-3.2663408682925654;-6.635665778466648;-0.030686328834296006;-8.671382080922137e-06;-7.863960068853162e-06;-0.03945180481769891;0.9992214744287632
63.325;-3.2672477798774913;-6.646324851671378;-0.030686326892730723;-8.668966551791309e-06;-7.561145727193873e-06;-0.04052525590950099;0.9991785143312218
63.411;-3.268176502005511;-6.656962342168809;-0.030686328202009307;-8.67938116997433e-06;-7.551929922969507e-06;-0.04158465706256181;0.9991349839559347
63.5;-3.2688241587570026;-6.664034837114453;-0.030686327908001586;-8.66769758459055e-06;-7.5282344706330285e-06;-0.04263052256896947;0.9990909059808789
63.584;-3.269761108471857;-6.6746575211229855;-0.03068633241074579;-8.724507853021225e-06;-7.413415054889654e-06;-0.043225812082860963;0.999065327713209
63.672;-3.2704050656813686;-6.681769460393561;-0.030686333879280294;-8.708159939854396e-06;-7.540172454401576e-06;-0.04311518226153756;0.9990701081134739
63.76;-3.271371668958821;-6.692453080107003;-0.03068633510809421;-8.70399833646921e-06;-7.5419255508842925e-06;-0.042957711996739714;0.9990768913589009
63.852;-3.272335350203796;-6.703141723311287;-0.030686336378065233;-8.702244532632418e-06;-7.543345695606759e-06;-0.042800145004406355;0.9990836538823817
63.931;-3.2729695170733684;-6.710184960581349;-0.03068631660608427;-7.727117586026847e-06;-7.447992349894115e-06;-0.04268510368733295;0.9990885755567527
64.028;-3.2737109761577488;-6.718223972864939;-0.030686335701553727;-8.507012313858705e-06;-7.558941089006882e-06;-0.04249650203074217;0.999096615541082
64.112;-3.2741285281943036;-6.722762965594108;-0.030686337876851183;-8.633531941727473e-06;-7.5508267863659675e-06;-0.04238709001100022;0.999101263370659
64.203;-3.2747268842892323;-6.729283600017078;-0.03068633932798553;-8.684755268988174e-06;-7.548516306440674e-06;-0.04222779045484816;0.9991080089664462
64.289;-3.2751196663398203;-6.733575870494667;-0.030686339949360708;-8.69248106956334e-06;-7.548834835450948e-06;-0.04212250913189529;0.9991124531762626
64.371;-3.275631504778149;-6.739011774090847;-0.030687806922566965;9.75145651470972e-06;-8.162201176971232e-07;-0.042060357708974434;0.9991150715576439
64.461;-3.27565359113036;-6.738933113824894;-0.030687775482104482;-3.900595714983585e-07;-3.1498970712928898e-06;-0.0423355397687175;0.999103449129477
64.543;-3.2756578460545462;-6.73886713115374;-0.030687778701854938;-3.9408565243539633e-07;-3.1716742541880304e-06;-0.04266933700305747;0.9990892491011525
64.633;-3.2756528247279593;-6.738823824116617;-0.030687778648334336;-3.9455336310161925e-07;-3.170349359876387e-06;-0.042892256804774744;0.9990797036753307
64.721;-3.2756412887268995;-6.738759211883027;-0.03068777861656957;-3.9548049549062794e-07;-3.1695099684498334e-06;-0.04322675187384124;0.9990652871120262
64.785;-3.2756325430078235;-6.738716231352673;-0.030687778606319095;-3.9615085787282885e-07;-3.169226788694018e-06;-0.04344977537600111;0.999055612570979
64.871;-3.2756234685942167;-6.738673281968997;-0.03068777859919857;-3.968389493801393e-07;-3.1690297328381907e-06;-0.043672804323658394;0.9990458879112148
64.954;-3.275609588932983;-6.7386088861782385;-0.030687778590507232;-3.9788379647746254e-07;-3.1687923998146578e-06;-0.044007347139071284;0.9990312074142538
65.043;-3.27560025141189;-6.738565966315527;-0.030687778585787348;-3.9858008020341564e-07;-3.168648196040959e-06;-0.04423037234342373;0.9990213582062013
65.127;-3.275586178351337;-6.738501597300064;-0.030687778578781067;-3.996300857143189e-07;-3.168445310880244e-06;-0.044564903265359154;0.9990064911634712
65.215;-3.2755767641910025;-6.738458690727845;-0.03068777857342842;-4.0033275198681987e-07;-3.1683106185214737e-06;-0.04478791889310506;0.998996517667117
65.31;-3.2755626026437197;-6.738394339349539;-0.030687778566707253;-4.013826626535323e-07;-3.168112925301851e-06;-0.045122434589590206;0.9989814642357034
65.394;-3.2755483958501217;-6.738329997893315;-0.030687778559678247;-4.0243320545604843e-07;-3.1679096557342172e-06;-0.04545694086897219;0.998966298989429
65.482;-3.2755389001535096;-6.738287109058461;-0.030687778554779107;-4.031339635274888e-07;-3.1677757923449413e-06;-0.04567993979009596;0.9989561267095647
65.569;-3.2755246201692976;-6.7382227840022635;-0.030687778548363857;-4.0418570735207725e-07;-3.1675793355942136e-06;-0.04601443024339757;0.9989407751209172
65.651;-3.2755150759538245;-6.738179906101753;-0.03068777854348645;-4.048851116267544e-07;-3.167441098977643e-06;-0.0462374185780961;0.9989304786185259
65.731;-3.2755007233376507;-6.73811559747305;-0.030687778536374728;-4.059352916128246e-07;-3.1672402372750626e-06;-0.04657189310780994;0.9989149407042416
65.823;-3.275491130743403;-6.738072730546474;-0.030687778531278576;-4.066363584172414e-07;-3.16710433459691e-06;-0.04679487079944647;0.9989045199901078
65.914;-3.2754767055879537;-6.738008438415017;-0.030687778525097124;-4.076857983345539e-07;-3.1669029378220604e-06;-0.04712932932351659;0.9988887957662356
65.998;-3.275467064646079;-6.737965582511538;-0.030687778520436818;-4.08385139372554e-07;-3.1667680372723604e-06;-0.047352296317937574;0.9988782508510351
66.092;-3.2754525669825005;-6.7379013069526446;-0.030687778513612828;-4.094363200644324e-07;-3.166566010999373e-06;-0.04768673875589719;0.9988623403335578
66.171;-3.275442877709893;-6.737858462123053;-0.030687778508367573;-4.1013776268200766e-07;-3.166430077539356e-06;-0.04790969499948362;0.9988516712279467
66.26;-3.2754283075615738;-6.737794203213029;-0.03068777850159094;-4.1118869608976183e-07;-3.1662285479290966e-06;-0.048244121271112;0.9988355744328414
66.345;-3.2754136939331566;-6.7377299543287466;-0.030687778494755687;-4.122380705371789e-07;-3.1660218377630655e-06;-0.04857853780390764;0.9988193658788564
66.437;-3.2754039273625795;-6.737687127322621;-0.03068777849005828;-4.1293863052018564e-07;-3.165887914045603e-06;-0.04880147673491561;0.9988084980907493
66.518;-3.2753941414734253;-6.737644304792789;-0.030687778484856515;-4.1363926069477894e-07;-3.1657496635552105e-06;-0.04902441131595551;0.9987975806363024
66.613;-3.2753794264226657;-6.737580079408843;-0.030687778478586024;-4.1468924850203546e-07;-3.165547077983455e-06;-0.049358805013532035;0.9987811113339317
66.704;-3.2753646679185904;-6.737515864142052;-0.030687778471869744;-4.1573742507743905e-07;-3.165339787143959e-06;-0.04969318887571354;0.9987645302918855
66.786;-3.275354804779067;-6.737473059598503;-0.030687778467093696;-4.164375875311539e-07;-3.165202832885635e-06;-0.049916105972457187;0.9987534141890853
66.878;-3.2753399738705897;-6.737408861254661;-0.03068777846012923;-4.174907802947911e-07;-3.16500005720181e-06;-0.05025047337898396;0.9987366469270049
66.963;-3.2753300624690094;-6.737366068018546;-0.030687778455947064;-4.181897838085609e-07;-3.164865776755711e-06;-0.050473379478287395;0.9987254066828627
67.046;-3.2753151591786556;-6.73730188667395;-0.030687778448199796;-4.1924367772197296e-07;-3.164657919705769e-06;-0.05080773034760907;0.9987084532168203
67.14;-3.275300212470044;-6.737237715565503;-0.030687778441488227;-4.2029129208669556e-07;-3.1644500206772138e-06;-0.05114207125607073;0.9986913880360881
67.23;-3.275290223880359;-6.737194940526921;-0.030687778437228044;-4.2099055612406795e-07;-3.164312846260132e-06;-0.05136495964701386;0.9986799491880624
67.315;-3.2752802159996706;-6.737152170057754;-0.030687778432630153;-4.2169068514402007e-07;-3.1641749171332197e-06;-0.051587843589308936;0.998668460693345
67.39;-3.2752651680133327;-6.7370880229401084;-0.030687778426151623;-4.2274042516544977e-07;-3.163967397602543e-06;-0.051922161142731876;0.9986511348674665
67.484;-3.275250076635871;-6.737023886150069;-0.03068777841895447;-4.2378987051848455e-07;-3.163760265134128e-06;-0.0522564686382761;0.998633697346163
67.568;-3.2752399916153996;-6.736981134040913;-0.03068777841430574;-4.2449062465303355e-07;-3.1636204860915377e-06;-0.052479334699757636;0.9986220102818094
67.658;-3.275224827937538;-6.736917014524053;-0.030687778408234723;-4.2553901575596765e-07;-3.163412420176539e-06;-0.05281362536732152;0.9986043866143248
67.738;-3.2752146947244407;-6.736874273955953;-0.030687778403382;-4.262396581711171e-07;-3.1632757210136844e-06;-0.05303648018344944;0.9985925754578605
67.831;-3.275199458769024;-6.736810171788507;-0.030687778396179265;-4.2729035596354304e-07;-3.163064845178497e-06;-0.05337075394184793;0.998574765660284
67.925;-3.275184179458085;-6.736746080067416;-0.03068777838978809;-4.283399566307616e-07;-3.162858483298914e-06;-0.053705017516238185;0.998556844192354
68.001;-3.275173969168487;-6.736703358070365;-0.030687778385332033;-4.290375146107611e-07;-3.1627165113410948e-06;-0.05392785422637863;0.9985448345108756
68.082;-3.2751637396158597;-6.736660640736296;-0.030687778380631456;-4.2973797340012734e-07;-3.1625766630760087e-06;-0.05415068638867594;0.998532775202421
68.168;-3.275148359174161;-6.736596573496211;-0.03068777837397503;-4.307905152962999e-07;-3.162369990521439e-06;-0.054484926085852446;0.9985145931929252
68.249;-3.275138081474791;-6.736553867855343;-0.03068777836915819;-4.314887096156657e-07;-3.1622259951008634e-06;-0.054707746839786395;0.9985024098245973
68.342;-3.2751226288244726;-6.7364898181930295;-0.03068777836318691;-4.325363284699951e-07;-3.162017203324228e-06;-0.05504196938403788;0.9984840417333375
68.426;-3.2751123029936697;-6.736447124296037;-0.030687778358322478;-4.332384359816177e-07;-3.1618785892461185e-06;-0.05526477867616371;0.998471734315844
68.517;-3.275096778157842;-6.736383092287674;-0.03068777835150382;-4.3428674803541637e-07;-3.1616632474201067e-06;-0.05559898398570028;0.9984531801589762
68.602;-3.2750864042111023;-6.736340410185203;-0.03068777834734929;-4.349878374875563e-07;-3.161527742579971e-06;-0.05582178176146619;0.9984407487030921
68.602;-3.2750708072129795;-6.736276395906643;-0.030687778340952966;-4.3603573960690465e-07;-3.1613142264139563e-06;-0.056155969755510224;0.998422008496725
68.754;-3.2750603851658195;-6.736233725649668;-0.03068777833659891;-4.3673516934211394e-07;-3.1611741623858904e-06;-0.05637875595990271;0.9984094530132565
68.848;-3.2750499438828293;-6.736191060144946;-0.030687778331724033;-4.374358436796109e-07;-3.161032269256591e-06;-0.05660153752050648;0.9983968479217727
68.848;-3.275034245896632;-6.736127070816076;-0.03068777832480669;-4.3848690992454706e-07;-3.1608205377288034e-06;-0.05693570113564103;0.9983778472732705
68.927;-3.27502375653501;-6.736084417227612;-0.030687778320032277;-4.3918403889136356e-07;-3.1606749728881047e-06;-0.05715847104871494;0.9983651181692952
69.019;-3.275007986442538;-6.736020445811322;-0.030687778314282866;-4.4023138133991014e-07;-3.160463062581953e-06;-0.05749261715213494;0.9983459315101234
69.101;-3.274997449017857;-6.735977804189735;-0.03068777830962736;-4.4093293397418696e-07;-3.1603233675136274e-06;-0.057715375364014984;0.9983330784044014
69.181;-3.2749816068425552;-6.735913850761825;-0.030687778303015223;-4.419834155442069e-07;-3.160111431324296e-06;-0.05804950387393972;0.9983137057507564
69.266;-3.2749710213705647;-6.735871221158097;-0.03068777829778775;-4.42682945299612e-07;-3.159965949574531e-06;-0.05827225032902292;0.9983007286541518
69.346;-3.274955107136018;-6.735807285794749;-0.030687778291902463;-4.4373179518225244e-07;-3.159753919030973e-06;-0.05860636116351254;0.9982811700222495
69.432;-3.274944473632324;-6.735764668259224;-0.03068777828719009;-4.4443222294144496e-07;-3.15960951973394e-06;-0.0588290958077658;0.9982680689455414
69.515;-3.2749284873621556;-6.735700751036438;-0.030687778280516623;-4.45480384408952e-07;-3.1593955040719415e-06;-0.059163188884657734;0.9982483243516204
69.604;-3.274917805842621;-6.735658145620013;-0.030687778276112045;-4.461787740124568e-07;-3.1592500313908554e-06;-0.059385911663171705;0.9982350993056467
69.691;-3.274907105121099;-6.735615545065248;-0.03068777827232093;-4.468780432254401e-07;-3.159108613957585e-06;-0.05960862968047391;0.998221824674975
69.769;-3.2748910180408237;-6.735551653366897;-0.030687778264962676;-4.4792926647361657e-07;-3.158893886917188e-06;-0.05994269775904456;0.9982018197615093
69.849;-3.2748802693256764;-6.735509065002177;-0.030687778260927646;-4.486282635636953e-07;-3.1587514640695506e-06;-0.060165403833909864;0.9981884211767453
69.93;-3.274869501417491;-6.735466481527605;-0.030687778256358482;-4.493252676285496e-07;-3.158601490267916e-06;-0.06038810511584369;0.9981749730134187
70.009;-3.2748533135738236;-6.735402615502674;-0.030687778250029316;-4.503763453048959e-07;-3.1583907386815864e-06;-0.060722148035280976;0.9981547078122727
70.096;-3.274842497694239;-6.735360044289064;-0.03068777824544775;-4.510760138130483e-07;-3.1582463301804936e-06;-0.06094483729860518;0.99814113571001
70.184;-3.274826237905478;-6.735296196693245;-0.030687778239645445;-4.521223417844753e-07;-3.158028850181603e-06;-0.061278862147554146;0.9981206846086917
70.271;-3.2748099349610493;-6.735232360191487;-0.030687778232629727;-4.5317340594829123e-07;-3.157811657890303e-06;-0.06161287611514577;0.9981001219750665
70.358;-3.274799042360372;-6.73518980870043;-0.03068777822785311;-4.538725710419009e-07;-3.157665497485545e-06;-0.06183554603347407;0.9980863515931702
70.449;-3.274782667509246;-6.735125990749691;-0.03068777822228278;-4.5491903867611483e-07;-3.157449801021169e-06;-0.06216954179929383;0.9980656030854334
70.537;-3.2747717269788024;-6.735083451651215;-0.03068777821780054;-4.556185951061502e-07;-3.1573042615268904e-06;-0.06239219955559017;0.998051708792906
70.628;-3.274755280245038;-6.7350196523270505;-0.030687778210970636;-4.5666916072272636e-07;-3.15708641754033e-06;-0.06272617703685769;0.9980307744274047
70.721;-3.274738790393369;-6.734955864215437;-0.030687778205175223;-4.5771654161552666e-07;-3.1568682398075742e-06;-0.06306014350774458;0.9980097285550914
70.818;-3.2747222574324497;-6.734892087343582;-0.030687778198041582;-4.5876561042879104e-07;-3.1566467882720067e-06;-0.0633940989382772;0.9979885711818695
70.908;-3.2747112115132104;-6.734849575686791;-0.030687778193978228;-4.594655027005882e-07;-3.156503353896858e-06;-0.06361672974422766;0.997974404324317
71.0;-3.2746946067230365;-6.734785817608692;-0.030687778187329002;-4.605126903403282e-07;-3.1562818932215733e-06;-0.06395066670829215;0.9979530611293254
71.095;-3.274677958847005;-6.734722070843406;-0.03068777818152759;-4.615611746182773e-07;-3.15606420064599e-06;-0.06428459255302824;0.9979316064491182
71.188;-3.2746668363306894;-6.734679579298304;-0.03068777817689896;-4.6226036219119196e-07;-3.155916727245901e-06;-0.06450720359035257;0.9979172413956877
71.278;-3.274650116664342;-6.73461585144808;-0.03068777817065635;-4.6330930262954357e-07;-3.155696902081253e-06;-0.0648411108358445;0.9978956009199563
71.364;-3.2746389462960535;-6.7345733725384385;-0.030687778166521386;-4.6400619968178594e-07;-3.1555470570944586e-06;-0.06506370944588474;0.9978811120083239
71.453;-3.274622154864021;-6.734509663679392;-0.030687778159843408;-4.650571454825646e-07;-3.155328513002743e-06;-0.0653975980093123;0.9978592857534773
71.544;-3.274605320384375;-6.73444596625158;-0.03068777815400953;-4.661025061819579e-07;-3.155104391331972e-06;-0.06573147532306649;0.9978373480390887
71.639;-3.2745884428658796;-6.734382280282084;-0.030687778147257157;-4.67151114147556e-07;-3.1548855490341063e-06;-0.0660653413581852;0.9978152988710159
71.735;-3.27457716728085;-6.734339829348454;-0.030687778142966166;-4.6785131639927736e-07;-3.1547371629026635e-06;-0.06628791243372341;0.9978005375098813
71.822;-3.2745602180508255;-6.7342761625369745;-0.030687778136642065;-4.688995332919982e-07;-3.154515824414182e-06;-0.0666217596034369;0.9977783025989146
71.912;-3.2745432258057647;-6.7342125072568555;-0.030687778130443398;-4.6994559424119703e-07;-3.154289540323346e-06;-0.06695559541360828;0.9977559562501437
72.009;-3.2745318737494977;-6.73417007682309;-0.030687778126376568;-4.706456055342322e-07;-3.154144086121745e-06;-0.06717814629542747;0.99774099677729
72.098;-3.2745148098325023;-6.734106440822311;-0.030687778119337428;-4.7169442172303945e-07;-3.1539186192207786e-06;-0.06751196310711069;0.9977184647119922
72.191;-3.274497702924267;-6.734042816425677;-0.03068777811272565;-4.7274243278668467e-07;-3.1536943367525347e-06;-0.06784576847969707;0.9976958212247008
72.285;-3.274486274439175;-6.734000406621477;-0.03068777810913279;-4.7344092478322347e-07;-3.1535490361648283e-06;-0.06806829902513264;0.9976806636683184
72.38;-3.2744690958988563;-6.733936801625421;-0.03068777810243191;-4.7448939538563683e-07;-3.1533215589122583e-06;-0.06840208526521771;0.9976578344909649
72.47;-3.2744518743912563;-6.733873208306344;-0.030687778096702666;-4.7553543784178897e-07;-3.1530972087506397e-06;-0.06873585998609937;0.9976348939074872
72.559;-3.274440369519923;-6.7338308192608425;-0.0306877780925535;-4.7623487337477366e-07;-3.1529512398323335e-06;-0.06895837005243911;0.997619538295809
72.653;-3.2744230764202493;-6.733767245463733;-0.030687778086009553;-4.772836641452183e-07;-3.152724836152964e-06;-0.06929212550707199;0.9975964120487526
72.741;-3.274405740377381;-6.733703683416233;-0.03068777807960288;-4.78331875753132e-07;-3.1524989639486744e-06;-0.06962586936187425;0.9975731744114997
72.833;-3.2743883614004154;-6.733640133145744;-0.03068777807386133;-4.793775731517597e-07;-3.1522736727178046e-06;-0.0699596015866512;0.9975498253900255
72.928;-3.2743767515680067;-6.733597772854853;-0.030687778069192175;-4.800753101491071e-07;-3.152119494186047e-06;-0.07018208326007136;0.997534197498567
73.019;-3.274359301054353;-6.733534242273159;-0.030687778063221843;-4.81121531853683e-07;-3.151894446013258e-06;-0.07051579603426844;0.9975106628500207
73.112;-3.2743418076308015;-6.733470723540942;-0.03068777805668594;-4.821718398215559e-07;-3.1516680371062508e-06;-0.0708494970976936;0.9974870168332209
73.203;-3.274330121514143;-6.733428384316211;-0.030687778052385678;-4.828697708933546e-07;-3.1515164943329773e-06;-0.07107195795239392;0.9974711909537278
73.293;-3.274312556594457;-6.733364885394076;-0.030687778046644236;-4.839165497353449e-07;-3.151290421504828e-06;-0.07140563943078816;0.9974473593364792
73.386;-3.2742949487892696;-6.733301398394343;-0.030687778040778796;-4.849634386414686e-07;-3.151061629315999e-06;-0.07173930911749865;0.9974234163669808
73.475;-3.2742831864317172;-6.733259080364924;-0.030687778036295507;-4.856638496462064e-07;-3.150911477931492e-06;-0.07196174900974649;0.9974073925278948
73.569;-3.274265507171098;-6.73319561329659;-0.03068777802964422;-4.86710649044076e-07;-3.1506808252552834e-06;-0.07229539897650195;0.9973832639846453
73.661;-3.274247785049401;-6.7331321582233015;-0.030687778024419694;-4.877575419059733e-07;-3.15045649043473e-06;-0.07262903707143266;0.9973590241051179
73.752;-3.2742359464944903;-6.733089861518308;-0.030687778019416738;-4.884589431271232e-07;-3.150303513227622e-06;-0.07285145585706893;0.9973428023349558
73.848;-3.2742181529583667;-6.7330264264973065;-0.030687778013262168;-4.895038647182085e-07;-3.1500718698162323e-06;-0.07318507409661443;0.9973183769084527
73.936;-3.2742003165857994;-6.7329630035442385;-0.030687778007940716;-4.905504926595088e-07;-3.1498451229091995e-06;-0.07351868038315372;0.9972938401617437
74.03;-3.2741884018773124;-6.7329207282933154;-0.03068777800299615;-4.912494297160411e-07;-3.1496884389616122e-06;-0.07374107791797792;0.9972774204890698
74.123;-3.274170494131281;-6.732857325513772;-0.03068777799785405;-4.922954972199672e-07;-3.149463604417656e-06;-0.07407466421472193;0.997252698222128
74.218;-3.2741525435736376;-6.73279393487487;-0.030687777991714106;-4.933423690730671e-07;-3.1492345603069222e-06;-0.07440823847649068;0.9972278646511361
74.312;-3.274134550213603;-6.732730556403352;-0.030687777985609337;-4.943895520307054e-07;-3.1490028597787622e-06;-0.07474180067296624;0.9972029197821284
74.404;-3.2741225308657795;-6.732688310862555;-0.03068777798101425;-4.950887779094578e-07;-3.1488481284230493e-06;-0.07496416875270148;0.9971862280402073
74.495;-3.2741044661892342;-6.732624952731323;-0.0306877779745372;-4.961354963303364e-07;-3.1486128729260225e-06;-0.07529771077254298;0.9971610976879588
74.587;-3.2740863587352;-6.732561606840498;-0.030687777968503145;-4.971830187594482e-07;-3.14838405630587e-06;-0.07563124064641584;0.99713585605379
74.678;-3.2740742633385467;-6.732519383060223;-0.030687777965027994;-4.978792650953677e-07;-3.1482286111354748e-06;-0.07585358713224788;0.9971189664774266
74.771;-3.274056084609623;-6.732456057630614;-0.030687777958987486;-4.989260769753367e-07;-3.1479970730462303e-06;-0.0761870966936972;0.9970935393869657
74.866;-3.2740378631281706;-6.732392744513963;-0.030687777952979632;-4.999748160457415e-07;-3.1477679244630203e-06;-0.07652059402734677;0.9970680010307942
74.958;-3.2740195989036853;-6.732329443737642;-0.030687777947566774;-5.010208290075542e-07;-3.1475348540206714e-06;-0.07685407910192335;0.9970423514150427
75.052;-3.2740073990126213;-6.732287250089223;-0.03068777794322643;-5.017165911629047e-07;-3.1473766493986895e-06;-0.07707639565914573;0.9970251898633441
75.146;-3.2739890635708226;-6.732223969940639;-0.03068777793720509;-5.027640905095088e-07;-3.1471455502301026e-06;-0.07740986023456713;0.996999354828431
