29.83;0.00020471128108670225;0.0005585004832282947;-0.0013229391881715703;0.012525926523470426;-0.016943532874152987;-0.0079340568969025
29.93;0.00020508201173935527;0.0005583611332768157;-0.001322938203552226;0.012514583516389316;-0.016951879395667488;-0.00793399530945123
30.023;0.000205452584702154;0.0005582213425011609;-0.0013229386122261392;0.012503242191950646;-0.01696020418248891;-0.007933932578855737
30.117;0.00020569957790883033;0.0005581279991458189;-0.001322938511147122;0.01249567043126734;-0.01696575204381749;-0.007933891073368608
30.204;0.0002060700086412461;0.0005579878660347588;-0.0013229388802231614;0.01248433075292116;-0.016974076866328545;-0.007933829516943472
30.295;0.00020644033653580515;0.0005578475027839947;-0.0013229379408574598;0.012472961616789128;-0.01698238444176456;-0.007933767492882344
30.391;0.0002066871499094503;0.0005577537533574763;-0.001322938075423974;0.012465396090961131;-0.01698790930111853;-0.007933725305112034
30.481;0.0002070573462440541;0.0005576131215257025;-0.001322936838529494;0.012454025095251491;-0.016996215435040457;-0.007933664364387343
30.573;0.00020742737164120389;0.0005574719674020867;-0.001322937748506208;0.012442656427173108;-0.017004502851586004;-0.0079336025074454
30.668;0.00020767400770459822;0.0005573777952368791;-0.0013229374953546637;0.012435077259804786;-0.017010021876919777;-0.007933561187799901
30.76;0.0002080439304573448;0.0005572364575037629;-0.0013229362432539522;0.012423691196356525;-0.0170183036394858;-0.007933500245945349
30.852;0.00020841368220478606;0.000557094678670119;-0.0013229359956475292;0.012412305428350947;-0.01702656478867546;-0.00793343824630421
30.943;0.00020878336726327438;0.0005569527982755864;-0.0013229358514483063;0.012400913187066286;-0.017034827003373172;-0.007933377089830536
31.035;0.00020902973712241582;0.0005568579652363607;-0.0013229358754141892;0.012393317359721845;-0.017040322867536893;-0.007933335694723589
31.111;0.00020927612243007906;0.0005567632244988239;-0.001322934879879754;0.012385721799460176;-0.01704582673941823;-0.007933295320088124
31.183;0.00020964550914180326;0.0005566205446918187;-0.0013229352992659748;0.012374313355571506;-0.017054060765955267;-0.007933233571246525
31.277;0.0002098917542774908;0.0005565254325058753;-0.0013229357472940766;0.01236669220666695;-0.01705955750737046;-0.007933193535987178
31.374;0.00021026102659298557;0.0005563825770564352;-0.0013229347617594262;0.012355293263397722;-0.017067780266949394;-0.0079331320076278
31.465;0.00021063021023551157;0.0005562394704503128;-0.0013229339326365423;0.012343883086503504;-0.01707600794245818;-0.007933071679558371
31.559;0.00021087625653592144;0.0005561438582776669;-0.001322935217144074;0.012336263645730173;-0.017081500051693236;-0.00793303245727167
31.651;0.00021124525209861023;0.0005560003144196761;-0.0013229339877766414;0.01232482774912032;-0.017089705890997724;-0.00793297169671949
31.734;0.00021161412870140074;0.0005558564739945326;-0.0013229343098148652;0.012313400773192757;-0.0170979008096692;-0.007932910630537202
31.826999999999998;0.00021186002014731388;0.0005557605605590342;-0.0013229332025212924;0.012305768816322622;-0.017103369792943378;-0.007932870915653704
31.922;0.00021222867614756734;0.000555616115226476;-0.001322935433204388;0.012294334855723005;-0.017111554083089814;-0.007932810130274151
32.009;0.00021259734059394473;0.0005554718680811919;-0.0013229337566210914;0.012282883310462928;-0.017119745186761418;-0.00793275085206375
32.102;0.00021284297369700273;0.0005553752932804322;-0.0013229333208264933;0.012275243682446207;-0.017125177354939857;-0.00793270937196026
32.197;0.00021321141614737734;0.0005552304061560985;-0.0013229340855436893;0.012263805078806157;-0.01713335305025432;-0.0079326498261596
32.283;0.00021357974728824917;0.0005550853534444998;-0.0013229329588978305;0.012252326436457411;-0.017141506795809246;-0.007932589515248055
32.372;0.00021382529491441782;0.0005549886016400221;-0.0013229313125982071;0.012244683904784635;-0.017146953470188072;-0.007932550563288884
32.464;0.00021419343861724908;0.0005548430314250558;-0.0013229327140903396;0.012233212578032972;-0.017155110441028493;-0.007932491558631178
32.554;0.00021456149663234958;0.0005546972963028222;-0.0013229322434688343;0.01222173669661064;-0.01716324862070075;-0.007932431795554543
32.554;0.00021480680335647748;0.0005545999673167894;-0.001322932381647829;0.012214079996440762;-0.017168675816238457;-0.007932392514919649
32.739;0.0002151746501061849;0.0005544537516736891;-0.001322932110684716;0.012202597338220617;-0.01717678477374685;-0.007932331538537413
32.832;0.00021541984058314566;0.000554356114564728;-0.0013229311068730606;0.01219493546947935;-0.01718219994996943;-0.007932292124007102
32.917;0.00021578757246178986;0.0005542096336188229;-0.0013229315435088578;0.012183438973848408;-0.017190327859892003;-0.007932233979760497
33.011;0.00021615510852198582;0.0005540626316570362;-0.0013229326112379632;0.012171940132917048;-0.01719842379778366;-0.007932173871992413
33.104;0.00021652263883585243;0.0005539157371751339;-0.0013229301861652234;0.012160436257920303;-0.017206517925799115;-0.00793211446580623
33.189;0.00021676758002314622;0.0005538175241628658;-0.001322930219630858;0.012152766389852262;-0.01721191991609112;-0.00793207570288288
33.28;0.00021713487551173636;0.0005536700033791152;-0.0013229320332948389;0.012141251591219315;-0.017220012465294844;-0.007932017281726555
33.37;0.0002175021039849371;0.0005535223663986833;-0.0013229304563645878;0.012129736239241169;-0.017228088172728723;-0.007931958277229728
33.459;0.000217746851092239;0.0005534237573866243;-0.0013229301142976453;0.012122052936827133;-0.017233468291371106;-0.007931919050892754
33.555;0.00021811386852054962;0.0005532756114962015;-0.001322929647947339;0.012110518383756532;-0.017241531058494314;-0.007931860251600179
33.642;0.00021835848792509783;0.0005531766795549611;-0.0013229308941812323;0.012102829653009855;-0.017246904362128126;-0.007931821246840456
33.734;0.00021872537461582717;0.0005530282388824467;-0.001322929920975496;0.012091293269155676;-0.017254965702603736;-0.007931763526311291
33.813;0.0002189698776100103;0.0005529291013273391;-0.0013229295739411394;0.012083601120365453;-0.01726032587553406;-0.007931724257931603
33.904;0.00021933655102173403;0.0005527801592618291;-0.0013229291963802528;0.01207205372818501;-0.01726836427368505;-0.00793166586489988
34.001;0.00021970312995466795;0.0005526310407714663;-0.0013229278018507468;0.012060498907899796;-0.01727639068629831;-0.007931607268403704
34.09;0.00022006959166440343;0.0005524816071453744;-0.0013229285017260593;0.012048956658709047;-0.01728442106486552;-0.007931549513657904
34.179;0.0002203138318403955;0.0005523818480816547;-0.0013229272426681917;0.01204124154448265;-0.01728976067286111;-0.007931510462633847
34.275;0.00022068013267243424;0.0005522320624406533;-0.0013229270776434709;0.012029672999406238;-0.017297776716530024;-0.007931452946732035
34.364;0.00022104630817069892;0.0005520820000330807;-0.0013229272355401126;0.0120181089022903;-0.017305781495338256;-0.0079313951226124
34.459;0.00022129032581360674;0.0005519817258768885;-0.0013229275623173192;0.012010393966721126;-0.017311099890215512;-0.007931355495180061
34.551;0.0002216563328171841;0.00055183128776279;-0.0013229270198995453;0.011998811961848918;-0.017319091176938285;-0.007931297891340481
34.645;0.00022202222048747273;0.0005516805356381084;-0.0013229279442399453;0.011987228802194945;-0.017327082873751624;-0.007931240978128347
34.731;0.00022214417351369486;0.0005516303172648657;-0.0013229274195671777;0.011983366017287146;-0.017329736819062604;-0.00793122137961164
34.825;0.0002226318186769599;0.0005514289159287292;-0.0013229259407242762;0.011967906380893196;-0.017340366138483235;-0.007931144899470274
34.915;0.00022299742318487606;0.0005512775584649644;-0.001322925875189208;0.011956310618451548;-0.017348331609571426;-0.007931087789059254
35.006;0.0002232411086708087;0.0005511765779649901;-0.0013229250092641179;0.011948578792395179;-0.01735363140396722;-0.007931049259339342
35.097;0.00022360653313657986;0.0005510248196086626;-0.0013229249727856694;0.011936966779898908;-0.017361583381384667;-0.007930992328349427
35.186;0.0002239718023754491;0.0005508726650368455;-0.001322926118727946;0.011925350960735792;-0.01736952130971065;-0.007930934916322976
35.28;0.000224215305574649;0.0005507712867396893;-0.0013229244717237248;0.011917610142149882;-0.017374804488728267;-0.00793089634272462
35.37;0.00022458040375788384;0.0005506187652049212;-0.0013229269559048799;0.011905989755275851;-0.01738274042228407;-0.007930839903662688
35.463;0.00022494545536994644;0.0005504662245480413;-0.0013229244499963718;0.011894367404396781;-0.01739066181518844;-0.007930783105547946
35.559;0.00022518874487308002;0.0005503643363183562;-0.001322923573821991;0.01188661063036678;-0.01739593213574191;-0.007930744813928445
35.647;0.0002255535800044592;0.000550211235647378;-0.0013229251366065013;0.011874972904205939;-0.017403851523537874;-0.007930689028298467
35.738;0.0002259182735647551;0.0005500578466194521;-0.0013229255852230588;0.011863337956449973;-0.01741173857053578;-0.007930631254262077
35.833;0.0002261613706572234;0.0005499555614387681;-0.0013229243953933253;0.01185556722476452;-0.017416995323744282;-0.007930593188282485
35.924;0.00022652596324846045;0.0005498019843386114;-0.0013229230702787342;0.01184391998345441;-0.01742489529313167;-0.007930537784923196
36.014;0.00022689040066621244;0.000549648035211563;-0.0013229232574675084;0.011832261812882557;-0.017432773210427806;-0.007930481314709487
36.109;0.00022713328675271375;0.0005495452217224073;-0.0013229237703718958;0.0118244957739618;-0.017438022646091067;-0.007930443761411136
36.198;0.0002274975063690121;0.0005493908062826039;-0.0013229244861515058;0.011812833426879537;-0.01744587912621442;-0.007930386661988259
36.291;0.0002278616578081335;0.0005492362504422583;-0.0013229232367004795;0.011801165801102251;-0.017453737274632685;-0.0079303304883835
36.382;0.00022822568336443053;0.0005490814068675086;-0.0013229220846374548;0.011789495627156234;-0.01746157903716666;-0.007930273665649313
36.476;0.00022846834511494949;0.0005489781187030319;-0.0013229224587546218;0.011781710829698873;-0.017466820483394967;-0.007930237315135116
36.56;0.00022883216876120645;0.0005488228182462234;-0.0013229228503831485;0.011770029504470713;-0.01747465238701277;-0.007930180874094
36.654;0.0002291959615872166;0.0005486675396935219;-0.0013229204947766333;0.011758334258714677;-0.01748248266189562;-0.00793012520076469
36.747;0.000229438380300583;0.0005485636944550762;-0.0013229208542070638;0.01175054554743417;-0.017487700803570504;-0.007930088150343123
36.836;0.0002298019416838069;0.0005484078461545686;-0.0013229203213095376;0.011738856774385856;-0.01749551632518736;-0.007930032267153891
36.929;0.00023016537698367806;0.0005482517198718375;-0.0013229203625741497;0.011727151780594624;-0.017503320929057556;-0.007929976301572703
37.025;0.0002304075968720449;0.0005481474631575899;-0.0013229201293940578;0.011719340874446317;-0.017508518163125913;-0.007929938974056023
37.116;0.00023077086631086084;0.0005479909740111757;-0.0013229207083286535;0.011707634028612536;-0.017516320358763156;-0.007929883946617373
37.205;0.00023113400774558849;0.0005478342112157736;-0.0013229199429303574;0.011695923715890384;-0.017524103416854255;-0.00792982807356818
37.3;0.00023137602030115262;0.0005477295159708128;-0.0013229201838850942;0.011688114885394018;-0.01752928355548856;-0.00792979049315007
37.396;0.0002317389977924165;0.0005475723732312012;-0.0013229200171320497;0.011676389746463702;-0.017537065510089597;-0.00792973580218749
37.48;0.00023210187390391762;0.0005474150509301268;-0.0013229185071981877;0.01166465388144307;-0.017544834217719477;-0.007929680840947905
37.577;0.00023246454285655335;0.0005472572467111419;-0.0013229186793902834;0.011652926959215371;-0.017552572927339;-0.00792962391286339
37.67;0.00023270635723986958;0.0005471521690053005;-0.0013229184028347345;0.011645102698835143;-0.01755775570304164;-0.007929588374694846
37.763;0.00023306892572843137;0.0005469941896484628;-0.0013229176497929801;0.011633358969554695;-0.017565503298301605;-0.00792953351794025
37.855;0.00023343135149095644;0.0005468358735029968;-0.001322917419945731;0.0116216116417386;-0.017573233061893165;-0.007929477889879102
37.946;0.0002336728921734531;0.0005467301274035908;-0.0013229176876414733;0.011613782767201522;-0.01757838500004904;-0.007929441028796677
38.042;0.00023403515625929202;0.0005465714763422838;-0.0013229179742407962;0.011602018878527744;-0.017586121293385402;-0.007929387209632655
38.133;0.00023439726190146925;0.0005464124591728658;-0.0013229185313926805;0.01159026066657156;-0.01759383239121307;-0.00792933191076378
38.223;0.0002346386396229378;0.0005463064458993015;-0.001322916682978003;0.011582418138555733;-0.017598965270991827;-0.00792929487523428
38.317;0.00023500062261458762;0.000546147211621656;-0.0013229158276487696;0.011570652632121077;-0.017606679782216028;-0.007929241089360977
38.406;0.00023536241190811217;0.0005459875200736082;-0.0013229170882757052;0.011558884447236059;-0.017614362537571558;-0.007929185325078593
38.497;0.00023560357819018483;0.0005458810363944624;-0.0013229163139148296;0.011551036705791707;-0.0176194846857509;-0.007929148616569678
38.591;0.0002359652155386041;0.0005457210353855869;-0.001322916173924625;0.011539244806508711;-0.01762717008936719;-0.007929094477745794
38.686;0.0002363267267304625;0.0005455607622032223;-0.0013229164839308172;0.011527460055189169;-0.01763483821271177;-0.007929039497034128
38.777;0.00023668817006705143;0.000545400394396534;-0.0013229161198208775;0.011515672881348995;-0.01764250914575125;-0.007928985455527391
38.868;0.00023692905744085799;0.0005452933241192654;-0.0013229151067728556;0.01150780751619173;-0.017647610859265143;-0.007928948886767387
38.868;0.00023729028114154486;0.0005451324722023979;-0.0013229143612901737;0.011496001996311428;-0.01765525881620955;-0.00792889427478903
39.055;0.00023765139233988158;0.0005449713492806792;-0.0013229147647651116;0.011484192761496016;-0.017662909342409657;-0.007928840552072006
39.148;0.00023789207834238457;0.0005448638301217052;-0.0013229150656850672;0.011476317003934979;-0.017668009933067136;-0.007928805150578191
39.238;0.00023825302508974943;0.0005447024327588627;-0.0013229137338071095;0.01146450125105079;-0.017675638569087968;-0.007928750849184292
39.319;0.0002386138375487197;0.0005445406887669235;-0.0013229143264669252;0.011452687597182544;-0.017683266741094765;-0.007928697100633103
39.416;0.0002388542970269037;0.0005444326714647587;-0.0013229140884909374;0.011444802934216146;-0.01768834903999745;-0.007928661478678146
39.509;0.00023921490632075295;0.0005442705424231377;-0.001322914293232264;0.011432981730044664;-0.017695946567759795;-0.00792860640843042
39.599;0.00023957542085200644;0.0005441081981749071;-0.0013229128498800714;0.011421155734403754;-0.017703550606653295;-0.007928552619547783
39.692;0.00023981569195404158;0.000543999836236505;-0.0013229126825955212;0.011413261196206032;-0.01770861524934447;-0.007928516833077376
39.783;0.00024017598323153994;0.0005438369991432605;-0.0013229122819916647;0.011401414871953744;-0.017716196754165952;-0.00792846250886684
39.879;0.00024053619590461446;0.000543674069810663;-0.001322911883487311;0.011389576257712431;-0.017723778536580432;-0.007928408759050442
39.968;0.00024077626354420653;0.0005435652503584809;-0.0013229123977984167;0.011381678987621451;-0.01772883562942988;-0.007928373543049221
40.062;0.00024101628754858687;0.0005434563572288074;-0.001322911689548224;0.01137377118596388;-0.017733880692663732;-0.007928337797018863
40.154;0.00024149615813950231;0.0005432382343269718;-0.0013229110324576394;0.011357959470839;-0.017743955930447697;-0.007928265868446905
40.236;0.00024173606140158812;0.0005431290787386797;-0.0013229110279986346;0.011350046033592942;-0.017749009941616708;-0.007928231780149323
40.319;-0.019181289664926576;-0.010814426023707744;-0.0011488543038747638;0.01223002322263581;-0.017990594042808502;-1.7187463161992584e-05
40.402;-0.046346203602223024;-0.026104880560411457;-0.0011405153170114231;0.012607235373206821;-0.017547743659626035;0.025381376871589822
40.485;-0.0888301737950641;-0.05062652358381949;-0.0011799891678229233;0.012730810799640663;-0.01753403805671578;0.0802792765311048
40.57;-0.11921720516824706;-0.0689644677561684;-0.0011650112837507467;0.013044193087249417;-0.017392975030760364;0.11050181801513988
40.665;-0.16175276191155027;-0.09772213066051472;-0.0011909089134372083;0.011773334824862154;-0.018304868532807543;-0.04130568885823669
40.745;-0.19192286124087854;-0.1153932496592761;-0.0011551643513762573;0.011813188248563712;-0.018318991392970056;-0.11829519710141502
40.831;-0.22139823723490096;-0.13156002322337212;-0.0011723219992290474;0.010548086490166414;-0.019127785171183305;-0.19603850895608016
40.911;-0.2767270831031817;-0.14100529187167163;0.000737661702897757;0.01519265143311916;-0.009110525974622643;-0.11736240165833654
41.003;-0.3084325966454493;-0.1524045826992585;-0.001978848267341087;0.012990842153571748;-0.019425689947501;-0.15239967095434853
41.087;-0.3201832876585085;-0.16943855935106752;0.00027508600312505763;0.0064217235342011215;-0.01776507961371913;-0.11063917243499935
41.087;-0.34507143154391856;-0.12492501454896175;-0.0027638706189463303;0.014504929554426583;-0.03177418094496405;0.07158741107914776
41.253;-0.358074188294873;-0.12745201321371386;-0.0020041308784695577;-0.016156832703017033;-0.004779999171127031;0.190575476235416
41.253;-0.31113482564715;-0.200741987833025;0.004837191141249484;-0.015657054807357036;-0.008151336151457243;-0.14884503776029526
41.414;-0.3152472549051058;-0.16341978517288727;-0.0019867168223846672;-0.01571023592254535;-0.004675590530672762;-0.12091890438726402
41.5;-0.3271339152848872;-0.1728725458205431;-0.0019029381033780172;-0.016413807736378058;-0.005352670120907998;-0.06952270449077465
41.581;-0.3373379022799869;-0.17652803059109312;-0.00196359512739334;-0.015546503786437705;-0.004598293137304772;-0.17715615018992165
41.658;-0.2989816523488152;-0.21683172764670178;-0.00216454433141091;-0.015888747252829957;-0.004700147250536581;0.10168045408059963
41.658;-0.211160856282702;-0.2531416620281338;-0.00039183255633077046;0.004195567330841307;-0.015671887221623812;0.2943356157073024
41.738;-0.09874961382456053;-0.2781207995270365;0.000397753014300868;0.004610343666494892;-0.012166886830345681;0.25465176424138436
41.876;-0.07909615141049778;-0.2599435892247086;0.0036481691964688127;0.011803618439232413;0.002170907264470572;0.11457779063762354
41.876;-0.10595789623831123;-0.1686529789382964;0.0015307075862156972;-0.0060556518700947345;-0.026889555760005627;-0.05297246769481824
41.958;-0.10801999063036051;-0.13558653185792185;0.00044176909038664837;0.0035711243135352184;-0.014790930018808148;-0.08937986548339655
42.047;-0.1315948242080947;-0.10881721516944774;-0.002952990063729767;-0.02168752923333605;-0.01862927285477147;-0.13175067248487118
42.13;-0.05237449811152735;-0.1525139348761822;0.0011107989031443675;-0.005262011375839296;0.033109736520723965;0.017184573276410087
42.214;-0.005180295263877213;-0.18865182157916785;-3.929868360375965e-06;-0.004390804941032093;0.021529439179205835;0.1634117554663525
42.298;0.012820845533751016;-0.21448023565146218;0.0001039788813336332;-0.004280470587015238;0.022395525178738777;0.1663162112682302
42.384;0.032352037371143866;-0.2573968546294643;-1.8165538660331617e-05;-0.0048079793864745715;0.02060499258883159;-0.014052536761172681
42.476;0.05156219039106631;-0.27757047260828327;0.00018935316762990953;-0.0044087064479469106;0.022169298227922202;0.17049519519016637
42.567;0.0725949447093181;-0.3201992833640218;0.00019081783453324763;-0.004149334865961114;0.020069805598834638;-0.03233949436357303
42.653;0.06428352207064095;-0.33882960170678095;0.0014399456421870962;-0.012459964075849053;0.016907835139463857;0.14582649218136887
42.73;0.06966297928192654;-0.36229157614467755;0.0013199629904738059;-0.011892409950746667;0.017291419938844838;0.2671634647561738
42.812;0.04690318167308502;-0.36622902377899924;0.00024131019162453398;-0.005390983200026883;0.021805881768541636;-0.1314857674563423
42.903;0.0552672340553693;-0.371496388749865;0.0010222541684261647;-0.015747077820601977;0.02121800033788561;-0.31797182247009836
42.99;-0.03975841731705033;-0.3734497356265188;4.28393634340632e-06;-0.004209255662175557;0.009167179762295368;0.004034770708488758
43.073;-0.08655312245168877;-0.3810767519514485;0.0011995103656315005;0.015531350590586454;-0.011641119201259044;0.09514432134942134
43.155;-0.0883525971214187;-0.38611017858026325;0.001986542090660517;0.016239805418904463;0.006772396943557943;0.02189427406434027
43.247;-0.08814242848865478;-0.38904559741793104;0.001966063887567449;0.01638913663105492;0.006861999826551691;0.022376325394586605
43.33;-0.08786647942503024;-0.3896944626114071;0.0019482707887670217;0.015965722402359397;0.005964523321928138;-0.014891960915210577
43.409;-0.08912871235787852;-0.3898112529437503;0.0019638665186144074;0.01655365850491075;0.007091927822966206;-0.01691788968600842
43.505;-0.08946145711352801;-0.38987638070533565;0.001960322672330957;0.016383140753653023;0.006721616455979461;-0.006503108562856592
43.589;-0.09069689934494003;-0.38894728859092;0.0019720389991487587;0.0162177396642264;0.006292118194717184;-0.09549799496673485
43.671;-0.09330198384909005;-0.3884874972882089;0.001949396498894036;0.016323633013709843;0.006231623194355954;-0.0953017039863913
43.759;-0.0987906005669575;-0.38481683974215786;0.0019452509159916921;0.01615053352278539;0.005469946852669112;-0.21732959063840607
43.851;-0.10475877572927228;-0.38150372440033353;0.001937169971695192;0.01609876104087757;0.004897830719583083;-0.27805052921310486
43.933;-0.11181583213896254;-0.37815079557060366;0.0018988860022456401;0.015780158596194478;0.0037175320235705994;-0.3154499306722164
44.005;-0.12409764384129413;-0.3716647363209632;0.001887192718347972;0.015756497537488857;0.0029077095118456224;-0.3782118010204115
44.096;-0.13149163749817352;-0.3704115820954269;0.0006498830466695055;0.006084210254727444;-0.01851887769550582;-0.3023767352512511
44.179;-0.14527522859455444;-0.367354009335808;-0.0013129444567206066;0.009807964081431137;-0.019961107388423653;-0.2658263139976122
44.268;-0.15195962619269474;-0.3649123499397788;-0.0013105594497208983;0.009387352112584934;-0.020080819477637426;-0.26603027858069583
44.337;-0.15902298840349166;-0.3631094353135314;-0.0013071178571892404;0.01006036128726466;-0.018932524198409004;-0.22760996336837627
44.418;-0.16680017847349124;-0.360410336518315;-0.0013149305860919874;0.008613157403372197;-0.020189389850150414;-0.20369898467478056
44.507;-0.17175979290507587;-0.35810666264239843;-0.0013146641322334702;0.00833393717125381;-0.02030518048751831;-0.20372469822571493
44.588;-0.17898911783748916;-0.3558706866517958;-0.001305434857939169;0.00800681024955841;-0.02021067028075565;-0.14200615884525258
44.671;-0.18192301162802862;-0.35343321057453064;-0.0013210668176076167;0.006710899710766077;-0.021488593211282866;-0.17895059340771602
44.757;-0.1908616898936519;-0.34570540545149014;-0.0019230165015034263;-0.027911827364908784;-0.010046612581890348;-0.33648410696025877
44.839;-0.19919130696045037;-0.3435409218956929;-0.006463200077489042;0.010294793722654147;0.007338824978760088;-0.3396158506918281
44.934;-0.2082304258045045;-0.3393310140168286;0.0013220171692712238;-0.0064569739000168705;0.021306540206002783;-0.20162852488542268
45.02;-0.21276696905790032;-0.33257846213078246;-0.003992352263696404;-0.023693412846765658;-0.0020565348264729444;-0.3022181422271901
45.105;-0.22199814596708858;-0.3250134020562551;0.0019174399418535521;0.016823363630188406;-0.0007906220643211679;-0.34321380443426774
45.185;-0.2263461936679239;-0.324988259079714;0.0006155814370860226;0.0013624737262736759;-0.01750867577952683;-0.18462299622737474
45.27;-0.2357696439878451;-0.31504256249939105;-0.0013338973488768193;0.0029615702504020578;-0.022849067130638525;-0.2934909791475561
45.359;-0.24070379342997308;-0.3072511027611344;0.001703439922090973;0.017458066997001895;-0.009219591801767376;-0.4169170295799508
45.451;-0.2545863859290357;-0.29509789901663047;-0.0016925669350197174;0.003804196223591468;-0.02238448296100488;-0.392468987994472
45.532;-0.26259991345176714;-0.28860380730087654;-0.0012940344182891497;0.0018403876413502487;-0.022523777917211427;-0.39272236523541304
45.611;-0.2703241026786257;-0.28165725034979744;-0.0013060473112145117;0.0012939466124159804;-0.022596999798408006;-0.3929421901472751
45.69;-0.28196644677689886;-0.27602390967534457;-0.0013410400049341112;0.0009606147860453005;-0.022394088036522906;-0.2653703667767146
45.769;-0.28805977060699967;-0.27187528294241003;-0.001306621312017881;0.0018519769034552776;-0.02134279020803519;-0.22713929064886557
45.769;-0.2948961386233542;-0.26693947000630686;-0.0013168876334895396;0.001500419958847844;-0.021195953518796346;-0.16486567196855026
45.938;-0.29645822629171037;-0.26291567025592394;0.0017642840129145473;0.015646862544469037;-0.004260310911793274;-0.21860940611413354
46.027;-0.29974838007858384;-0.25794834485559304;0.0006118372791853178;-0.003028904782475594;-0.017297157546867538;-0.18099202548062907
46.108;-0.30758504030483597;-0.2515465449156225;-0.001373117114695102;-0.0008962007169360219;-0.021565283018388184;-0.14145938537418612
46.189;-0.3115106911201974;-0.24453547886925706;-0.001319883287948351;-0.00034820467309165296;-0.02150329704581135;-0.22372223429797097
46.278;-0.315539756064784;-0.24076486853477208;-0.0013132180202565867;-0.0018194815613365378;-0.021869666252323637;-0.20340458044693477
46.364;-0.32043259763028786;-0.23323054421276154;-0.001320683239204125;-0.001032516987184551;-0.021435920830430336;-0.22553874767648022
46.445;-0.32420424030151423;-0.22922711437919152;-0.00131376766196082;-0.0026122654542555736;-0.021787082468801042;-0.20346309392834322
46.532;-0.3273901797220844;-0.22478772931532137;-0.0013144956500524363;-0.0028998515384335006;-0.021756641706517085;-0.2035970720019104
46.615;-0.33046215622045905;-0.2232411386488842;-0.0013585994591973397;-0.002604104997764306;-0.02145240011523285;-0.02182681926183138
46.701;-0.33186534961001724;-0.2212896306239506;-0.0013222718841023264;-0.0029500496947833495;-0.021351396937089494;-0.08141631139486466
46.792;-0.3332211567915003;-0.219577339135336;-0.0013228222995578416;-0.0030749929103025438;-0.021323135736554512;-0.08137373795690721
46.859;-0.33142578100131437;-0.22105044089080786;0.00031044436307610537;-0.006620599855197446;-0.016511172233821904;-0.007786597379876169
46.946;-0.33457140703435406;-0.2175169334979887;-0.0013613816669866639;-0.0029283582635117734;-0.021311075768774137;0.007409128545450753
47.024;-0.33471804234424773;-0.21801828987164862;-0.001330518198784522;-0.0030312470670981703;-0.02104980105787764;0.007392149602002392
47.107;-0.33466016777488405;-0.2169552292090456;-0.0013407795716120561;-0.003287441745253437;-0.021299065497155368;-0.08162704885633407
47.19;-0.33368266879271613;-0.20888639788362476;0.0019586427185047848;0.014232200123591427;-0.007772522636533282;-0.3038415581391437
47.281;-0.33767126206070286;-0.2010091609490434;0.0019201765780253591;0.014848375974144196;-0.007729453552058;-0.3424125896413277
47.365;-0.3448810991022318;-0.19316168842129433;0.0006189993418817115;-0.007623836159649974;-0.01772716405659572;-0.23590482204355756
47.458;-0.34931519728086635;-0.18544305317267845;-0.00137519218476979;-0.006760654979232096;-0.02151333453077875;-0.2385590613489873
47.547;-0.3521893318973834;-0.17514541716835405;0.0005982657803292497;-0.009262433666350408;-0.018013089794776924;-0.3011491640455686
47.635;-0.36008194148882305;-0.16814488811952866;-0.0012628522048194306;-0.006456968294522718;-0.020704929450379186;-0.14143459886288112
47.723;-0.36218645155298124;-0.16492862517349496;-0.001318395855148787;-0.00648421455047186;-0.02076752434154325;-0.1417367029588366
47.806;-0.36414837137530603;-0.1633080398590356;-0.001382403030510162;-0.006196564264557661;-0.02029084656045702;-0.021801373149146274
47.887;-0.3645023335176065;-0.1632468351613553;-0.0013217667212722002;-0.006269112390106499;-0.020324061264729576;0.007578009886362548
47.975;-0.36248061856468944;-0.16662269073365718;0.00023258751866068127;-0.0096883795089171;-0.015223604245485535;0.08566737724674078
48.056;-0.36328168648217274;-0.165315816866026;-0.001393499386526147;-0.005843798479561627;-0.020031026561911025;0.09334977368174552
48.145;-0.3623345343594619;-0.16792668857122373;-0.001348495047686236;-0.006036849204683865;-0.020395879705928575;0.0069346127113621
48.242;-0.3623838403598675;-0.16817599302479574;-0.0013299223091919618;-0.0059994723622501115;-0.020403600739299997;0.007418432442561714
48.323;-0.362314793327449;-0.16852438597455358;-0.001330769804113407;-0.005979343396080071;-0.020409001606263636;0.007414415657147086
48.409;-0.36007488088942813;-0.16840148662211976;0.0019248707123944928;0.012258418898671384;-0.00993577367910848;-0.10958316758738276
48.487;-0.3630200375431713;-0.16030156853155114;0.001936176848401264;0.014356889755182546;-0.00933159190473969;-0.21703818137067699
48.575;-0.3648520633408291;-0.15910382448307125;0.0005646425205534912;-0.009400658323097248;-0.016583582811345837;-0.10754932495481777
48.655;-0.3674148931858041;-0.1526309533395312;-0.0013849311350984917;-0.007238148944433005;-0.020370485591288026;-0.13940258193385618
48.745;-0.3686211879246354;-0.15107438552245028;6.411352272560843e-06;-0.012819060442613628;-0.015701974642561994;0.0903901441116156
48.832;-0.3700932245139162;-0.15279004675234825;-4.8588923796749915e-05;-0.012898433122523863;-0.015582065210773295;0.09060244994842291
48.918;-0.36614095627957344;-0.16071174092231924;-2.836907058555583e-06;-0.011723112787343636;-0.015287256970964919;0.2486029126433598
48.995;-0.3415790146711413;-0.16624383164410877;-0.00037891878210761734;-0.014614353701391495;-0.015593123553054174;-0.07643327419458325
49.073;-0.30142533611900485;-0.1972416164861471;2.9878749280034395e-05;-0.008639885405144205;-0.012925843390090485;-0.08222583581178129
49.165;-0.29639051491322815;-0.20793040798394474;-2.4906776021358062e-05;-0.01161322344838159;-0.014772991868011112;-0.07678453850163657
49.243;-0.28553860242742524;-0.22418213840822074;-0.0002105147012608331;-0.012682727919145318;-0.014348706108472005;-0.18114042218018755
49.33;-0.27858079968211313;-0.24880355314383032;-5.775132627188631e-05;-0.013022739787382186;-0.01479954771255347;-0.1463582435952747
49.387;-0.27921516507443844;-0.2598243184691749;-9.58537925246374e-06;-0.01321353619542046;-0.015091281352091106;-0.0963227755567388
49.476;-0.2830447569614642;-0.26002256090910664;1.0238486870208137e-06;-0.01326946328384006;-0.015020069281861712;-0.09681418601591302
49.551;-0.28546462299474396;-0.25885208036710494;9.404110074410273e-07;-0.013354435471227574;-0.014918765939002333;-0.09706057472705844
49.642;-0.28610553579990333;-0.2600313405871032;-0.0014503693135992956;-0.0070828308222117674;-0.01870602314417567;0.009004291877655649
49.72;-0.2859846716857261;-0.2602760993802278;-0.001324834391916463;-0.007399913567006824;-0.019481371941066965;0.006701243603845894
49.81;-0.28191445543847493;-0.26358240312032216;-0.0013487505499369036;-0.007010657343324751;-0.01930433966943237;0.14686268420418394
49.89;-0.274329953190042;-0.2670934738498399;-0.001353990872846108;-0.007819163508687188;-0.019461144119161222;0.27536565499037885
49.981;-0.2265267489947688;-0.283669906101961;-3.086260741168488e-05;-0.01182619288498241;-0.013580085252322153;-0.14514569972234873
50.065;-0.2188941721925066;-0.29650533778412164;2.0362874140411347e-05;-0.012531008899660178;-0.014273861674985832;-0.15083226843421507
50.152;-0.26557131927216654;-0.25543708561707806;-0.0012062127995315576;-0.007620664335462231;-0.01888246714041268;0.13492473934145927
50.236;-0.2682433156146162;-0.2607264438373398;-0.0013534766063348059;-0.007164099913947513;-0.0193844675553453;0.2450965415123391
50.322;-0.21378747096162573;-0.2962187567529406;-5.0152548024630264e-05;-0.012565609305480178;-0.014234995925161354;0.23057052432608943
50.398;-0.19409841568669725;-0.3094286701106523;-0.0013721169133633503;-0.005942912646039604;-0.02059687887043705;0.31567303715611056
50.476;-0.17432616388200098;-0.3302471369090025;-0.0013448758694934305;-0.006762014745122592;-0.019936190099064128;0.34245961546694864
50.56;-0.1728171005815942;-0.3441391136544194;-9.513934465230016e-05;-0.012630241284944391;-0.016343781761130726;0.2261779367745264
50.56;-0.17830457384770557;-0.34278251036542695;-0.00022942271132822632;-0.013348422327154693;-0.01740722900251059;0.04849428863321702
50.729;-0.1740799313386474;-0.3493810446318903;-2.475996161223294e-05;-0.011755750195956843;-0.016346261163458425;-0.0020793420726234685
50.81;-0.1744270643969536;-0.35004878195481925;-2.403930528140747e-05;-0.011745463265996355;-0.016335535341962398;-0.002082804846061864
50.81;-0.1745563657618188;-0.35026936989257296;-2.3854151730129565e-05;-0.011742619555207225;-0.016331274495724;-0.00208231557511432
50.898;-0.1704758786009157;-0.35186280989640917;-5.8461902616235465e-05;-0.011835560421472564;-0.016349651077830783;0.096452259233157
50.982;-0.1679660761127254;-0.3527904197361249;-5.232536521613748e-05;-0.01171260328647514;-0.01645159039132159;0.09635293433088575
51.068;-0.1765895099297439;-0.3334393952834794;-3.582039039681041e-06;-0.010621823374065913;-0.015621369067818613;0.0051227259626877054
51.157;-0.16419591729412775;-0.349149213280421;-2.4361137754779703e-05;-0.01122783673617515;-0.01630677483186271;-0.00013891361157717421
51.24;-0.16234084080452651;-0.3543198540733275;6.428434416989802e-05;-0.010828674707651932;-0.016155789301894624;0.061936187068402475
51.321;-0.16629487088803924;-0.3528370263728629;-0.0001521319736394854;-0.012085431788895729;-0.017071914984829836;0.029125179200968812
51.398;-0.16391872510342734;-0.35497262360888454;-1.787665129023732e-05;-0.011243213781387804;-0.016699830549492437;-0.0021369732204062583
51.488;-0.1641301439781709;-0.35523382884152443;-2.379344292387963e-05;-0.011257413387903944;-0.016674140316363596;-0.0020835694093536516
51.579;-0.16421133192348655;-0.3553442501620217;-2.3721265612346176e-05;-0.011256841845346201;-0.01667130814919531;-0.0020820491751270005
51.662;-0.16424725339710158;-0.35535685027964586;-2.3702361639157108e-05;-0.011257647451675398;-0.016670121582274402;-0.002082000337119004
51.753;-0.1642656391070475;-0.3553530995125521;-2.3699670334910076e-05;-0.011258360040026807;-0.016669519165804277;-0.002081991330239454
51.831;-0.13814809011862778;-0.3520945446470194;0.00973951830447265;-0.001682874030543446;0.0004858299870521639;0.14729669028253067
51.906;-0.1080543572844816;-0.3521315160077395;-4.4466706609717696e-05;-0.00629920467605831;-0.008847753394404063;0.3318784287076552
52.0;-0.11559124230093744;-0.3409180465257054;-0.0015060549238234892;-0.006308615272789348;-0.020137053943612145;0.3887990789248857
52.083;-0.11530505687077328;-0.35150853494839535;-0.0014069189878989762;-0.0039974545459624655;-0.020678191232063638;0.44078563092825007
52.167;-0.10054000852972926;-0.3544761045704627;-0.001440520955161514;-0.004079902015344649;-0.021499854745254503;0.5622919145955556
52.258;-0.05166776253633385;-0.3647490706821552;-0.0006658280245527431;-0.010043824198699628;-0.014483826672617666;0.0909317722597875
52.34;-0.03870599743665024;-0.3767154598119144;-3.255542081271313e-05;-0.008317612805566655;-0.018277915960562593;-0.000988490232618221
52.429;-0.08431594165120415;-0.3659725953546855;-0.001507440334131072;-0.00173633280435752;-0.01775992481593872;0.09098931260753212
52.518;-0.0902997735666543;-0.3722103092029999;-0.0013318701145312204;-0.000584078831332851;-0.020550884649184583;0.09704149077961438
52.591;-0.08782977996181365;-0.3785388856743747;-0.0013350617237202864;-0.0003701957459049647;-0.020462204429529982;0.09836851244368786
52.684;-0.08554943894136863;-0.38039250878678615;-0.0013377393467829814;-0.0002115332564585496;-0.020450364125790474;0.09869674152995907
52.769;-0.08353575862998248;-0.38107311009282424;-0.0013353297672335468;-0.000476797565272603;-0.020930867951646455;0.036292974007923716
52.853;-0.08332035321727227;-0.38167746572130906;-0.0013223271564876437;0.00022542400594509395;-0.02059881539793221;0.004002144303742522
52.935;-0.08323166327819377;-0.38221683588319005;-0.001323632976492865;0.00023886510381730317;-0.020591295843925626;0.0041083832018110325
53.025;-0.08556024471141092;-0.37915421424594836;-0.0013305103939121243;-0.0006786978200988203;-0.02158524710466712;-0.10011473158621023
53.109;-0.09013718172192087;-0.3795081575790894;-0.0012998523687002517;0.00048495624434073713;-0.020768229942507894;-0.10999455525792733
53.201;-0.09272874102207547;-0.3795615134283972;-0.0013098533998163917;-7.168155872926242e-05;-0.020903001188487206;-0.08966728308359233
53.291;-0.095150408519816;-0.3796680182209546;-0.0013116279490650658;0.00012514262405910419;-0.020502197340370246;-0.04833637360767441
53.368;-0.09599434021067269;-0.37955091832754023;-0.0013196468659055645;-0.00036546529898877535;-0.020668308640802328;-0.027270730254177797
53.457;-0.09941947438882515;-0.37772004927676717;-0.0013093892417907391;-0.0004379608859588506;-0.02090146324484175;-0.08978009084785173
53.546;-0.10174679750960888;-0.3772799872808123;-0.0013097169271805657;-0.0005648173691901573;-0.02089505932841926;-0.08974595617021328
53.63;-0.10185332165237695;-0.37824234134209916;-0.0013217565318921533;-0.0007608105910819192;-0.020576289602553047;0.004524123103731653
53.718;-0.10166586855127589;-0.37810107295636647;-0.001324302267209735;-0.0007485840009537927;-0.02057223222823823;0.004100162700308647
53.794;-0.10144483977098617;-0.3780557911685172;-0.0013240841328062175;-0.000739845880142886;-0.020573718918219464;0.004104945576830332
53.883;-0.09951928496477346;-0.378512391054172;-0.00133370812054622;-0.00022249206230942148;-0.02008109011637191;0.0662639016556607
53.965;-0.09455153914297561;-0.37914212287482824;-0.001348456465492304;-0.0004454949670857644;-0.020160785916756466;0.13771202170103694
54.053;-0.08560548913100277;-0.3775428945598247;-0.001387977718685007;-0.0004376599968618698;-0.02009012139112418;0.2948731440442224
54.149;-0.06842582078799136;-0.3760953413357589;-0.0014012334892558771;-0.0009966609232529755;-0.021110269382785846;0.41526069459500864
54.236;-0.052326987346629286;-0.37837985118162887;-0.0014025199042156872;-8.995119606104905e-05;-0.021129759490995253;0.41465609656973595
54.322;-0.04388333461586489;-0.3817300348047799;-0.0013948249012905685;0.0007970870463468065;-0.02083250761668492;0.3512691723511583
54.398;-0.04031232774945782;-0.3856155234644201;-0.0013648028852657494;0.0014964822112040728;-0.02069954444115402;0.18270908591572202
54.469;-0.037347446184317824;-0.3874129737781309;-0.0013428035892763905;0.0019114754332620924;-0.020639045207572974;0.12051953247468614
54.557;-0.03337665598906129;-0.3889896012300772;-0.0013388304822067292;0.002565542872437198;-0.020285738356147234;0.0988233858930172
54.65;-0.03358921567025993;-0.389204303933175;-0.0013223698383906485;0.002871759427945911;-0.020403603802472435;0.0040019335957484185
54.734;-0.03349004721147409;-0.3896240367397496;-0.0013234975887573695;0.0028791032364606237;-0.02039618045442498;0.0041131277631702426
54.82;-0.03612778558422463;-0.3870112437514567;-0.0013304741113082214;0.002103282834751322;-0.02150182938530983;-0.09979075311279294
54.912;-0.039722285837826735;-0.3867545719316152;-0.0012992972013730684;0.002922551697488568;-0.021026508843000193;-0.15110287353167662
54.991;-0.08093909176945648;-0.3625122895787779;9.259570142969996e-05;0.0049431502777815784;0.01820175214860978;-0.1435850134863273
55.088;-0.11512301672611427;-0.34655604847626037;0.0015487754812003787;-0.003264313354130773;0.01950124538608989;0.08516127072976196
55.174;-0.09626860540176607;-0.35707653561258845;-0.00048683277575044053;-0.0007323046063047645;0.014307592858137538;0.11706038777987654
55.251;-0.08213205167213798;-0.35022718534062414;3.408996442548452e-05;0.005155897649653816;0.020298319221780676;-0.14899238011883525
55.345;-0.06261046389292417;-0.36266764835903914;-1.5978231187997283e-05;0.005432688198657224;0.020915123457291605;-0.14688836761255702
55.426;-0.0487090867653898;-0.37613666570462245;6.944075988696177e-06;0.005723693301561626;0.020584089423556173;-0.15121242804418214
55.511;-0.11045472979789699;-0.3622191612339992;-0.00038574125152195094;-0.013069211889247045;0.011381537288817304;0.07205864463067217
55.58;-0.10266687096634232;-0.35995333310675537;-0.0007085591018694587;0.0027629550534499074;0.036061829841862646;0.18358054843572227
55.659;-0.0855781690743399;-0.3516227488258141;4.6576713162364906e-05;0.005367691024147115;0.020061267401565743;-0.12662185649788696
55.753;-0.056924901169680776;-0.3639950020732545;0.0006497960169966658;0.010472588114573278;0.03356187418974719;-0.15319224267591286
55.847;-0.05511592543213822;-0.3810568212894305;-1.4593624075711492e-05;0.00576793324647262;0.019729098461211705;-0.15869823015340986
55.929;-0.05992009612119544;-0.3843006761093878;-1.862938166008468e-05;0.005933769116344544;0.019577642724062694;-0.16038725052713113
56.017;-0.0925424741173864;-0.3763800531108688;0.0009754059311400582;-0.011372161079585011;0.016818649334902288;-0.02817595738207824
56.103;-0.11187124606890649;-0.35227375308090153;0.003192715354061586;-0.02527814649582061;-0.019101947042595088;0.01584722851579485
56.184;-0.11724810040756763;-0.3382890207813291;-0.00027550055378641817;-0.006585936531500567;-0.01803774817734272;-0.016106449825698383
56.279;-0.09614055053288711;-0.3437855903497538;1.9193134523164774e-06;-0.005428004047945855;-0.018080824157513727;-0.08682662026920496
56.366;-0.0669346529896249;-0.36514345165758366;-1.2510960670238618e-05;-0.00575162928569975;-0.017972300557325502;-0.025487117161047373
56.447;-0.05806291992245491;-0.37805284537697786;-1.5707007637246986e-05;-0.006008657483732137;-0.01856832811716602;-0.029578244499747598
56.532;-0.05932989112571199;-0.38525313042464493;-2.419477256013344e-05;-0.006228288912337254;-0.01919190683502174;-0.002102971968298879
56.626;-0.059518017862348616;-0.3863531895061053;-2.3630642567696604e-05;-0.006220172671159342;-0.019171134677022493;-0.00208818688623584
56.712;-0.05961338402360611;-0.3868032512471378;-2.32959721514584e-05;-0.006217396976677587;-0.019162381606648685;-0.002089281736616114
56.802;-0.05964270056752781;-0.3868742912916442;-2.324217064600845e-05;-0.0062176309445828686;-0.019160739260649064;-0.002089483141128322
56.891;-0.059674652139936134;-0.3869004714516423;-2.3219455734768983e-05;-0.006218708777675619;-0.019159738361038427;-0.0020895629980352427
56.967;-0.056617395039849874;-0.38732508333184584;-0.0015562471568551814;0.003141395981250905;-0.023942173909791392;0.07363089321964963
57.05;-0.05703514663928579;-0.38595512128314047;-0.0013293946908743456;0.001717067534754394;-0.020590268315451785;-0.028623322446213476
57.137;-0.0569605746401455;-0.38687700210951975;-0.001320247875464425;0.0016373872297079602;-0.02053977737424442;0.004465688285422814
57.227;-0.06312376403374813;-0.38357023513593497;-0.0012991515100143588;0.0016397594260704731;-0.021162306951135877;-0.15109319677622848
57.314;-0.06811644516277368;-0.38452244941165586;-0.001300804539080758;0.001693477203177603;-0.020703172980232335;-0.11021116001820215
57.403;-0.07066129059038638;-0.3844839477632938;-0.001310264719594657;0.0011402379584910913;-0.020873701079991373;-0.08971044775852598
57.486;-0.07508046243444062;-0.3826007711311598;-0.0013122518788790773;0.0005999104824965058;-0.021305325324769208;-0.1287328600693152
57.579;-0.07882927033095527;-0.38162989677067;-0.0013013432819380401;0.000791724672260241;-0.02119439022741716;-0.15149998825078828
57.667;-0.08316496239235163;-0.38216380401517247;-0.0013046237772393707;0.00046197876571298384;-0.020917068111601808;-0.08908622774118825
57.756;-0.08374188631177404;-0.382665079897169;-0.0013139065776861187;0.0003026837451456956;-0.020687437762050846;-0.02665702179121595
57.841;-0.08338015176380731;-0.3826364002160993;-0.0013245856778108882;0.00024130468361147287;-0.02058574068238098;0.004138983336217399
57.927;-0.08322182643824444;-0.3825406103892577;-0.0013242378797208398;0.0002481397546212973;-0.020587705961025535;0.004103103497475114
58.011;-0.08300960453716703;-0.3825137144513406;-0.0013241023395401783;0.0002575854277466496;-0.020588394060318687;0.004104367373306416
58.104;-0.08172310249439275;-0.38289713620133825;-0.001328643651212674;0.000574565311568637;-0.020262500279695225;0.04239838467570026
58.178;-0.07904333826743368;-0.3832033694738397;-0.0013370419434892715;0.0001655131584059567;-0.020441952937696267;0.09948920743937882
58.261;-0.078112152346313;-0.3826869698178118;-0.0013363037547528308;-0.00016774740085647265;-0.020931613503029488;0.03635135661128907
58.353;-0.07780456776790014;-0.3832237294182967;-0.0013233105297174848;0.000526863499617512;-0.0205882683994411;0.0041195700395822415
58.444;-0.07771114722517485;-0.3834383091596291;-0.0013237585828443572;0.0005374637142851529;-0.020585742305327382;0.004107316501373414
58.531;-0.0775351241839614;-0.38358398832014134;-0.0013239677595487096;0.0005498130194276999;-0.020584238020752207;0.00410555929559505
58.625;-0.07734389446185899;-0.3836551442773697;-0.0013240293476217916;0.0005609308471193605;-0.020583608696596135;0.004105023645277495
58.717;-0.07721364010009073;-0.3836889831191314;-0.0013240435281484182;0.0005681192064476437;-0.02058334648537054;0.004104898053501821
58.795;-0.07951604255403101;-0.38177186190596646;-0.0013167620605081135;0.0006435094330694265;-0.020877031680574476;-0.09064211341185413
58.878;-0.08196017611825133;-0.38179534642463203;-0.001309214236694287;0.0005157815460420227;-0.020903070301718896;-0.0896513173892864
58.965;-0.0829391311916614;-0.3825164371759722;-0.0013194946637346038;0.00033984696800220843;-0.020671952075968066;-0.027257895699643524
59.052;-0.08305995979079857;-0.38265068075492;-0.0013206092823295182;0.0004808094055995639;-0.020485224592104903;-0.00656254740820047
59.137;-0.08538269825378861;-0.3805918769459756;-0.0013169196862748054;0.0003249566144274181;-0.02088229702231655;-0.0906761065366901
59.229;-0.08513822742874033;-0.3819962210644091;-0.0013243104766589716;0.00013591080148100932;-0.020587794400797232;0.004218618589242028
59.321;-0.08746812377395105;-0.3800218934905538;-0.001316708583401386;0.0002076160755424478;-0.020884511645974452;-0.09064831087615148
59.406;-0.08852175078471072;-0.38132791640790176;-0.0013149248541113323;-4.9141342307369884e-05;-0.0206126293042678;0.005143614924937155
59.49;-0.08834978396169843;-0.38131552719537326;-0.0013241696640109888;-2.9917103728071537e-05;-0.02058907737268386;0.004095616874429253
59.556;-0.08821520575606531;-0.38132973587277774;-0.0013240578894081674;-2.3572150484669773e-05;-0.02058942847094623;0.004104832996389511
59.641;-0.0880166947072904;-0.381366013175198;-0.001324040845126319;-1.311726413412597e-05;-0.02058957575446158;0.004104932863966039
59.738;-0.08788525905758182;-0.38139408299419997;-0.0013240371485104755;-6.080904850951347e-06;-0.020589624723911223;0.004104965080689545
59.822;-0.08854939162994414;-0.3809304779843308;-0.0013216528361999255;3.40630395328833e-05;-0.0206703702510673;-0.027656281381099268
59.915;-0.0883185775524812;-0.38133867410250605;-0.001324225299636302;-3.009373429907893e-05;-0.02058840513616078;0.004142192153322814
60.004;-0.0881821411959826;-0.3813442186900324;-0.001324070284219643;-2.1584608969855695e-05;-0.020589385412062244;0.004104598612462338
60.084;-0.11521254534428879;-0.36929702802483205;0.0003240067752733343;0.0069961806779152615;-0.013123429718469738;0.04629123383986258
60.176;-0.11717107161103525;-0.3540548659840833;-0.00027086574026221076;-0.008978344047111085;-0.019634670176809605;-0.08713404834123169
60.267;-0.118324753228971;-0.3525004853558353;-3.8614981275306176e-05;-0.007713476003721688;-0.018769312496652157;-0.0009887485832469909
60.35;-0.14353123998051495;-0.32831814858274616;-0.0012856860252636907;0.0001578574511119103;-0.01959506652900109;0.1504395058030056
60.433;-0.11482811128583435;-0.3227359955831576;-0.0002794134022588563;-0.007259597122990456;-0.016293746581855017;0.10518259851228659
60.521;-0.07662046961131316;-0.3208502740017136;0.0001601374413551758;-0.005780132058502693;-0.01700880756104446;-0.07590308966038788
60.604;-0.1115227446153978;-0.3018193300918428;-0.0007375730826460517;-0.006836121542648196;-0.029677839526587486;0.006559943506016303
60.69;-0.10846017767096801;-0.2951273734545527;-2.3327745841659607e-05;-0.007200247847825062;-0.018665696236849775;-0.0011839490661383729
60.778;-0.0802068352412587;-0.29024526261327116;-0.0009890205987677886;-0.013958653113882585;-0.015937120252650882;-0.12461826767271571
60.856;-0.056141035705210326;-0.2848287688276287;0.0016967806432104905;0.0002708105159616479;0.02183810438623321;-0.2575815789168704
60.949;-0.08803395452432299;-0.2715339943212243;0.0018914787702370925;-0.0006833988738516324;0.018604730992497383;-0.05506035058860738
61.044;-0.08668394954895071;-0.26386416668123536;0.001330632924607775;0.00039085363137339425;0.020661339921901757;-0.01649268031833846
61.134;-0.1100867749573955;-0.2466762971642872;0.0027932352920323157;-0.0038888239849644633;0.01778342730274572;0.06828594000897559
61.225;-0.10502738577121375;-0.2327446058561302;0.001331156907952315;0.0006608761122151632;0.02054093780313593;0.22117044963126736
61.316;-0.057976433459302104;-0.2275495692209728;4.9867761124515805e-05;0.007923156935571867;0.0193446561426957;-0.05740959928642514
61.403;-0.05166407561746048;-0.22926083135315367;5.70446623992223e-05;0.00799952758554445;0.01890043547174338;-0.13215365585305097
61.488;-0.05603917296414318;-0.2257364108128407;0.001348198287446276;0.0005605766461123506;0.02228319969972424;-0.24607595848206212
61.577;-0.08930564349586369;-0.21431762183579403;-0.0004938986828147955;-0.01053842484011283;0.013521509334013344;-0.18814823540166659
61.663;-0.08669396346993868;-0.20485830567277188;0.0013445128974962852;0.0008885354201471999;0.020595443382076403;0.007836676777979576
61.747;-0.05890885263208134;-0.20310712232271622;-0.0005355836246680008;0.0011306055810255207;0.014364214975787142;-0.07130022884691281
61.844;-0.05855151748732282;-0.18805244356664974;-0.0004120584099826535;-0.009953947730998565;0.012826419515120124;-0.0975975054038316
61.929;-0.05627604665844216;-0.18043792558485236;-0.0013715638489952824;-0.0008521029310207471;-0.02004588368704717;0.005276102980859264
62.013;-0.05528010166351135;-0.17407420284938663;-0.0013296340958171724;-0.001275613337732991;-0.020651373402271512;-0.04067130194769092
62.105;-0.04180205737005715;-0.1788709170176923;-0.0013091685108810663;-0.0009614308031264396;-0.021232251511142837;-0.08396868222397703
62.184;-0.030165711358541562;-0.18744642279947596;-0.0013112247041528562;-0.0012155047686361132;-0.021641090374516538;-0.15371095577411498
62.272;-0.05932268667505246;-0.17752515043436454;0.0013127875165079993;0.001290394020394072;0.02076524051910671;0.00707198235424713
62.359;-0.058144673675927516;-0.17425322848543578;0.0013287223420287806;0.0017144206121824427;0.020489046591735425;0.006007829637969497
62.455;-0.057428066261174;-0.17244041933104007;0.0013251881294937147;0.0017386084974966487;0.020512925312490743;0.006107356282921317
62.541;-0.05722135442398212;-0.17203001605761484;0.0013242828032235332;0.0017396645928092645;0.0205178895422517;0.006128661785483524
62.62;-0.026978045648761745;-0.1560445396265488;0.0013397182892781229;0.0017299280176843997;0.020879562158086708;-0.10876284471264819
62.705;-0.02762098962133208;-0.14718772951419953;0.0013617184671816291;0.001886064554456774;0.021304958449503152;-0.15661857615694405
62.799;-0.029668791040914636;-0.14138505727321868;0.0013245622004248647;0.0024817985207804013;0.021575649758597597;-0.19420110809033092
62.89;-0.03205642371393133;-0.14128166134108439;0.0013231243502885835;0.0028596268988046246;0.021327065006179067;-0.17449415792996995
62.975;-0.033353919124027014;-0.14280464083854055;0.001321926984105364;0.003027959321536684;0.02094588660022546;-0.13510969748651827
63.07;-0.03508011143082761;-0.14299907320198188;0.0013206341535480003;0.003294130012761856;0.020747673063219334;-0.11513705657777512
63.163;-0.03671944385987756;-0.14239187702109085;0.0013199647275799551;0.0035468864543252467;0.02070458811205567;-0.11529423946055606
63.249;-0.06375729492740831;-0.12711735622970843;4.584166807397453e-05;-0.011223042366965558;0.015691965314716175;-0.07174186034803759
63.343;-0.061234819338189306;-0.11324578757171831;0.0013397462141300862;0.003590466630324955;0.020241906804349785;0.006859247946726882
63.431;-0.05797866366155575;-0.11065916388907596;0.0012918584182817802;0.0035397474652131746;0.019905833224421368;0.054043182250096904
63.516;-0.05646758073596221;-0.10897342526650194;0.0013278235013037573;0.003644446350574379;0.02032870783422326;0.058999487318777175
63.608;-0.054152179663043816;-0.10852074114430983;0.001330170809091604;0.0036317477615229036;0.02043268898478403;0.09994070725788982
63.694;-0.05334743897808919;-0.1087336369158265;0.0013301832938749294;0.003516282720539974;0.020468212952293875;0.10011053568000768
63.787;-0.052208886608422954;-0.10918678131723421;0.0013299736932551722;0.003310652926232781;0.020503738094852737;0.10003679378652573
63.873;-0.05382672637261985;-0.10897592960929922;0.0013517501924137252;0.0030755585098848656;0.020690384136637034;0.015939268806500054
63.957;-0.022977974934251223;-0.10350964048003049;0.0015006672427953513;0.0033448275959894356;0.018830879270509547;-0.057855441059450154
64.051;-0.02146724997905526;-0.08950080178860294;0.0013407425564041146;0.003095527055726265;0.02076669813192775;-0.09789563161230268
64.14;-0.021413005741575213;-0.08621293120880097;0.0013251290061949174;0.0033520030161217204;0.020821644972581013;-0.10689974918793504
64.229;-0.021892426450335643;-0.08530261058376584;0.0013247887500995557;0.003560198228860691;0.020677483184855926;-0.09283781290193145
64.317;-0.02226737327363233;-0.08540990475743027;0.0013238094724682724;0.003669222412180112;0.02055643986432063;-0.08038414491254534
64.397;-0.022891906893092104;-0.08493626361779599;0.0013232047756309502;0.0038477495676622715;0.020523833755245226;-0.08026529264451614
64.491;-0.023225925328789122;-0.08517871430336428;0.0013109456201886754;0.003962418111442764;0.02039317025483166;-0.07158238097620975
64.576;-0.02378455055635313;-0.08550366306517794;0.0013221197353922396;0.004069107759754477;0.020304692891921015;-0.055426542866874075
64.663;-0.02398078154488004;-0.08573577359337953;0.0013216488954853564;0.0041338123713088775;0.020219747903246585;-0.04265546268476503
64.748;-0.02432180375353788;-0.08549858853095142;0.0013212563118567516;0.00422903012549662;0.02019996726217354;-0.04276307964647469
64.825;-0.024420407034448807;-0.08568405456183989;0.001309332314531298;0.004283165321245005;0.020090887136660466;-0.03387054593301786
64.922;-0.024938861227058903;-0.08485984924228171;0.0013321461019617634;0.0043667829154846955;0.020258257283297925;-0.05030985083499723
65.014;-0.025575435147699662;-0.0836939918093884;0.0013252762939241582;0.004534164762259958;0.020385114765078084;-0.07908630974892114
65.014;-0.026160854120163453;-0.08257163535421597;0.001334424950494657;0.004675638186475562;0.02055408597121653;-0.09904015928931569
65.104;-0.0006974229485186946;-0.0024526665514872526;2.1963702901887363e-05;0.010946149744742381;0.014144745761950628;-0.09019599735049035
65.197;-0.0003806684947729994;-0.0005235782428406158;0.0013096575255758475;0.004576036788190239;0.0204500198573255;0.01849838697500922
65.278;-0.00030449865814527596;-0.0006178109126576958;0.0013007385447607648;0.003979530586510898;0.020297804368298047;0.2810868131944973
65.369;-0.00022869834660745308;-0.000612766170815222;0.0012955017626852894;0.0031160212673138187;0.020449651232410607;0.5596177609756496
65.456;-0.00023956577143771467;-0.0004965388093894404;0.001294657240946892;0.0025206787752107803;0.020620025437359617;0.7157474199280957
65.55;-0.00025570539742023925;-0.00040039290380343776;0.001299592288778583;0.0012581795546300764;0.020838561319550364;0.8417185192079597
65.637;-0.00025634439184731364;-0.0003774817543325641;0.0013009476574647994;0.00016395997967608207;0.02091230848173527;0.8841008340148027
65.718;-0.0002482980350237349;-0.00037261087895802854;0.001301948323027006;-0.0016585332249703906;0.020876302845495725;0.917149828828223
65.8;-0.00023853931768804196;-0.00037908628083544935;0.001302277890117828;-0.002931259645740194;0.02074602769193319;0.9282706643576751
65.893;-0.00021893399536291117;-0.00039433939892357696;0.0013025416220781866;-0.004863873909965256;0.020387873899231673;0.9369456392759611
65.978;-0.00020305375502558537;-0.00040540651651635624;0.001302637789302413;-0.0061453018926798195;0.02004174970271929;0.9398671153133089
66.056;-0.000175362038413035;-0.00042062846532095986;0.0013027291495862178;-0.00803055839513093;0.01936578608539748;0.9421496771451462
66.146;-0.0001543628884524348;-0.0004288784560789287;0.0013027731051314137;-0.009251365939697772;0.018813850573694012;0.9429208297526216
66.232;-0.00011909992525054383;-0.00043726422514684445;0.0013028232209530075;-0.011012528458105353;0.017840463765417626;0.9435266308794354
66.325;-9.318124314555004e-05;-0.00043973728943389606;0.0013028512105920501;-0.012131913099321821;0.017098771429707147;0.9437332791722072
66.401;-5.107564723948882e-05;-0.00043829983273726636;0.0013028868318331666;-0.013716563033512317;0.015855104757393115;0.9438978526312131
66.494;-0.0005985636088212988;-0.0006024065585307696;0.0013066935785685683;-0.014236382989495618;0.01598327569124379;0.8704449755597502
66.574;-0.006255765746534993;-0.0004411799488129912;-0.0019999075163110044;-0.017341987938917502;-0.0113739941844551;0.017376612279537063
66.672;-0.0017421662124221544;-0.0003875984952611528;-0.001970864911837146;-0.014141017633913205;-0.010150546356400836;0.004027714966494254
66.764;-0.0003467113360051032;-0.0004049371183678018;-0.0019680859107305687;-0.014148479696700557;-0.010147261384304202;0.0039006555909628948
66.853;-2.0392103470006533e-05;-0.0004088382290113545;-0.001967262734709913;-0.014148508831831918;-0.010149735914928156;0.003872646302395151
66.942;0.00016332403025545858;-0.0004108959241728852;-0.0019667988696849916;-0.014145591193675108;-0.010155197354657242;0.0038568517139219807
67.035;0.00020635143611400037;-0.0004113101973494093;-0.0019666907724821842;-0.014142885595735972;-0.010159292098319941;0.003853134246953394
67.123;0.00023067763637031553;-0.00041146345449052544;-0.001966630154471302;-0.014138438832172166;-0.010165637711708852;0.0038510082481503652
67.217;0.0002380123356665061;-0.00041142558506611246;-0.0019666119478451813;-0.014133821484954174;-0.010172091081848687;0.0038503381183071428
67.305;0.00023980827712168247;-0.00041136677993247806;-0.0019666077690938377;-0.014130715493087835;-0.010176411133892895;0.003850156611144975
67.39;0.00024093613869382224;-0.00041126219939113335;-0.0019666043913512134;-0.014126036837051291;-0.010182883766915226;0.00385001988654508
67.475;0.00024128112395964638;-0.0004111884261754455;-0.0019666031089069416;-0.014122910805551534;-0.010187214750349739;0.0038499624348679764
67.565;0.00024159256289499974;-0.00041107547555027234;-0.001966604427539311;-0.014118223080140994;-0.010193696735911653;0.003849895199534077
67.66;0.0002418169325482811;-0.0004109617065995688;-0.0019666036626154438;-0.014113524028689194;-0.010200175813331503;0.0038498355224826286
67.747;0.00024195063258806258;-0.00041088567216793063;-0.0019666036778201103;-0.014110392584282993;-0.010204496241326704;0.0038497970144218733
67.836;0.00024214311278224752;-0.0004107714544714932;-0.0019666043142666377;-0.014105692297541344;-0.010210972480909939;0.0038497402097232825
67.927;0.00024233215165123735;-0.0004106571796652172;-0.0019666031763722856;-0.014100985047406832;-0.01021744647626538;0.003849683756865573
68.02;0.00024245752270202846;-0.0004105809241259201;-0.0019666041995770036;-0.014097851084026395;-0.010221760511138763;0.003849646350439441
68.11;0.0002426452314991127;-0.0004104664603238631;-0.001966604448368278;-0.014093139281215767;-0.010228238966889309;0.0038495894858106786
68.2;0.0002428327498119957;-0.0004103519413046101;-0.001966603797093074;-0.01408843150493875;-0.010234708116207655;0.0038495333931084148
68.291;0.00024295770353055721;-0.0004102755296753458;-0.0019666035219473525;-0.014085284877810736;-0.010239020626864007;0.0038494958962925967
68.375;0.00024314507531108788;-0.00041016087135753047;-0.0019666029305657347;-0.014080570314841214;-0.010245483648008029;0.0038494401430360686
68.466;0.00024326994744698751;-0.00041008431091292617;-0.00196660343577291;-0.01407742666180103;-0.010249787164687971;0.003849403354053502
68.55;0.0002434572187089175;-0.0004099694638438111;-0.0019666035828147894;-0.014072701192550554;-0.010256253130598745;0.003849347131905065
68.638;0.0002435820298710653;-0.00040989286262969573;-0.001966603057482505;-0.01406955209419292;-0.010260552139761306;0.003849310587816454
68.724;0.00024376920204875795;-0.0004097779282806486;-0.0019666024020514347;-0.014064826667202181;-0.010267012155943635;0.0038492547812169777
68.817;0.0002439563207240357;-0.00040966278762102063;-0.0019666029931713494;-0.014060101654938149;-0.010273469230334781;0.0038491991353487745
68.911;0.00024408103444657048;-0.000409586022490411;-0.001966602978094501;-0.014056942680893306;-0.010277775458856398;0.0038491617827570404
68.994;0.0002442057140339581;-0.00040950920418758737;-0.001966602939383819;-0.014053787795523175;-0.010282072530924528;0.0038491252119460433
69.081;0.0002443926914347925;-0.00040939390969615004;-0.001966603183703393;-0.014049049229053135;-0.010288522267819884;0.0038490698940397664
69.164;0.00024457962017462837;-0.00040927858382512324;-0.00196660202715483;-0.014044308612888017;-0.010294972686328265;0.003849014440513092
69.246;0.00024470419556386165;-0.00040920156005300504;-0.0019666033215313106;-0.014041145656438615;-0.010299270776745185;0.0038489775878226195
69.338;0.00024489102491593337;-0.00040908602856225675;-0.0019666034694258714;-0.014036402825206162;-0.01030571702585965;0.0038489223492370298
69.429;0.0002450155406516117;-0.00040900894914343863;-0.0019666034442967274;-0.014033241644446177;-0.010310008724305939;0.003848885984423224
69.522;0.0002452022694153834;-0.00040889326988662934;-0.0019666033395271685;-0.014028488151362857;-0.01031644688100475;0.003848831189608551
69.613;0.00024538895254176137;-0.0004087775915126647;-0.001966602869814614;-0.014023740617387821;-0.010322892094512622;0.0038487758400963515
69.701;0.0002455133571347228;-0.00040870031188770296;-0.0019666033118288257;-0.014020569226275365;-0.010327179982449869;0.003848739568067159
69.793;0.0002456999390291269;-0.00040858440610706;-0.001966602879016757;-0.014015817205487786;-0.01033361456681166;0.003848684937010568
69.88;0.000245886456743461;-0.00040846843686691227;-0.0019666023583386105;-0.014011056596033003;-0.01034004447409893;0.0038486305363179046
69.977;0.0002460107648697364;-0.00040839104577838946;-0.0019666026515671184;-0.014007876525920034;-0.010344332563891697;0.0038485940403298583
70.068;0.00024619718983356643;-0.0004082748927010088;-0.0019666027236044;-0.014003113659724495;-0.010350762961234956;0.0038485394696481925
70.164;0.0002463835546970606;-0.0004081586720154979;-0.001966602933802127;-0.013998350033133641;-0.01035718726242188;0.003848485337809199
70.26;0.00024656986249515025;-0.0004080423759112527;-0.0019666023107154785;-0.013993576623241667;-0.010363614821592138;0.003848430770250683
70.354;0.0002466940234305986;-0.0004079647015722433;-0.001966602651196462;-0.013990393155538466;-0.010367888158809922;0.003848395299142045
70.449;0.0002468802354637293;-0.0004078482662214346;-0.0019666020649810045;-0.013985616610087449;-0.010374309330994974;0.003848341118669486
70.546;0.00024706638802487915;-0.0004077317548950114;-0.001966601972808647;-0.013980841446008684;-0.010380728138010508;0.0038482870981588592
70.641;0.0002472524909038263;-0.00040761514965448483;-0.0019666011082408916;-0.013976061716155872;-0.01038714613619511;0.0038482330182907586
70.734;0.00024743851402422135;-0.00040749838669741027;-0.001966601493544949;-0.01397127351856052;-0.01039355972982231;0.0038481791571449314
70.827;0.00024756250661720484;-0.0004074204565327504;-0.0019666025991192607;-0.013968084360832324;-0.010397837343455152;0.003848143081897332
70.924;0.0002477484429289512;-0.0004073035674125672;-0.001966602558941028;-0.013963299917840304;-0.01040424608165292;0.0038480895634956805
71.016;0.00024793431640625775;-0.00040718662671703507;-0.001966601748437121;-0.01395850131926574;-0.010410650198251289;0.0038480361980993065
71.109;0.00024805818990193;-0.0004071085106288349;-0.001966603059563023;-0.013955305935146536;-0.010414913790255357;0.003848001106125423
71.203;0.0002482439831570029;-0.0004069915006753742;-0.001966601331265333;-0.013950504915754672;-0.010421322835452674;0.003847947208810364
71.299;0.0002484297166211566;-0.0004068743429346366;-0.0019666015611837155;-0.013945714653311835;-0.010427730521730925;0.003847893492293314
71.395;0.00024861536958613046;-0.00040675697987540795;-0.0019666015341723245;-0.013940905357621566;-0.010434124736343095;0.003847840590856286
71.489;0.0002487391094952015;-0.0004066786898082463;-0.0019666022810624307;-0.013937698876513853;-0.010438392528406375;0.0038478048761049688
71.58;0.0002489246770331406;-0.0004065612622423742;-0.0019666016465053194;-0.013932893703146345;-0.010444783902686888;0.003847752165997021
71.673;0.00024911018733609003;-0.00040644379653077166;-0.0019666008294664957;-0.013928086542376513;-0.010451172220438476;0.0038476996229281865
71.767;0.00024929563198266137;-0.00040632611607124256;-0.001966601843280841;-0.013923269047691037;-0.010457566290568059;0.003847646413142082
71.86;0.00024941923033165855;-0.00040624766253830556;-0.001966601851001114;-0.013920059579813944;-0.010461825232039028;0.003847611256180436
71.957;0.00024960457590460434;-0.0004061298464501082;-0.001966601733299717;-0.013915237710163592;-0.01046820901009183;0.00384755874883063
72.052;0.0002497898745025919;-0.0004060120165594221;-0.0019666016666185612;-0.013910420776804606;-0.010474593498721442;0.0038475061796838478
72.149;0.00024997510159956615;-0.00040589409897537674;-0.0019666012537923527;-0.013905593996911594;-0.010480972514181;0.0038474538931806516
72.244;0.0002500985630560148;-0.0004058153913018049;-0.001966602084919616;-0.013902380499883956;-0.010485230418355926;0.0038474186179377865
72.334;0.0002502836957146055;-0.0004056972933850275;-0.001966601528140116;-0.013897548222866664;-0.010491606579941458;0.003847366393148636
72.429;0.0002504687712749549;-0.0004055791567168985;-0.0019666011313800007;-0.01389271440161684;-0.010497981585434862;0.003847314189581657
72.524;0.0002506538026821658;-0.0004054609270330034;-0.0019666011128999295;-0.0138878836765336;-0.010504364268846083;0.0038472613294794735
72.617;0.00025077709930554565;-0.0004053819539968977;-0.001966601707209478;-0.013884651535720653;-0.0105086068712701;0.0038472269381382594
72.712;0.0002509620283046383;-0.00040526361376563955;-0.0019666002072001275;-0.01387981829704329;-0.010514975360886572;0.003847175124336215
72.803;0.00025114688593680986;-0.00040514506486503314;-0.001966601481974242;-0.01387497477058814;-0.010521342703510102;0.003847123192144393
72.893;0.0002512700940844684;-0.0004050660365735163;-0.0019666013331672127;-0.013871743639148079;-0.010525590388643076;0.0038470883038355234
72.987;0.0002514548422594974;-0.00040494726772261145;-0.001966602420225979;-0.013866894360523086;-0.010531948943242523;0.0038470369337923298
73.081;0.0002516395590007605;-0.00040482865115828645;-0.0019666010387670934;-0.013862052374091662;-0.010538311828669428;0.0038469852576765006
73.173;0.00025182419008622296;-0.0004047096830205284;-0.001966602514239409;-0.013857191992351341;-0.010544668631393054;0.003846933761853193
73.271;0.00025200878878832824;-0.0004045908918251995;-0.0019666008861478784;-0.013852341143006297;-0.010551027742768941;0.0038468821653988086
73.366;0.00025213180153937584;-0.00040451156335768714;-0.0019666011997124143;-0.013849098602006536;-0.010555258821019495;0.0038468483022581516
73.458;0.0002523162947177743;-0.000404392512491322;-0.0019666008259712616;-0.013844236978872475;-0.010561615669869311;0.003846796643535084
73.55;0.0002525007194430952;-0.0004042733382192896;-0.001966600999205;-0.0138393720800071;-0.010567966520943805;0.0038467453758423776
73.645;0.00025262363618270227;-0.0004041938527165493;-0.0019666013502275125;-0.013836126452049053;-0.01057220141787344;0.0038467110539623615
73.74;0.0002528079604998792;-0.00040407456995687025;-0.0019666008646250966;-0.013831257029975608;-0.010578544772783331;0.003846660251594955
73.833;0.00025299222565336286;-0.00040395514894802677;-0.0019666012057755074;-0.013826386874140962;-0.010584888791876666;0.0038466093209590284
73.926;0.00025317643338042056;-0.00040383569543726795;-0.001966601501859007;-0.013821512130015161;-0.010591228127896883;0.003846558654149331
74.019;0.00025329920947259586;-0.00040375603420480236;-0.0019666009467986696;-0.013818261161930405;-0.01059545802806956;0.003846524537816506
74.115;0.0002534833261854242;-0.0004036364139760612;-0.0019666004170787016;-0.013813387902950357;-0.010601793654513967;0.003846474093943983
74.209;0.00025366737562832235;-0.000403516735179423;-0.001966600961973626;-0.013808500134170516;-0.010608135567278458;0.003846422893921436
74.302;0.00025385136637432176;-0.00040339693152274933;-0.001966600485367133;-0.013803617070846761;-0.010614464750043297;0.0038463727362177224
74.393;0.00025397399358649834;-0.0004033170235048518;-0.0019666005596836534;-0.013800360788394611;-0.01061868719615294;0.0038463390132116655
74.489;0.00025415787625367213;-0.00040319703633365554;-0.0019666010273268354;-0.013795467454247366;-0.010625014132052673;0.0038462888026579638
74.583;0.0002543417168538164;-0.0004030770009446303;-0.0019666012768263354;-0.013790576989529738;-0.010631343440478577;0.003846238368603448
74.677;0.00025452548261918113;-0.00040295690220143866;-0.001966601127773326;-0.013785680355093309;-0.01063766834829352;0.0038461881801228064
74.772;0.00025464795798708456;-0.00040287670663169;-0.0019666017319767064;-0.013782412979271724;-0.01064188122616941;0.0038461549359344724
74.868;0.00025483163307030165;-0.00040275652194014864;-0.001966600771342903;-0.013777514747522104;-0.010648199797301435;0.0038461051437723827
74.959;0.000255015249896926;-0.0004026361983826438;-0.0019666007246125043;-0.01377261444625401;-0.010654519227447215;0.003846055184387184
75.053;0.0002551988038483257;-0.0004025157614840257;-0.0019666008883106826;-0.013767704643337118;-0.0106608420797966;0.003846004763760145
75.147;0.0002553211343898726;-0.00040243539315850963;-0.001966601105400261;-0.013764428449974202;-0.01066504926442195;0.0038459717255700495
75.243;0.0002555045819802444;-0.0004023148045771238;-0.0019666008813931965;-0.013759522026551837;-0.010671356643829517;0.003845922523614544
75.339;0.00025568798574256385;-0.00040219418560283505;-0.00196660100414919;-0.013754609386436606;-0.010677673867993093;0.003845872360985163
75.432;0.0002558713245822791;-0.0004020734958401787;-0.001966599916241775;-0.013749691182184566;-0.010683980988027569;0.0038458228936571626
75.524;0.00025599350844726404;-0.0004019929193939089;-0.001966600007164286;-0.013746407816764738;-0.010688184529348395;0.0038457899188814033
75.617;0.00025617673543559317;-0.0004018719404324148;-0.001966600941333438;-0.01374148930684086;-0.010694488654628381;0.0038457405920043256
75.71;0.0002563599100694904;-0.00040175097159957703;-0.0019666004274580297;-0.013736568725880891;-0.010700785932589326;0.0038456917428086475
