29.83;0.004230022080603989;0.018663995255073163;-0.030686973028950938;-5.631902083356833e-07;-3.13342978336829e-06;-0.09690018160957986;0.9952941046715262
29.93;0.004250887385328085;0.01872648884277922;-0.030686973023266294;-5.642386072155106e-07;-3.1331814974018257e-06;-0.09723285509908486;0.9952616600066261
30.023;0.004271794815376609;0.018788968398486105;-0.030686973018168903;-5.652797867968366e-07;-3.132927465898527e-06;-0.09756551438103254;0.9952291044746581
30.117;0.004285756499837801;0.018830613627093925;-0.030686973014286963;-5.659769966046393e-07;-3.1327597904137798e-06;-0.09778727932721676;0.9952073391970372
30.204;0.004306734115454904;0.018893069736447676;-0.0306869730104733;-5.670162650056234e-07;-3.1325081140322072e-06;-0.09811991485993439;0.9951745989009894
30.295;0.004327753828183626;0.018955511741615135;-0.03068697300403641;-5.680637382908976e-07;-3.1322547612444645e-06;-0.09845253610009119;0.9951417477552263
30.391;0.004341790352208224;0.018997131896281844;-0.03068697300016108;-5.687558408449101e-07;-3.1320788181778596e-06;-0.098674275636871;0.9951197854114878
30.481;0.004362880203628512;0.019059550334690735;-0.030686972994560913;-5.698043353813253e-07;-3.131828270063407e-06;-0.09900687298531635;0.9950867495306812
30.573;0.0043840121240987726;0.01912195459677156;-0.030686972990156464;-5.70843068837527e-07;-3.131572838383458e-06;-0.09933945595531943;0.9950536028176415
30.668;0.004398123437503607;0.01916354954928734;-0.030686972986309576;-5.715364045186501e-07;-3.1314020453346563e-06;-0.09956116993160831;0.9950314434387072
30.76;0.004419325449530108;0.019225930124405072;-0.030686972980406867;-5.725833059509282e-07;-3.1311454421513142e-06;-0.09989372886687443;0.9949981120197865
30.852;0.004440569502263122;0.019288296451238543;-0.030686972975183628;-5.736242022123465e-07;-3.1308874912019623e-06;-0.10022627333815733;0.9949646697861254
30.943;0.004461855585128625;0.019350648502639293;-0.030686972969810447;-5.746685402984383e-07;-3.1306330853561026e-06;-0.10055880331390198;0.9949311167442422
31.035;0.004476069651792874;0.01939220859273826;-0.030686972965976785;-5.753611477698402e-07;-3.130459860903156e-06;-0.10078048189484944;0.9949086864928415
31.111;0.004490302390627671;0.019433762318333683;-0.030686972962553363;-5.760576703876065e-07;-3.1302878002391806e-06;-0.10100215400945108;0.9948862069982279
31.183;0.004511686502213116;0.01949608095541682;-0.030686972956853027;-5.770977540142743e-07;-3.130029942417095e-06;-0.10133465003569077;0.9948523954296004
31.277;0.004525965907567103;0.019537618734234808;-0.030686972953426477;-5.777986687584428e-07;-3.129863159309107e-06;-0.10155630594270984;0.9948297928355085
31.374;0.0045474200039858454;0.019599913413873748;-0.03068697294806239;-5.788375832836605e-07;-3.129599762286475e-06;-0.10188877761159254;0.994795796626969
31.465;0.004568916077001859;0.019662193682831054;-0.030686972942882813;-5.798779056590362e-07;-3.1293410151354233e-06;-0.1022212346236646;0.9947616896432456
31.559;0.0045832701074531535;0.019703705843188563;-0.030686972940964882;-5.80573882723919e-07;-3.129178678139924e-06;-0.10244286447370356;0.9947388901155387
31.651;0.004604836117568407;0.01976596203459488;-0.030686972934238436;-5.81619424188975e-07;-3.1289186173978665e-06;-0.10277529698517716;0.9947045985213299
31.734;0.004626444075514786;0.01982820374319299;-0.030686972929493107;-5.826584336075385e-07;-3.128655194022197e-06;-0.10310771475280828;0.9946701961697282
31.826999999999998;0.004640872679924784;0.01986969015652249;-0.030686972925415883;-5.833579501296573e-07;-3.1284856162398544e-06;-0.10332931839165789;0.9946471997399821
31.922;0.0046625505270259165;0.019931907667637732;-0.030686972921884176;-5.843922597908986e-07;-3.1282248844899455e-06;-0.10366171151500325;0.9946126128074452
32.009;0.004684270293236989;0.019994110624126673;-0.03068697291590481;-5.85440845005547e-07;-3.12796916577377e-06;-0.10399408980909469;0.994577915135185
32.102;0.004698773420261895;0.020035571162320322;-0.030686972911189332;-5.861341876623524e-07;-3.127790825133711e-06;-0.10421566708287572;0.9945547218350256
32.197;0.0047205630274406475;0.020097749801116758;-0.03068697290803915;-5.871696099111107e-07;-3.1275294000511816e-06;-0.1045480205877922;0.994519839611583
32.283;0.0047423945245950744;0.020159913812984785;-0.03068697290123648;-5.882190348098016e-07;-3.127270286991306e-06;-0.10488035917652425;0.9944848466662914
32.372;0.0047569721230216605;0.020201348348498755;-0.030686972897231983;-5.88916006158796e-07;-3.127095702838057e-06;-0.10510190993261084;0.9944614565272963
32.464;0.004778873412741901;0.020263487922551053;-0.03068697289334618;-5.89956576595071e-07;-3.126841653840057e-06;-0.10543422358865842;0.9944262790605103
32.554;0.004800816563476676;0.02032561279806492;-0.030686972888289706;-5.909990612067883e-07;-3.1265786662326115e-06;-0.10576652224085344;0.9943909908898765
32.554;0.0048154685812883125;0.020367021202259566;-0.030686972885350064;-5.916937336945642e-07;-3.126407705011291e-06;-0.10598804632481872;0.9943674039438962
32.739;0.0048374814759928955;0.020429121520027647;-0.030686972879352868;-5.927341135049215e-07;-3.1261385188048196e-06;-0.10632031989880941;0.994331931281748
32.832;0.004852179979639602;0.020470513527515374;-0.0306869728752995;-5.93427605840653e-07;-3.1259622771190946e-06;-0.10654182723367281;0.9943082213476798
32.917;0.004874262587793256;0.020532589212285242;-0.030686972871194113;-5.944716697381749e-07;-3.1257064032208135e-06;-0.10687407564059415;0.9942725642125732
33.011;0.004896387009390322;0.02059465008161108;-0.030686972866441897;-5.955092747289635e-07;-3.125442189024122e-06;-0.1072063089022364;0.9942367964028667
33.104;0.004918553233414091;0.020656696108501318;-0.030686972860045923;-5.965549405182268e-07;-3.1251743214182506e-06;-0.10753852698658653;0.9942009179252617
33.189;0.004933353934170302;0.020698051866973873;-0.030686972857043054;-5.972466826398345e-07;-3.124999070404706e-06;-0.10775999726185943;0.9941769374613364
33.28;0.004955589804356553;0.020760073096031853;-0.03068697285352303;-5.98287547308771e-07;-3.124742036033074e-06;-0.10809218997922779;0.9941408745521797
33.37;0.004977867447387636;0.020822079410531588;-0.030686972847646692;-5.993293068816343e-07;-3.1244745170640133e-06;-0.10842436743141413;0.994104700993299
33.459;0.0049927424111998716;0.020863408654456014;-0.030686972844134706;-6.000240802480017e-07;-3.1242974954553677e-06;-0.10864581056997816;0.9940805238186047
33.555;0.005015089651213261;0.020925390051397784;-0.03068697283820033;-6.010670365828585e-07;-3.1240343074729977e-06;-0.10897796250926257;0.9940441658584437
33.642;0.005030011002626142;0.020966702658579865;-0.030686972836110972;-6.017600428814211e-07;-3.123857755924284e-06;-0.10919938860861074;0.994019865755904
33.734;0.005052427808711606;0.02102865906331309;-0.030686972831209157;-6.028032641043116e-07;-3.1235942300709188e-06;-0.10953151494356472;0.9939833234134502
33.813;0.005067395527170738;0.0210699549839101;-0.030686972827589972;-6.034970188479864e-07;-3.123417154082291e-06;-0.10975292394295254;0.9939589003957119
33.904;0.005089881868245222;0.02113188632103207;-0.03068697282204386;-6.045378776306071e-07;-3.1231510196025215e-06;-0.1100850245821287;0.993922173689989
34.001;0.005112409915585599;0.02119380258220392;-0.03068697281609542;-6.055818483303968e-07;-3.122882385594071e-06;-0.11041710976003671;0.9938853363754396
34.09;0.005134979657849547;0.02125570373992499;-0.03068697281285327;-6.066173753190128e-07;-3.1226169866176996e-06;-0.11074917944412924;0.9938483884588903
34.179;0.005150049311002814;0.02129696277440979;-0.03068697280803234;-6.073137828183345e-07;-3.1224384559223115e-06;-0.1109705506094504;0.993823695072379
34.275;0.00517268852001132;0.021358838700299376;-0.03068697280300231;-6.083568526417446e-07;-3.1221725925109146e-06;-0.1113025943972326;0.9937865628344585
34.364;0.005195369394034486;0.021420699451012607;-0.030686972798970237;-6.093954768605362e-07;-3.121905433383882e-06;-0.11163462260306413;0.9937493200129266
34.459;0.005210513118330539;0.021461931507465514;-0.030686972795463095;-6.100866589613101e-07;-3.1217234474118445e-06;-0.11185596606713508;0.993724430033332
34.551;0.0052332634089351775;0.021523766906313666;-0.030686972790135353;-6.111285436412892e-07;-3.1214559823622488e-06;-0.1121879682301345;0.9936870029210794
34.645;0.005256055334666566;0.021585587058602498;-0.030686972786646165;-6.121684475079713e-07;-3.1211915352044765e-06;-0.1125199547237182;0.9936494652435818
34.731;0.005263661893420775;0.02160619038284595;-0.03068697278439153;-6.125164165919882e-07;-3.1210992813084452e-06;-0.11263061340004789;0.9936369281156034
34.825;0.0052941343689384985;0.02168858669009517;-0.030686972777198;-6.139062655889532e-07;-3.120741839281462e-06;-0.1130732306344842;0.993586656766165
34.915;0.005317037265861821;0.021750366052039536;-0.030686972772406746;-6.149456935516162e-07;-3.1204739878485036e-06;-0.11340517518047873;0.9935488242820125
35.006;0.005332328972012678;0.021791543769683338;-0.030686972769140515;-6.15639637878748e-07;-3.120291764522215e-06;-0.1136264627735658;0.9935235412145261
35.097;0.005355301185032782;0.021853297540477285;-0.030686972764064395;-6.166815455998327e-07;-3.120024285911837e-06;-0.1139583809831532;0.9934855245012801
35.186;0.005378314972534666;0.021915035920806618;-0.030686972759677314;-6.177195648035562e-07;-3.1197553820563276e-06;-0.11429028334658049;0.9934473972598872
35.28;0.005393680588878632;0.021956186277495453;-0.030686972755216937;-6.184140134835222e-07;-3.1195696404324643e-06;-0.11451154276869237;0.9934219176979235
35.37;0.005416763641876352;0.022017898947219706;-0.03068697275300501;-6.194516562186072e-07;-3.1193063251786015e-06;-0.1148434186488767;0.9933836062583905
35.463;0.00543988823893877;0.022079596154805748;-0.030686972746738983;-6.204929325699286e-07;-3.1190340594310395e-06;-0.11517527859403776;0.9933451843093983
35.559;0.005455327711271291;0.022120719022889104;-0.030686972742481625;-6.211873035798837e-07;-3.1188504042048214e-06;-0.11539650968841125;0.9933195082860395
35.647;0.005478521522937145;0.022182390400302295;-0.030686972739774953;-6.222276462950134e-07;-3.118586140192834e-06;-0.11572834300302334;0.9932809021700065
35.738;0.005501756847964136;0.02224404624329144;-0.030686972735140948;-6.232631932369132e-07;-3.1183096694278e-06;-0.11606016029359568;0.9932421855632757
35.833;0.0055172701221048795;0.02228514149570032;-0.030686972730688777;-6.2396078455131e-07;-3.1181279308293763e-06;-0.11628136290286578;0.9932163131117713
35.924;0.005540574610823747;0.022346771389238726;-0.030686972725361084;-6.250026928345207e-07;-3.1178598432106825e-06;-0.11661315341540406;0.9931774123692122
36.014;0.005563920582248845;0.022408385677014007;-0.030686972720939235;-6.260435555489345e-07;-3.1175873860373908e-06;-0.11694492781580727;0.993138401154665
36.109;0.005579507603574237;0.022449453185837853;-0.03068697271858318;-6.26733314357012e-07;-3.1174050729238997e-06;-0.11716610178196575;0.9931123323084388
36.198;0.005602922687300146;0.022511041404434447;-0.03068697271397846;-6.27771811397915e-07;-3.1171311866816964e-06;-0.11749784925533772;0.9930731369895469
36.291;0.005626379223033797;0.02257261394581738;-0.03068697270869662;-6.28812391572703e-07;-3.1168581262222895e-06;-0.11782958052828611;0.9930338312174556
36.382;0.00564987719911084;0.022634170782756695;-0.030686972703121485;-6.298503631834297e-07;-3.1165798277544316e-06;-0.11816129556685791;0.9929944149993252
36.476;0.0056655655332865824;0.022675199936468854;-0.030686972700857615;-6.305450315195023e-07;-3.116400306405174e-06;-0.11838242989110222;0.9929680761650743
36.56;0.00568913255077123;0.022736730539747733;-0.03068697269627066;-6.315824123106005e-07;-3.11612564529723e-06;-0.11871411779917188;0.9929284758858794
36.654;0.005712740977721741;0.022798245367449427;-0.030686972690080715;-6.326292859244161e-07;-3.115851235917216e-06;-0.11904578938435105;0.9928887651795383
36.747;0.005728502928503378;0.02283924647506728;-0.03068697268774357;-6.333191162230781e-07;-3.1156685483466875e-06;-0.11926689468955766;0.9928622300304315
36.836;0.005752180345120174;0.02290073494984466;-0.03068697268261212;-6.343565754773277e-07;-3.1153918738450826e-06;-0.11959853899510231;0.992822335294754
36.929;0.005775899140016234;0.022962207577272516;-0.030686972678520996;-6.353977278318629e-07;-3.1151165962326496e-06;-0.11993016688849291;0.9927823301509706
37.025;0.005791734652021275;0.02300318051112069;-0.03068697267458551;-6.360915826200905e-07;-3.114932611336595e-06;-0.12015124301625385;0.992755598720824
37.116;0.00581552238464524;0.0230646266662946;-0.03068697267056016;-6.37130581710927e-07;-3.1146598641474253e-06;-0.12048284348160851;0.992715409579442
37.205;0.0058393514642508144;0.02312605690240646;-0.030686972665959218;-6.381684229376443e-07;-3.11438138178228e-06;-0.1208144274448117;0.9926751100491419
37.3;0.005855260482101924;0.02316700153603607;-0.030686972662924618;-6.388590362917759e-07;-3.1141944448298487e-06;-0.1210354742360111;0.9926481823719608
37.396;0.005879158447212556;0.02322840518057192;-0.03068697265865334;-6.398988589771575e-07;-3.1139199761179387e-06;-0.1213670306222082;0.9926076988759669
37.48;0.005903097727968246;0.023289792834448132;-0.03068697265271902;-6.409422098640399e-07;-3.1136436218517546e-06;-0.12169857041712095;0.9925671050101971
37.577;0.0059270783124422905;0.023351164470697763;-0.030686972648225744;-6.41975402764987e-07;-3.1133600721588603e-06;-0.12203009358639838;0.9925264007819589
37.67;0.005943088309654541;0.02339206998362089;-0.03068697264516754;-6.426724490048459e-07;-3.113180427874421e-06;-0.12225109978086346;0.9924992033207204
37.763;0.0059671377074873;0.023453414864596872;-0.030686972640235753;-6.437135870608254e-07;-3.112904113032361e-06;-0.12258259516802733;0.9924583151708526
37.855;0.00599122837760294;0.023514743656275882;-0.030686972635485043;-6.447511853911755e-07;-3.1126222139624e-06;-0.12291407384010952;0.9924173166777795
37.946;0.0060073117476042845;0.02355562056602875;-0.03068697263314526;-6.454397496794732e-07;-3.1124342870736305e-06;-0.12313505031894653;0.9923899230508373
38.042;0.006031471178625358;0.023616922483467254;-0.030686972628943696;-6.464824763896721e-07;-3.1121634491819007e-06;-0.12346650105945142;0.9923487406683363
38.133;0.006055671850048891;0.023678208239995835;-0.030686972624692343;-6.475176567903141e-07;-3.111883145189416e-06;-0.12379793499455814;0.9923074479620618
38.223;0.006071828536638037;0.02371905642001089;-0.030686972620102913;-6.482120743954958e-07;-3.1116924563971e-06;-0.12401888159852618;0.9922798582037973
38.317;0.006096097915935881;0.023780315182985918;-0.03068697261581567;-6.492510604544542e-07;-3.1114167183488817e-06;-0.12435028745153176;0.9922383816405305
38.406;0.006120408504069122;0.023841557714039396;-0.03068697261243059;-6.502853535612077e-07;-3.1111314390803093e-06;-0.12468167640907127;0.9921967947729531
38.497;0.006136638450608597;0.02388237703704535;-0.030686972608951358;-6.50976847580261e-07;-3.110941790715659e-06;-0.12490259297825862;0.9921690089179394
38.591;0.006161017693274265;0.023943592455061193;-0.030686972604408728;-6.520174536704558e-07;-3.110665820175371e-06;-0.12523395370379733;0.9921272382258305
38.686;0.006185438112814167;0.024004791569686487;-0.030686972599865945;-6.530533145982775e-07;-3.110382007936942e-06;-0.12556529744386366;0.9920853572489282
38.777;0.006209899697182872;0.024065974354080335;-0.03068697259592587;-6.540916304787092e-07;-3.1101018454395867e-06;-0.12589662416561279;0.992043365994452
38.868;0.0062262302835019035;0.0241067537914679;-0.030686972592223458;-6.547849976857412e-07;-3.1099119335501463e-06;-0.12611749917494183;0.992015310563178
38.868;0.006250760449092862;0.02416790929925406;-0.030686972587102956;-6.558245867974202e-07;-3.1096291288779548e-06;-0.12644879745661775;0.9919731355292216
39.055;0.006275331747398693;0.024229048405241396;-0.030686972582821378;-6.56862532416172e-07;-3.1093500540463205e-06;-0.12678007862951146;0.9919308502373517
39.148;0.00629173545847928;0.02426979868418335;-0.03068697258057477;-6.575555663055825e-07;-3.109166716268099e-06;-0.12700092322314682;0.991902598792023
39.238;0.006316375284381165;0.024330910394662113;-0.03068697257528262;-6.585963373926463e-07;-3.10888257083399e-06;-0.12733217580495437;0.9918601297535239
39.319;0.006341056210737467;0.024392005632190714;-0.03068697257180885;-6.596315235646336e-07;-3.1085998213695646e-06;-0.12766341118711633;0.9918175504768862
39.416;0.006357532989285259;0.024432726625741863;-0.030686972568751913;-6.603228609772313e-07;-3.1084143111992976e-06;-0.12788422520331175;0.9917891030526854
39.509;0.0063822823893967765;0.0244937943486699;-0.03068697256444231;-6.613584172490731e-07;-3.1081234913675197e-06;-0.12821543184304787;0.9917463400624189
39.599;0.006407072857644714;0.02455484552736118;-0.030686972559354847;-6.623942795535495e-07;-3.107837999789712e-06;-0.1285466211927895;0.991703466853787
39.692;0.006423622645973173;0.024595537108319465;-0.030686972556835862;-6.630871737752832e-07;-3.107651262699885e-06;-0.12876740447029436;0.9916748234859483
39.783;0.006448481533826237;0.024656560653222172;-0.030686972551529308;-6.641243563098709e-07;-3.107363568892212e-06;-0.12909856492671024;0.9916317665967378
39.879;0.006473381457389269;0.02471756758297511;-0.03068697254760074;-6.651621457366399e-07;-3.107078754496746e-06;-0.12942970800207823;0.9915885995090911
39.968;0.0064900041978725575;0.02475822962497288;-0.03068697254557631;-6.658519345833358e-07;-3.106891845213653e-06;-0.12965046037939448;0.9915597602329952
40.062;0.006506645167375726;0.02479888426267402;-0.030686972541600313;-6.665464424133414e-07;-3.106700783593241e-06;-0.12987120500610147;0.9915308719854201
40.154;0.0065399817785933715;0.024880171292151476;-0.03068697253524474;-6.67929822439064e-07;-3.106318948514468e-06;-0.130312670967992;0.9914729485846261
40.236;0.006556677413215111;0.024920803668541505;-0.03068697253340367;-6.686243884745334e-07;-3.1061352331897744e-06;-0.1305333922835944;0.9914439134357739
40.319;0.006101251960671562;0.0246870302557104;-0.03068678473651255;-1.1970329444357292e-06;-3.0225045175054136e-06;-0.1307590376794732;0.9914141788650038
40.402;0.003905513846078946;0.02343855136790174;-0.030686763869189178;-1.3289654332668914e-06;-3.1178416584403463e-06;-0.13041875468964242;0.9914589998652067
40.485;-0.003053227055244805;0.019482480815665348;-0.030686790697420904;-1.2222828200652388e-06;-3.2408453555369476e-06;-0.1275347751314579;0.9918340995953766
40.57;-0.010111793777266934;0.01541645531842004;-0.030686785407147008;-1.2988849525442631e-06;-3.273163050375666e-06;-0.12430675162896239;0.9922438367090294
40.665;-0.02452294426611465;0.0068506161023412435;-0.03068682903648546;-7.272769780805114e-07;-2.7254511770356146e-06;-0.12201877084913705;0.992527792836306
40.745;-0.03652561741748325;-0.0003886854879553807;-0.030686812039308467;-8.380947350219968e-07;-2.647108880108572e-06;-0.12482282464749084;0.9921790475712093
40.831;-0.050575262282721876;-0.008763860848281523;-0.030686827642181648;-2.8268082494362113e-07;-2.3552481270713372e-06;-0.1297747142279754;0.9915435056221287
40.911;-0.07587796941576941;-0.022968297339316594;-0.030685166239452825;7.124687676872646e-07;6.72075636732062e-06;-0.13888721168352108;0.9903082057547038
41.003;-0.10593822707984682;-0.03751751099906213;-0.030687303587134312;-3.261676886760455e-07;-4.303857447704942e-06;-0.14431960012288494;0.9895311278589174
41.087;-0.12736839844428993;-0.048384870741823766;-0.030685267105530566;-9.064654134011221e-06;-5.572913678984987e-06;-0.14984162732664555;0.9887100113819408
41.087;-0.15005965523071468;-0.05838130375854947;-0.030688342430829442;4.33204514403009e-06;-4.94832154340438e-06;-0.14995656989006437;0.9886925847317526
41.253;-0.18610748687083203;-0.07116657809925467;-0.03068726084544632;-7.45934270929735e-06;-4.6234005666786006e-07;-0.14391396390616534;0.9895902035372821
41.253;-0.209586017632747;-0.08162403274475591;-0.030683770107893596;4.59129467182131e-06;-9.83184400401897e-06;-0.14154189977391254;0.9899322656074235
41.414;-0.2415102510293336;-0.09900513449364563;-0.030687391491958392;-6.752813614422341e-06;-1.1369274375607375e-06;-0.1466724687592315;0.9891851125351508
41.5;-0.2633616010591615;-0.11049836425014194;-0.030687091834536932;-7.453404190619555e-06;4.659721001205904e-07;-0.15095716587379487;0.9885403046996016
41.581;-0.2973765716109067;-0.12839716467442583;-0.030687415016925568;-6.21529453837155e-06;-1.523593618429182e-06;-0.15489460810894778;0.9879309997858273
41.658;-0.31939896739849716;-0.14153649120926562;-0.030686944758744963;-1.143440306639573e-05;-4.635214681518242e-06;-0.15754326819498127;0.987512085239575
41.658;-0.3371002731874029;-0.15746256633324068;-0.030685442410556926;-1.2380655757208056e-05;-1.2513672460339813e-05;-0.15041750373764;0.9886225641059709
41.738;-0.3488897206997688;-0.17505695974167754;-0.03068512990095112;-1.1721411090962729e-05;-2.1720736803551363e-05;-0.14059897827627446;0.9900666274036743
41.876;-0.35345473627534874;-0.19386146152245554;-0.03068415657891041;-1.9386458979187503e-06;7.808811923136935e-06;-0.13351975650442058;0.9910461515783534
41.876;-0.3627380797085183;-0.21626285183670202;-0.030685764061012026;-3.5643788072492145e-06;-4.9562494199236935e-06;-0.13342445303190378;0.9910589867893173
41.958;-0.3698712009167196;-0.22657802963818868;-0.030684939211976996;-4.535016601686578e-06;-1.6872548464121281e-06;-0.1353475140822629;0.9907981885370697
42.047;-0.38176270120774336;-0.2389135782960793;-0.030688093908448105;-8.08117010831111e-06;-3.944631040122248e-06;-0.14117675081091086;0.9899844064173984
42.13;-0.3891693929485788;-0.2475065851832878;-0.03068582457288977;-1.3930001188207312e-05;-8.45969592991647e-06;-0.14372458598556379;0.9896177257495274
42.214;-0.39144839097592626;-0.26498310439005274;-0.030685589433078343;-1.335243712280675e-05;3.0719845449146277e-06;-0.13848137577477343;0.9903650379409612
42.298;-0.39137770199653554;-0.2785909229221292;-0.030685485467305713;-1.4052545697394888e-05;1.5887695806975586e-06;-0.13236624694993318;0.9912008759421024
42.384;-0.3892506778363119;-0.30279133761700217;-0.030685660417372564;-1.4087019746083621e-05;2.6975569391106902e-06;-0.12936665543368217;0.9915968274738387
42.476;-0.3864400925722565;-0.3210010940190754;-0.030685618314927707;-1.2722374389030941e-05;2.469615250179815e-06;-0.12667634524089652;0.9919441029556308
42.567;-0.38002318682809644;-0.3514036854731216;-0.030685548383892196;-1.3395243147848304e-05;5.42279527190215e-07;-0.11880682451059753;0.9929173874346151
42.653;-0.3752885617211754;-0.3738576921977149;-0.03068575916319588;-8.639273414442e-06;4.120070769712874e-06;-0.11706234757090839;0.9931245675591636
42.73;-0.3686775535673289;-0.4097747145759219;-0.03068571316986234;-8.234341689099486e-06;3.6382789910143814e-06;-0.10667906650320413;0.9942935063093611
42.812;-0.36525098539549256;-0.43471522995382983;-0.03068547097954577;-1.1403153377707783e-05;-1.3736620991450484e-06;-0.10211609208367564;0.9947724883638668
42.903;-0.35954089208321366;-0.47232985532582167;-0.030685851299395463;-8.93707718886722e-06;5.818649169185169e-06;-0.11447738240835659;0.993425854708444
42.99;-0.3578607250826424;-0.497876522865348;-0.030685689707726706;-1.0487644831686938e-05;1.4463389855055197e-05;-0.12126780948758634;0.9926198255439503
43.073;-0.3654249292908931;-0.5361742040307416;-0.030684769374797853;-1.0311856872424865e-06;1.5136305043499488e-06;-0.11398959150007866;0.993481943986045
43.155;-0.3714241432068314;-0.5622828953613388;-0.030685181068127815;1.9066131585935772e-07;3.115373630044772e-06;-0.11293014694322422;0.9936029296965866
43.247;-0.3804326913056226;-0.6018493357988145;-0.030685204239427076;3.201997518418258e-07;3.1008139580704334e-06;-0.11184794027943874;0.9937253334023087
43.33;-0.38642016369187215;-0.6283344899322452;-0.030685358830095884;1.2567260399648744e-06;1.0532580336309092e-06;-0.1112870654243262;0.9937883019368629
43.409;-0.39544493783274626;-0.6680946729176279;-0.030685153046185305;-4.589243010665398e-08;4.0827804600728685e-06;-0.11298518413132251;0.9935966727752968
43.505;-0.40152044789056346;-0.6946065526511839;-0.030685224385536374;3.7808080917126475e-07;3.0700580348588906e-06;-0.11327955919108283;0.9935631542382728
43.589;-0.4106940807127985;-0.7343426224767274;-0.030685257569119953;5.276631068681055e-07;2.7832820788806005e-06;-0.11526349172878968;0.9933349523028284
43.671;-0.41695589933133737;-0.7607752789081813;-0.03068525566294121;5.012561184608132e-07;2.9961248605840012e-06;-0.11852542067076259;0.9929510182509462
43.759;-0.42673541409670884;-0.8002194810485901;-0.030685304182414164;7.665489881726781e-07;2.6682583260286028e-06;-0.12657419728543162;0.9919571425086073
43.851;-0.4336672434369391;-0.8262667454928664;-0.03068533826138425;9.796653946840305e-07;2.425646118473571e-06;-0.13499394625338607;0.9908464232503917
43.933;-0.4410559314357643;-0.8521193340794597;-0.030685498160958065;2.096134724507155e-06;4.956728401955916e-07;-0.1446123938903619;0.9894883806941136
44.005;-0.45311445193017164;-0.8903784799946612;-0.030685531304321483;2.3164622371006647e-06;3.115875555619664e-07;-0.1619495014165613;0.9867990469115098
44.096;-0.46185874975693575;-0.9154957383466814;-0.030685456662845785;-1.0009392614527857e-05;-3.0041755877653464e-06;-0.17500066564746525;0.9845683150059883
44.179;-0.4761595357891149;-0.9531288281466999;-0.030686984849713606;-5.12432598934089e-07;-3.1775202327233456e-06;-0.18832309358251523;0.9821071287864437
44.268;-0.4862825000703461;-0.9780310969519524;-0.030686981663803254;-5.552386500729311e-07;-3.1662811658049484e-06;-0.19715209243548398;0.9803729149859133
44.337;-0.4968557432342162;-1.0027677731531528;-0.030687156091666154;-1.758088497089685e-06;-3.005559872360386e-06;-0.2058040678934347;0.9785932176478591
44.418;-0.5135023583624713;-1.0396975784058389;-0.03068700236593648;-8.586736169786037e-07;-3.306819572462675e-06;-0.21600132919742082;0.9763930692980543
44.507;-0.5250263267989962;-1.0641301806656647;-0.0306870051727665;-8.825753334500042e-07;-3.2998381696341084e-06;-0.22271794114012386;0.9748829256288349
44.588;-0.5429425273650637;-1.1005230118177796;-0.030687025138317024;-1.2359154483658272e-06;-3.4325602513807937e-06;-0.2316913883723125;0.9727893402688993
44.671;-0.5552389465782321;-1.124658891015408;-0.03068686156206603;-6.416023830213811e-08;-3.6152260617760153e-06;-0.23650325117076926;0.9716306974219073
44.757;-0.5741358965161171;-1.1603101644083016;-0.030687535413906793;-7.896760252409632e-06;-3.986071901801091e-06;-0.24949403272332035;0.9683763357069435
44.839;-0.5873996827064797;-1.1837571627859094;-0.030690698998843767;-2.4151026848633536e-07;5.7694376866351755e-06;-0.26063194160949743;0.965438237786094
44.934;-0.6082125286017276;-1.2186290700321802;-0.030685722349268613;-6.939695691955757e-06;6.107344003794072e-06;-0.2724165376197977;0.9621794167127992
45.02;-0.6224864529523277;-1.2415207662830992;-0.030688766677102814;-1.2061356347007077e-05;-2.040540054958006e-06;-0.28019922421993426;0.9599418704259686
45.105;-0.6446059531705881;-1.275041572417298;-0.03068540640223114;1.4520944173091128e-06;2.471415913254705e-06;-0.29668197930864043;0.954976336432108
45.185;-0.6599368086012266;-1.297002351985712;-0.030685541285413315;-1.0759704578039026e-05;-1.5365988007096913e-06;-0.3072202359717309;0.951638443155457
45.27;-0.6837656216610382;-1.3295956143123933;-0.030686871658217436;3.3541343190455126e-07;-3.3885424797414358e-06;-0.3170931374232953;0.9483944022332991
45.359;-0.7000069412153013;-1.3507714090656224;-0.03068514962454853;1.1068598157874632e-06;1.0663315540626044e-06;-0.3283095096554425;0.9445702016618145
45.451;-0.7251797373883784;-1.3812839914018935;-0.030687298630395234;2.737976481285554e-07;-3.089989828439963e-06;-0.3498058440723862;0.9368222197638048
45.532;-0.7427897206413906;-1.4011302485311767;-0.030686996777759358;-5.185431062123084e-07;-2.7664342020737318e-06;-0.3622246010569618;0.932090842343815
45.611;-0.7609346794165868;-1.4205157976811293;-0.03068700958870515;-5.19861918375964e-07;-2.769001558858116e-06;-0.3745965455439854;0.9271879141029478
45.69;-0.7891698023483713;-1.4489912073314724;-0.03068707276841301;-1.0733455817198082e-06;-3.0148666123234664e-06;-0.38867795421845247;0.9213736744092036
45.769;-0.8085450143412873;-1.4676067097318244;-0.030687211363084554;-2.342397706377813e-06;-2.568129641825222e-06;-0.3967887559503099;0.9179099537205833
45.769;-0.8382865022797888;-1.4950912008197097;-0.030687229263835877;-2.5359983274688767e-06;-2.6737692538265677e-06;-0.40617801912788326;0.9137939684435264
45.938;-0.8584489568879017;-1.51314780462756;-0.0306856307543404;2.0809869444181405e-06;-2.336596824054276e-06;-0.410943908409144;0.9116606299120452
46.027;-0.8888535846079396;-1.5394053356374575;-0.030685561589411263;-1.0827188244226976e-05;-1.1679921649213496e-07;-0.42481377728353853;0.9052807600478706
46.108;-0.9096436927211995;-1.556613466607135;-0.030687099861369686;-1.7237506386284313e-06;-3.1426847007210707e-06;-0.4290928236742504;0.903260399142136
46.189;-0.9411807558697;-1.581928590330477;-0.0306871992367098;-2.2459063605493273e-06;-2.556488238438895e-06;-0.43815108631572075;0.8989013436127314
46.278;-0.9625240841025016;-1.598435239673207;-0.030687066958094797;-1.6361327225566377e-06;-2.970832995435274e-06;-0.44440474762471255;0.8958261105131468
46.364;-0.9949523874024891;-1.6226184669087016;-0.03068721455946429;-2.342258638476748e-06;-2.476557539260716e-06;-0.4544050576577932;0.890795174865355
46.445;-1.016893852884762;-1.6383476927192735;-0.030687071622887824;-1.6862649462040108e-06;-2.938618996124521e-06;-0.4606119407183304;0.8876016223825947
46.532;-1.0390609232179524;-1.6537804716396842;-0.03068707504861678;-1.7052237884847594e-06;-2.9250679807731997e-06;-0.4667071813141213;0.884411898890084
46.615;-1.0726028922592832;-1.6766640381217468;-0.03068714827030199;-2.3161423095272024e-06;-3.239727820320257e-06;-0.469629184758008;0.8828637657122805
46.701;-1.1063707609598958;-1.6993506242621066;-0.03068710611389469;-2.2239078219685236e-06;-3.085044566775112e-06;-0.47241521046593626;0.881376122269013
46.792;-1.1289906699370762;-1.7143400581631725;-0.03068710654410807;-2.2272129455306664e-06;-3.080792299548838e-06;-0.47481802074521484;0.8800840000597357
46.859;-1.1516384187813704;-1.729239120193761;-0.030685677471935756;-9.926924726914243e-06;-2.97426308905719e-07;-0.47764027239020784;0.8785555019988069
46.946;-1.1743693479599693;-1.7440288747720187;-0.030687161842100127;-2.444388458662295e-06;-3.2626891673014615e-06;-0.47733660352183177;0.8787205283374353
47.024;-1.2085097053161578;-1.7662463630058174;-0.030687130099838762;-2.547453985947654e-06;-3.209273128168844e-06;-0.476958422662146;0.8789258575300019
47.107;-1.2312633246340996;-1.7810442996477063;-0.03068711173963879;-2.125699261937641e-06;-3.108323851148543e-06;-0.47812737832455693;0.8782905043789928
47.19;-1.2654012007427655;-1.802841927637981;-0.030685618598735538;2.0393320375021154e-06;-5.802997783432832e-07;-0.4857257323576519;0.874111270331831
47.281;-1.2882146189769204;-1.816752353896919;-0.03068546768866804;1.905997927136201e-06;2.0697868294664725e-06;-0.4956109593950197;0.8685446315070005
47.365;-1.3230382688874358;-1.8366750639090441;-0.03068558652333779;-1.0430540012143148e-05;5.73426076825353e-07;-0.5103887024888522;0.8599438192478743
47.458;-1.3467506292677587;-1.8494705562812255;-0.030686963016530105;-7.168049454013618e-07;-3.3859598982230605e-06;-0.5164411304586174;0.8563226954592801
47.547;-1.3824976129641273;-1.8677499333359768;-0.030685618926454574;-1.0330406011598915e-05;5.822696982636734e-07;-0.5303024437919345;0.8478085385281549
47.635;-1.418951355137678;-1.8851924674388298;-0.030687070788830303;-2.329165471590834e-06;-2.7554183511983905e-06;-0.5377899506304454;0.8430788628520381
47.723;-1.4435198850454325;-1.8965143488314815;-0.030687115992852728;-2.219052134752391e-06;-2.820134549968777e-06;-0.5418099614263862;0.8405010206336817
47.806;-1.480567020576545;-1.9132751017150662;-0.030687167280238077;-2.5812854093361684e-06;-3.0102604749114284e-06;-0.5439539566681751;0.8391150654167238
47.887;-1.5053467476330682;-1.9243760464080304;-0.030687146268604536;-2.8268162306791425e-06;-2.974117962066114e-06;-0.5440945737784914;0.8390238940387608
47.975;-1.5425058087189427;-1.9410777267921333;-0.030685721496598088;-9.94688710055523e-06;-1.5571569164585183e-07;-0.5441817938328568;0.8389673266354832
48.056;-1.5672317652297674;-1.9522572090604595;-0.0306871937588932;-2.945745174966338e-06;-3.170043017854678e-06;-0.5414092641099181;0.8407591859249773
48.145;-1.6042228634613804;-1.9692837501154627;-0.030687152853648945;-2.671593823099839e-06;-3.045306996793965e-06;-0.5386919473780346;0.8425028105672108
48.242;-1.62886647046941;-1.9807126788302445;-0.030687154018609553;-2.7682979477497585e-06;-3.009229627754069e-06;-0.5384553677904106;0.842654031546147
48.323;-1.6658302473945814;-1.9978873030708346;-0.030687156512669185;-2.7640322976154405e-06;-3.01182819211184e-06;-0.5380913768220119;0.8428865108501147
48.409;-1.6904532123811837;-2.0093416952908276;-0.030685707779049547;8.016580820741884e-07;-4.616644377965953e-06;-0.5382833710923006;0.8427639126015972
48.487;-1.7272770438026157;-2.026053732639082;-0.030685443715390052;1.8747444303960201e-06;2.302739339821482e-06;-0.546978442801913;0.8371466915070362
48.575;-1.7520503429122543;-2.0368084583866852;-0.030685641602169286;-1.037931235197626e-05;6.1997067670398e-07;-0.5527951023925877;0.8333172113083074
48.655;-1.7770066108793134;-2.047306434494861;-0.03068713782075558;-2.019060864410132e-06;-2.928226423635074e-06;-0.5558737857662385;0.8312667046653913
48.745;-1.814538707687715;-2.062780629623043;-0.030685831925150113;-1.1122367357600668e-05;-1.5442405441483996e-06;-0.558303710102611;0.8296366476714782
48.832;-1.8396796219595133;-2.0730821157875825;-0.03068579534837214;-1.1510908174709643e-05;-1.9497636857413065e-06;-0.5556816065221927;0.8313951840350126
48.918;-1.8772558803775086;-2.089048935965038;-0.030685813837780247;-1.093056219162484e-05;-1.7328644661508303e-06;-0.5488160064407368;0.8359431744753713
48.995;-1.9015658567235523;-2.100174627101249;-0.030685734600935453;-1.166995056180718e-05;-5.553655803264844e-06;-0.5451772688146269;0.8383207890782579
49.073;-1.934330851458157;-2.1180994382614577;-0.030685626724908703;-1.2351317973925396e-05;-2.1683099351170364e-06;-0.5514242751516929;0.834224950847296
49.165;-1.954804900567245;-2.1316522150033284;-0.03068574921848599;-1.1844900818125345e-05;-2.2816404989200942e-06;-0.5535078627550881;0.8328439504029476
49.243;-1.9747577414072264;-2.146213603239179;-0.030685804593681323;-1.2054145507908967e-05;-4.848289231672593e-06;-0.5561554644500564;0.8310782750099619
49.33;-2.003428853449208;-2.17032732907634;-0.030685847596990327;-1.17355650001315e-05;-2.2697920935117543e-06;-0.564295248188451;0.8255730571724461
49.387;-2.0222936825537117;-2.1877713694857825;-0.03068584586935167;-1.1791613570960437e-05;-1.4032324450032416e-06;-0.5674343599869816;0.8234186340890964
49.476;-2.0414213218812667;-2.205469184802614;-0.030685842195310627;-1.1647667144961068e-05;-1.1831748508146833e-06;-0.5700941582173902;0.8215793635610239
49.551;-2.0607532479065522;-2.2231241424697306;-0.03068584296026853;-1.1620203462078124e-05;-1.148473022672079e-06;-0.572759119096289;0.8197237286767384
49.642;-2.0898965285748514;-2.2495993541846926;-0.03068729880207305;-2.9947359815774883e-06;-2.918971406374782e-06;-0.574877198666423;0.8182396998654837
49.72;-2.109344396745271;-2.2672957729903604;-0.030687283934756573;-3.155582433893394e-06;-2.72844694907795e-06;-0.574657819960141;0.8183937865974157
49.81;-2.1383478937742395;-2.293999628662205;-0.03068739001708823;-3.2520070850540057e-06;-2.6178349134279232e-06;-0.5716978745298298;0.8204642224013468
49.89;-2.157240116033108;-2.3120396841505255;-0.030687269793922917;-2.9879857831762055e-06;-3.160333659449048e-06;-0.5654951705832696;0.8247516062597775
49.981;-2.182878926913182;-2.340037536236731;-0.030685786825900688;-1.1429206702195037e-05;-2.682285391420895e-06;-0.5637215219478087;0.8259649178718336
50.065;-2.19806562816816;-2.3596798749651198;-0.030685773855014246;-1.1494563212478344e-05;-1.6249217223864225e-06;-0.5680578112600659;0.8229886529786775
50.152;-2.222284739178937;-2.3885225514915867;-0.030687390922057127;-3.5327309737695736e-06;-1.4033379578135113e-06;-0.5709710869112747;0.8209701687009754
50.236;-2.2404473661609523;-2.406044691536688;-0.03068741652077396;-3.0874534743442482e-06;-2.554970190373697e-06;-0.5656988997535299;0.8246118813124059
50.322;-2.2648966615946082;-2.4346258621374712;-0.030685804531924307;-1.0807199649833983e-05;-2.348611503455738e-06;-0.5549756945997916;0.8318665627858637
50.398;-2.2788347364642347;-2.45513835888574;-0.03068751637324857;-2.4967566116940696e-06;-3.841289750174934e-06;-0.5473675712902848;0.8368923119964632
50.476;-2.2912604949055657;-2.4768898638957264;-0.030687337166044312;-3.0179499973232146e-06;-3.7971208349023052e-06;-0.5377038836291487;0.8431337577790399
50.56;-2.3090794994329977;-2.5113617644326904;-0.03068589495282036;-1.1432488947755309e-05;-2.2194349990453856e-06;-0.5266635642308336;0.8500738144279276
50.56;-2.3207865535847825;-2.534852178597363;-0.030686088280492012;-1.3471813173425636e-05;-3.4975157230421254e-06;-0.5207506687971705;0.8537088149677132
50.729;-2.3384942172616685;-2.570328601679282;-0.03068588909609871;-1.1633360267863446e-05;-1.8312607033046439e-06;-0.5205346935429611;0.8538405194645233
50.81;-2.3503381676674877;-2.594117580339873;-0.030685890533836795;-1.1609071164888305e-05;-1.824900655338973e-06;-0.5205544506048466;0.8538284744709476
50.81;-2.362196973801434;-2.617933811584373;-0.030685892943390324;-1.1601001106056779e-05;-1.8237259360876116e-06;-0.5205742986663568;0.8538163733673194
50.898;-2.379728230770918;-2.653789487939756;-0.030685916714357227;-1.1570534967065575e-05;-2.1242712448005004e-06;-0.5177560824926761;0.8555282805982788
50.982;-2.3912224185769375;-2.6777483192881286;-0.030685916500244045;-1.1561739675448021e-05;-2.0707221386161957e-06;-0.5149092479730684;0.8572446944798477
51.068;-2.4097403700641657;-2.712074487268804;-0.030685869718029085;-1.151742270196877e-05;-2.4336539811003267e-06;-0.5112479948425611;0.8594332362847548
51.157;-2.4270059218853306;-2.746868897525936;-0.03068590453231295;-1.1672637638496218e-05;-2.1425432315979875e-06;-0.5111448809518315;0.8594945669030708
51.24;-2.4381955394132424;-2.7707679663741422;-0.030685839697951592;-1.102088767847102e-05;-1.037648880564487e-06;-0.5108971151337826;0.8596418659101254
51.321;-2.4493375740459076;-2.794838706406014;-0.030686019490543878;-1.2181056898038827e-05;-3.2218984913734998e-06;-0.5086120714017666;0.8609957959628174
51.398;-2.4660465918742602;-2.8310074037623987;-0.03068591501159987;-1.1577447447761562e-05;-1.9052713023319944e-06;-0.507902488836382;0.8614145701670838
51.488;-2.477195844409609;-2.855159099585753;-0.03068592096399359;-1.1571335107738628e-05;-1.996552760421457e-06;-0.5079212266733448;0.8614035217926397
51.579;-2.49393089864066;-2.891405800874026;-0.030685925077894298;-1.156720628773171e-05;-1.9958980772376693e-06;-0.5079513380129771;0.8613857661193632
51.662;-2.5106712918248233;-2.927657439324569;-0.030685929357211223;-1.1566441108557927e-05;-1.9953863113088223e-06;-0.507981490666097;0.861367984663283
51.753;-2.521833311481581;-2.9518253044506206;-0.030685932232323992;-1.1566354460498814e-05;-1.9950921015844915e-06;-0.50800159671019;0.8613561270474231
51.831;-2.5316659187859476;-2.976189358723662;-0.03068452854496515;-3.6287638482188623e-06;4.676057661345764e-06;-0.5066591955291344;0.8621464258179912
51.906;-2.545334120173137;-3.0116839217647624;-0.030685375831131553;-4.9876088233266166e-06;-5.6117829137150326e-06;-0.49618616280669897;0.8682161549883738
52.0;-2.5530349202475913;-3.0350584222297345;-0.030687387478444454;-2.754221734534164e-06;-3.2591902391392657e-06;-0.4851665297797256;0.8744217737243799
52.083;-2.564936446147404;-3.070324291424542;-0.030687481655085044;-1.4522025597192882e-06;-2.7962613689772866e-06;-0.4672494301752721;0.8841255397232654
52.167;-2.572303667372463;-3.0943545023237413;-0.03068740387380572;-2.8371916171506773e-07;-3.1841593081643372e-06;-0.4520713187243565;0.8919817950925915
52.258;-2.580508632404888;-3.130991566059625;-0.03068640650149885;-1.2680163745188873e-05;-8.915851949108698e-06;-0.4298278776217468;0.9029108457532814
52.34;-2.583392216688389;-3.1562035396042516;-0.030685943988691813;-1.1405673306874275e-05;-3.153157423620617e-06;-0.4297851978666213;0.9029311621351418
52.429;-2.5903520320763653;-3.1939568041915356;-0.030687358103855804;-3.1330190399730033e-06;-2.6153798921682566e-06;-0.42715745055453336;0.9041772571897037
52.518;-2.596352919238352;-3.2190246825133033;-0.03068747392438628;-2.8263487834467734e-06;-3.2541945466769653e-06;-0.42421082090485585;0.9055634596253596
52.591;-2.6054383698920174;-3.2573713240447844;-0.03068747350358527;-2.718440563277417e-06;-3.225846232629923e-06;-0.41963238885553694;0.9076941435338225
52.684;-2.611324681056007;-3.283181459248705;-0.030687477413271165;-2.676826526531389e-06;-3.22782761026278e-06;-0.416552866423108;0.9091114945137962
52.769;-2.6198701417277097;-3.3220590511746972;-0.030687314691924754;-2.4914453220956345e-06;-3.8961464510431825e-06;-0.41217871944979306;0.9111030145989759
52.853;-2.6255309981025214;-3.3479910606545666;-0.030687467014414327;-2.5668486533638357e-06;-3.0948130566039408e-06;-0.41192611667823403;0.9112172487295351
52.935;-2.63401682307033;-3.386959077112473;-0.030687471030076054;-2.554048854601178e-06;-3.098020519894404e-06;-0.4116909766231575;0.9113235099298986
53.025;-2.63970158100965;-3.412925435604765;-0.03068719965445899;-1.549005963344667e-06;-3.953419543768413e-06;-0.41197717640725107;0.911194164874578
53.109;-2.6486793875619097;-3.451542264617547;-0.03068752317905135;-2.520754033663672e-06;-2.5267477731507976e-06;-0.418628591330745;0.9081575317684139
53.201;-2.654902918620163;-3.4773682662335874;-0.030687441331313597;-2.367917754947306e-06;-2.9614962577736615e-06;-0.421427580580702;0.906862059142138
53.291;-2.664523103047106;-3.5160640426077747;-0.030687569144835027;-2.609992662152417e-06;-2.5177358522400035e-06;-0.4253619016625917;0.9050233436772959
53.368;-2.6710226993131703;-3.5418876530289394;-0.0306874783320291;-2.53750508032229e-06;-3.0159517506749287e-06;-0.42623619447771655;0.904611909329973
53.457;-2.6809851876020927;-3.580483828898249;-0.030687454866578825;-2.399306339342417e-06;-2.93385085266334e-06;-0.4294630701255892;0.9030844209618164
53.546;-2.687824622626569;-3.6061600050512275;-0.03068745745860843;-2.4042426987151523e-06;-2.9278056193616986e-06;-0.43219094113620377;0.9017821191315839
53.63;-2.6982137793598824;-3.64471552424207;-0.030687501851523954;-2.6257113012574823e-06;-3.020882235805735e-06;-0.4337150853447501;0.9010500678255212
53.718;-2.705126712580805;-3.6704332164300313;-0.03068750553052138;-2.623184309903298e-06;-3.0303659827053488e-06;-0.4335575264367749;0.9011258909020211
53.794;-2.7154757414539414;-3.709000605857596;-0.03068751004553298;-2.624803800845845e-06;-3.031809468143321e-06;-0.43332560183251223;0.9012374397351731
53.883;-2.722339429083438;-3.7347174330581665;-0.030687697558328716;-2.5841515065850696e-06;-2.2817915397430806e-06;-0.43291107647112703;0.9014366310821442
53.965;-2.7322739970173155;-3.7733548643162433;-0.03068764942217935;-2.534133281118588e-06;-2.686700166957534e-06;-0.4282386949429372;0.9036656572759251
54.053;-2.738445632756103;-3.7991152630010236;-0.030687766439853884;-1.566547592536644e-06;-2.1744523723112894e-06;-0.42206427933993934;0.9065659072003951
54.149;-2.746268205295185;-3.8374518864006104;-0.030687464505116134;-1.8508969261782596e-06;-3.8052535819903067e-06;-0.404241101541379;0.9146524650416172
54.236;-2.7524106083239825;-3.875909402772521;-0.030687468567091106;-1.7750536908971662e-06;-3.8558991637552834e-06;-0.3846978832658133;0.9230425443026903
54.322;-2.755676242718173;-3.901741832847771;-0.03068750182455789;-2.026024229726258e-06;-3.824905986339209e-06;-0.3726662143466216;0.9279654587676329
54.398;-2.758509503573098;-3.9278149271309144;-0.030687432905865245;-2.5638422601083604e-06;-4.212412088091372e-06;-0.36387230764266204;0.9314488411643908
54.469;-2.7611116752975016;-3.954104735541591;-0.03068744595210953;-2.494118260150466e-06;-3.9918073686333e-06;-0.35882058242666726;0.9334065510830918
54.557;-2.764699804891052;-3.9937124441348413;-0.030687561469484405;-2.4302300004746515e-06;-3.4032788327771485e-06;-0.3539931530395212;0.9352480139426386
54.65;-2.768113492153902;-4.033378658791228;-0.030687548144658065;-2.3544534862387092e-06;-3.259582803923793e-06;-0.35241349999310567;0.9358443914489423
54.734;-2.770387801237899;-4.0598628641164565;-0.03068755059458452;-2.3439860454420614e-06;-3.2625455405885165e-06;-0.35225237000474885;0.935905052775066
54.82;-2.7738234265874486;-4.099594605626625;-0.03068728176717802;-1.287576882857295e-06;-4.048863203415986e-06;-0.3524639266300789;0.9358254005990941
54.912;-2.7763936150358015;-4.125877816412917;-0.03068748209971792;-1.9664929860850746e-06;-3.0579012019066827e-06;-0.35708606025261336;0.9340714884633025
54.991;-2.7836100268095856;-4.164170616628238;-0.030685966722193373;-1.0736540913424995e-05;5.06989702665814e-06;-0.36046421236631376;0.9327730439191283
55.088;-2.7903910077570626;-4.188187917341482;-0.03068628313981208;-7.185135181186513e-06;6.829379504008778e-06;-0.3619424242092833;0.9322004513296701
55.174;-2.8021182861335796;-4.223836490847773;-0.03068570303071822;-6.004236194560372e-06;-1.108358272699715e-06;-0.35472001538197473;0.9349725721378849
55.251;-2.8083798809303135;-4.247763860489261;-0.030686063224761126;-1.1887685634410522e-05;5.233990616507857e-06;-0.3561940898687731;0.9344119916684741
55.345;-2.815854053818845;-4.283981787198285;-0.03068609069593421;-1.2125928014489183e-05;5.752058119698475e-06;-0.36350577299500647;0.9315919454456327
55.426;-2.819541488652042;-4.30906990334554;-0.030686079373311748;-1.2155135668954372e-05;6.181395320437918e-06;-0.36838011354042627;0.929675261455303
55.511;-2.824496572811473;-4.334467869621475;-0.030686057478803815;-5.981807959072266e-06;1.9856900376793523e-05;-0.3700252479319751;0.9290216980581251
55.58;-2.8367805121887244;-4.3708429599294725;-0.030686820779478412;-8.95527006038492e-06;-3.300896800664288e-07;-0.3601853525191781;0.9328807596634897
55.659;-2.8432981099601022;-4.394929339914037;-0.030686077308468868;-1.1865069014137042e-05;5.228104674431965e-06;-0.36062128849626285;0.9327123276311847
55.753;-2.851002769537482;-4.431190134476429;-0.03068627479826412;-9.899288005150288e-06;4.7587391304676834e-06;-0.3677162404588388;0.929938044378321
55.847;-2.856604714915015;-4.469283899792249;-0.030686069868503522;-1.2050115403898036e-05;6.6273175147276715e-06;-0.37507175315673313;0.9269957819725009
55.929;-2.8605255589834235;-4.49532380648839;-0.030686069020997297;-1.1908589033524813e-05;6.720549086529485e-06;-0.38014534869706296;0.9249267612503209
56.017;-2.8650496209446157;-4.521392918638155;-0.030686621574738927;-7.535601476329419e-06;1.4830303177754842e-05;-0.38472709956486933;0.923030367097248
56.103;-2.8772852685288997;-4.558114977979082;-0.030686127137427154;-6.892636972559484e-06;-1.0647326327163855e-05;-0.3802058000307883;0.9249019134276208
56.184;-2.889568466345529;-4.593013015021748;-0.030686189754572157;-1.112565593866081e-05;-7.75915740886446e-06;-0.37739538846042975;0.926052223465187
56.279;-2.896715161886606;-4.616159627942062;-0.030686075970435864;-1.1012985419634678e-05;-4.1587834367423985e-06;-0.3796167080410017;0.9251438562934586
56.366;-2.905153572809208;-4.652189969594152;-0.030686100791364926;-1.1173561535458157e-05;-4.255132410604027e-06;-0.3814817842635128;0.9243763563247235
56.447;-2.909444764813417;-4.677465879836469;-0.030686119007585996;-1.1219994223795804e-05;-3.951847381162897e-06;-0.3823908158866918;0.9240006838655505
56.532;-2.915431619654254;-4.716504793321035;-0.030686143438211237;-1.1204189652320791e-05;-3.6178793171810884e-06;-0.3827480953864323;0.9238527454846013
56.626;-2.9194658652892613;-4.742748167848287;-0.030686144863686746;-1.1170183374228282e-05;-3.61127027759571e-06;-0.3827692677721192;0.9238439735752901
56.712;-2.9255308033531278;-4.782187753389862;-0.03068614879809305;-1.1156235742591365e-05;-3.6066849776064207e-06;-0.3828017479055081;0.9238305156591324
56.802;-2.929577788455118;-4.808494851710445;-0.030686151817387673;-1.1154035162170798e-05;-3.6057385962864664e-06;-0.3828235178249587;0.923821494696194
56.891;-2.935651346800515;-4.847960153042646;-0.030686156484303916;-1.1153223368288333e-05;-3.6050583760075824e-06;-0.3828562131442626;0.9238079453649682
56.967;-2.939647616937805;-4.874278891275009;-0.03068815457718739;-2.0212783516386835e-06;-2.8391132660130592e-06;-0.382520532879772;0.9239469908567424
57.05;-2.9454123731888404;-4.913717921762161;-0.030687642071109363;-2.3754489469919637e-06;-3.1974928606025693e-06;-0.3800664133173184;0.9249591998851857
57.137;-2.9492822071847584;-4.940003031769818;-0.030687656017424195;-2.4523787803042107e-06;-3.1758154086669217e-06;-0.3803592518557496;0.924838818125426
57.227;-2.9554117694940985;-4.979202637463964;-0.030687584059832792;-2.0619183676608758e-06;-2.993601881565309e-06;-0.3852918207822486;0.9227947837006267
57.314;-2.9621507997984367;-5.018352935513369;-0.03068771063961434;-2.432633718668023e-06;-2.5973834899270878e-06;-0.392183405550196;0.9198870454563357
57.403;-2.9668741625681787;-5.044515900264737;-0.030687628495520706;-2.273216675487981e-06;-3.030063459744939e-06;-0.39502178447858394;0.9186717530070284
57.486;-2.974271482753426;-5.083694429728292;-0.0306875245711688;-1.8764691926703154e-06;-3.33674957308473e-06;-0.3993516176637484;0.9167978432864533
57.579;-2.9795025376434268;-5.109672404387697;-0.03068759922057853;-2.0983738962286284e-06;-2.9445140295444252e-06;-0.4039376273957925;0.9147865287381448
57.667;-2.987792016419738;-5.148619812711521;-0.03068764125234718;-2.3358722005347682e-06;-2.967970385164839e-06;-0.4098881432431636;0.9121357958190255
57.756;-2.993460136268974;-5.174633513459223;-0.030687673850042327;-2.495148722899711e-06;-3.0306254892035736e-06;-0.4115637410588084;0.9113809779835587
57.841;-3.0019711813403913;-5.213674201028469;-0.030687689330165066;-2.5439737819306916e-06;-3.096545423030165e-06;-0.41175520434001966;0.9112944922926114
57.927;-3.007629187747781;-5.239692226281529;-0.030687692679667616;-2.5464075047175263e-06;-3.0958571859198573e-06;-0.41159887377957594;0.9113651118444881
58.011;-3.0160973424527384;-5.278713244763643;-0.030687697292645963;-2.5472290209032126e-06;-3.0970960960944524e-06;-0.41136427310036566;0.9114710279545518
58.104;-3.0245300189632918;-5.317738733916581;-0.030687813666844102;-2.589604872688858e-06;-2.6567363852035163e-06;-0.410967624085672;0.9116499393624801
58.178;-3.0299874054685754;-5.343788602366864;-0.030687724092516168;-2.6204157854372286e-06;-3.230912614227409e-06;-0.40843186299637696;0.9127888108823439
58.261;-3.035284318505957;-5.369847385099443;-0.030687559458539793;-2.4514242442864337e-06;-3.912379324018193e-06;-0.4055841946827223;0.9140576901937051
58.353;-3.043216831041472;-5.408907190857177;-0.030687712457611142;-2.5344214893978854e-06;-3.1177736862461106e-06;-0.4052522642940516;0.914204901686925
58.444;-3.0484982117586625;-5.434977261648558;-0.03068771575147146;-2.5291857382482035e-06;-3.1166491555331535e-06;-0.405095036869321;0.914274581888687
58.531;-3.056406476913893;-5.474100406650193;-0.030687720492223097;-2.5258388834597053e-06;-3.116471779355553e-06;-0.404859465398521;0.9143789221439499
58.625;-3.0642958474247552;-5.513233803303577;-0.030687725185712614;-2.524260575938123e-06;-3.116894469824814e-06;-0.4046239595701011;0.9144831607666302
58.717;-3.0695444585359914;-5.5393261147408825;-0.03068772830641665;-2.523528058812902e-06;-3.1172851661380142e-06;-0.40446695757041984;0.9145526120555574
58.795;-3.0774927856190026;-5.578389560078398;-0.03068769309160467;-2.3097526772426216e-06;-3.033582723797044e-06;-0.4058570610432465;0.9139365656252083
58.878;-3.0829835889532933;-5.60435895143834;-0.030687695859735513;-2.3306000249836812e-06;-2.9947950107859077e-06;-0.40862255077157017;0.9127034627887282
58.965;-3.0913857613754505;-5.643370156031226;-0.030687729221947825;-2.4854267308626354e-06;-3.0615028236824007e-06;-0.4107062257228007;0.9117677314628885
59.052;-3.097036418943818;-5.669381577151039;-0.030687792981281402;-2.568300659841723e-06;-2.834313646713034e-06;-0.41143746700592165;0.9114379906110573
59.137;-3.105585908439774;-5.70833497261959;-0.030687708761093745;-2.331772611498636e-06;-3.01386461272904e-06;-0.4128554255765502;0.9107965730927433
59.229;-3.1142723156033902;-5.747264814932486;-0.03068775232098926;-2.5573877510633187e-06;-3.0964033891731467e-06;-0.4139137748320981;0.9103160917989507
59.321;-3.1201414952146513;-5.773163684832582;-0.030687716475035813;-2.342761263494664e-06;-3.0078439565527445e-06;-0.41537589396127284;0.9096498593971958
59.406;-3.1291545058338333;-5.811988706746895;-0.030687761005340125;-2.588304165987952e-06;-3.042005840599936e-06;-0.41789132127329265;0.908497024534758
59.49;-3.1351610352872865;-5.837921083555613;-0.030687764292667057;-2.5696073433990758e-06;-3.0784405060373836e-06;-0.41772633400344517;0.9085728973857643
59.556;-3.141157932134879;-5.863853688173478;-0.030687767317510092;-2.5696701072775374e-06;-3.079080936700966e-06;-0.41757042567341013;0.9086445617439436
59.641;-3.1501362914195274;-5.902755192266188;-0.030687771957122398;-2.569055226873409e-06;-3.07983977210339e-06;-0.4173364506179086;0.9087520492244078
59.738;-3.1561106577703986;-5.9286917675023005;-0.030687775052643456;-2.568551173705576e-06;-3.080315342843799e-06;-0.4171804470997103;0.9088236762659743
59.822;-3.165087109512815;-5.967580081801462;-0.030687768586195763;-2.50993485243012e-06;-3.0515126984052197e-06;-0.4174865665634643;0.9086830947714604
59.915;-3.1740977000617634;-6.006471077744144;-0.03068778405691015;-2.5693170222772053e-06;-3.080637112049955e-06;-0.4176852166701013;0.9085918004027764
60.004;-3.180092401253269;-6.032404902913629;-0.030687787465078144;-2.569367556363455e-06;-3.079145371824792e-06;-0.4175292281793436;0.9086634930489278
60.084;-3.1893576811298114;-6.071186644856845;-0.030685715966173234;2.069355722692607e-06;1.2605302061678535e-05;-0.41714756633628897;0.9088387688344592
60.176;-3.1971837688136535;-6.095824485519137;-0.030686535138426438;-1.1583939853913e-05;-6.422849621577504e-06;-0.4152606737840203;0.9097024637940697
60.267;-3.2085721077988256;-6.132179637347524;-0.030686327394973057;-1.1236081312400076e-05;-3.4325465845704015e-06;-0.4179501997784715;0.9084699391653552
60.35;-3.217866762502223;-6.155191157066423;-0.030687819686570375;-2.7119773822665616e-06;-2.827911752680194e-06;-0.416042238669556;0.9093452895503843
60.433;-3.2316245295415165;-6.188295366562446;-0.030686293815727926;-1.1349219303452398e-05;-7.891604589518672e-06;-0.4064879145229975;0.9136561580571009
60.521;-3.23810231930034;-6.2099567234347575;-0.03068612010328304;-1.0752281675013656e-05;-2.119219785140229e-06;-0.4083828335405064;0.912810747717907
60.604;-3.247403239117243;-6.242077538517184;-0.030687587950767776;-4.585357636104151e-06;-3.1066117942792293e-06;-0.4103916494121129;0.9119093672411358
60.69;-3.2548507282801773;-6.262333034728911;-0.03068633020798779;-1.1143399083894788e-05;-3.3593744743452688e-06;-0.4103532017294971;0.9119266690336949
60.778;-3.2655284524969077;-6.292260853833643;-0.030687083344279418;-8.009889591194997e-06;-1.4201002681014624e-05;-0.41083271450457226;0.9117107438365405
60.856;-3.270124570724342;-6.311691942516521;-0.030686131796462533;-5.339125843172925e-06;5.054035293576332e-06;-0.41724093827127917;0.9087959063378606
60.949;-3.2772201853444254;-6.34027839009045;-0.030686417595247414;-6.4418605704471224e-06;7.0434375758523165e-06;-0.4273528547101954;0.9040849171841874
61.044;-3.2861521449745;-6.367505487797495;-0.030686481667655738;-6.753346257853087e-06;6.356998935331803e-06;-0.42827595914467925;0.9036479971386457
61.134;-3.292281078682035;-6.385223545075821;-0.030685990751558513;-3.872421752763435e-06;1.281426016036328e-05;-0.4284914960462339;0.9035458138007499
61.225;-3.3034822241645982;-6.409474665922691;-0.03068648410133206;-6.288338479018374e-06;6.341163915991449e-06;-0.4211205627111549;0.9070046700993809
61.316;-3.311492269612367;-6.433083708094673;-0.0306863308850489;-1.1454167195987235e-05;5.974430097423305e-06;-0.41756943200832863;0.9086450183021697
61.403;-3.315151187924318;-6.448598710417016;-0.03068629010402439;-1.1341598668838069e-05;6.4612348006284266e-06;-0.4203922655781932;0.907342461737383
61.488;-3.3205576652264313;-6.47186402269771;-0.03068628235596873;-5.497378213607713e-06;7.047891020744629e-06;-0.42920367584689934;0.903207730569007
61.577;-3.324785077707188;-6.4870476430313015;-0.03068627110873826;-5.240664105561169e-06;1.8905173408636523e-05;-0.43690522451484376;0.8995075454974036
61.663;-3.333765272530295;-6.50838523313687;-0.03068648456073284;-6.665297203215779e-06;6.369092131409085e-06;-0.43970146757687695;0.8981439858540218
61.747;-3.339330333751873;-6.522225034869092;-0.030686041750624168;-4.72400305259408e-06;-1.284486458852723e-06;-0.4397730657536757;0.8981089302604931
61.844;-3.343815141776493;-6.542269877854283;-0.030686284421622398;-5.245031736694625e-06;1.7574717072937407e-05;-0.44551086459362294;0.8952765322472502
61.929;-3.3476837696511073;-6.554798782319308;-0.030687850302912045;-2.3126847990774035e-06;-2.8330738488043294e-06;-0.44644345537211255;0.8948118467823466
62.013;-3.35333934329018;-6.57283254105478;-0.030687836545662896;-2.526036260653681e-06;-2.987746725711099e-06;-0.44696228803805843;0.8945528005973019
62.105;-3.358588122579325;-6.590669462780214;-0.030687833800850862;-2.2804640620093444e-06;-4.097933827758188e-06;-0.44925274350138233;0.8934047080883823
62.184;-3.361143578504835;-6.603112508938032;-0.030687801281329443;-1.7492952710147606e-06;-4.1871108691367006e-06;-0.4526159879425697;0.8917055385261324
62.272;-3.366513903875517;-6.621737874446309;-0.030686549117779547;-6.545641719493556e-06;6.7084075297122206e-06;-0.45592668914933904;0.8900173335578774
62.359;-3.3705082637655304;-6.633678735426818;-0.03068653015079588;-6.550760867929699e-06;6.559237991464186e-06;-0.4557649152772093;0.8901001864489312
62.455;-3.3764047119046805;-6.6513359644071395;-0.03068653490643735;-6.587852286904167e-06;6.5625001623754505e-06;-0.4555308118748887;0.8902200173811744
62.541;-3.3803079323577094;-6.663042575212451;-0.030686536894665252;-6.5971819997263915e-06;6.562379997671597e-06;-0.4553737173041422;0.8903003861068576
62.62;-3.383998814975985;-6.679914616439042;-0.030686479616001523;-5.934166918859444e-06;6.852604058343736e-06;-0.458248914006841;0.8888239042292788
62.705;-3.385838202409129;-6.690221363670445;-0.03068641245449872;-5.500090653085454e-06;6.973098774718502e-06;-0.46206333206124184;0.8868469299070654
62.799;-3.388735448030366;-6.704858376788747;-0.03068639438566481;-5.721035691527651e-06;7.125431392668382e-06;-0.4702952556692681;0.8825091344634772
62.89;-3.3918725438118953;-6.7192866612030375;-0.03068642589403558;-5.769940636893945e-06;7.124470200673697e-06;-0.47841963727801934;0.8781313401665598
62.975;-3.3940905247809647;-6.728949382337419;-0.030686477615441105;-5.920164171039787e-06;7.066894484503228e-06;-0.4829896512708923;0.8756260598453157
63.07;-3.39758031757048;-6.743502250972339;-0.030686501361199308;-5.954818715249623e-06;7.06498955271376e-06;-0.48873211197296124;0.872433907319675
63.163;-3.401242100250523;-6.758046548453589;-0.03068650335830867;-5.915707656449242e-06;7.097909101702329e-06;-0.493893076062601;0.8695226445194203
63.249;-3.4040368862783286;-6.767564785062819;-0.030686362705934785;-4.099792970782837e-06;1.803463123092756e-05;-0.4971689229091215;0.8676537683611637
63.343;-3.4104711844830953;-6.779670077116361;-0.030686522955520955;-6.219317122764031e-06;6.7957917897144486e-06;-0.4976263942792658;0.8673914754202707
63.431;-3.414545827573008;-6.787262650648543;-0.03068662228706371;-6.320920423745287e-06;6.9737150503034165e-06;-0.4970281489197889;0.8677344173724939
63.516;-3.4203641261386672;-6.798425670932096;-0.030686527202082488;-6.2864590830091935e-06;6.79036329920273e-06;-0.4939856257268396;0.8694700693466303
63.608;-3.4260104624681116;-6.809515403026906;-0.03068651895049196;-6.158262917144031e-06;6.835318290617968e-06;-0.4904823971353876;0.8714510990386541
63.694;-3.4296699477721395;-6.816901008242233;-0.030686514223808206;-6.184129016109527e-06;6.800109728525616e-06;-0.4875453649759367;0.8730976560534313
63.787;-3.435060297365296;-6.828014108270145;-0.030686515689923186;-6.2195482049741746e-06;6.769135782735872e-06;-0.48313435243870256;0.8755462280251864
63.873;-3.4386649951225428;-6.835431656612958;-0.030686476576180552;-6.280918152927229e-06;6.621053625401094e-06;-0.48130352616665617;0.8765540003994361
63.957;-3.4430845092022904;-6.846479855737114;-0.030686376357301384;-5.3377535763646664e-06;5.031261581721066e-06;-0.4820350706060744;0.8761519221299418
64.051;-3.445327583261961;-6.856188513962684;-0.030686494937709523;-5.744232861598776e-06;7.019374017099344e-06;-0.48559412002414293;0.8741843915992271
64.14;-3.446781348412729;-6.862134796422692;-0.030686495736553906;-5.870154702758691e-06;7.061827686666099e-06;-0.48872976279298774;0.8724352233122994
64.229;-3.4489875165659014;-6.870879473920978;-0.030686514807184085;-5.8953312434981876e-06;7.061693037615623e-06;-0.493075220834153;0.8699866818030773
64.317;-3.4504890491316473;-6.876680997360813;-0.03068653096125785;-5.933270564033898e-06;7.057165910850132e-06;-0.49563987193158643;0.8685281326857717
64.397;-3.4527942862098473;-6.88535856466887;-0.03068653250959677;-5.909312467998388e-06;7.080246183800664e-06;-0.4992364200039381;0.8664658082443887
64.491;-3.454367168296442;-6.891126479658792;-0.0306865552749001;-6.024860353279147e-06;7.105533528712633e-06;-0.5015932892782053;0.8651035614678068
64.576;-3.456773919578616;-6.899824518490786;-0.03068655946687886;-5.9554295757394445e-06;7.080660015487112e-06;-0.5044378430866016;0.8634480079174045
64.663;-3.4584013255071535;-6.905644464660557;-0.030686570353746327;-5.977550324954953e-06;7.076370911259611e-06;-0.5058875144918353;0.8625994566399094
64.748;-3.4608718578860396;-6.914369679503053;-0.03068657142190799;-5.963559451359657e-06;7.087239727516213e-06;-0.5078095074457443;0.861469386607509
64.825;-3.462537853063001;-6.920178294697312;-0.03068659257127397;-6.017175582663469e-06;7.1387940501202e-06;-0.5090565930877439;0.8607330509203944
64.922;-3.465061218429309;-6.92889186618115;-0.03068655484299091;-5.8472546345519515e-06;7.07903734612873e-06;-0.5106405780686003;0.8597942776882519
65.014;-3.467638273961847;-6.937476283911516;-0.030686537642993734;-5.774037986203304e-06;7.171103158826023e-06;-0.5135815923478781;0.8580407612209654
65.014;-3.469397305814248;-6.943133968413324;-0.03068650571002946;-5.552713518114663e-06;7.228103550237042e-06;-0.5161480477456116;0.856499382793307
65.104;-3.470893453018735;-6.947814909366905;-0.030686013574811034;-1.1059621392705238e-05;7.489473006230523e-06;-0.5201791243937546;0.854057186824477
65.197;-3.470925147583751;-6.947866530368635;-0.03068649822206411;-5.379027045157285e-06;7.68087360360994e-06;-0.5213527239130161;0.853341278258909
65.278;-3.470963612385641;-6.947904745890656;-0.030686492686447138;-5.309762878874057e-06;7.707554063822172e-06;-0.5151373274301931;0.8571076558988829
65.369;-3.4709967640811348;-6.947943246977023;-0.03068649624550323;-5.505529919840011e-06;7.610930726841726e-06;-0.4967127852765125;0.8679149778950769
65.456;-3.4710164434143365;-6.947968216227283;-0.03068649731153071;-5.793380006721993e-06;7.403052314717216e-06;-0.4776380307780735;0.8785567206880133
65.55;-3.471048141696027;-6.94800334813369;-0.030686495194353916;-6.220173344275884e-06;7.031029918354451e-06;-0.4420315947644485;0.8969994811268691
65.637;-3.4710696660614557;-6.948026834186341;-0.030686494670364876;-6.469298349729795e-06;6.797217594938861e-06;-0.41549970467970965;0.9095933131477056
65.718;-3.471101318765337;-6.94806352559053;-0.030686494398112128;-6.809205564013418e-06;6.450621439342736e-06;-0.3732435473290033;0.9277333961269726
65.8;-3.4711215714826635;-6.9480893039433;-0.030686494391480197;-7.019337722153353e-06;6.217884706972601e-06;-0.3439794860877235;0.9389771632275687
65.893;-3.471150170839053;-6.9481301171179455;-0.03068649449617846;-7.315022658606295e-06;5.862441947090422e-06;-0.29897426468730076;0.9542611743997605
65.978;-3.4711678199054647;-6.948158717701868;-0.03068649459572808;-7.500527506457963e-06;5.620174780979364e-06;-0.2684143002563816;0.9633035675891753
66.056;-3.471191812092043;-6.9482035023729525;-0.03068649473918919;-7.762374286156404e-06;5.247970615809818e-06;-0.22194282059345574;0.9750596824293503
66.146;-3.4712059487993554;-6.948234439492803;-0.03068649481452391;-7.926199806900964e-06;4.993814463036355e-06;-0.19062488783616008;0.9816629523668947
66.232;-3.471224013001067;-6.948282091122068;-0.030686494883774694;-8.155889773496563e-06;4.603613964109244e-06;-0.14325693751497895;0.9896855307450533
66.325;-3.4712337571503267;-6.948314435222687;-0.030686494897475512;-8.29827096661209e-06;4.337648221800538e-06;-0.11147514161085609;0.9937672226005257
66.401;-3.4712445952787294;-6.948363336256046;-0.030686494872167867;-8.495584891803356e-06;3.930322759221654e-06;-0.06358854627793349;0.9979762004650395
66.494;-3.471250638551724;-6.9484008488970685;-0.030686489738506517;-8.7204596006483e-06;3.202335145663776e-06;-0.03188407651554279;0.9994915735404925
66.574;-3.4714945994945916;-6.948543584074607;-0.03068803404265341;-7.495232941356024e-06;-2.8679980082593868e-06;-0.006929047221173406;0.9999759938319533
66.672;-3.471864483885908;-6.948584243879384;-0.030688004871475796;-7.3259786043325525e-06;-1.3539720999343728e-06;-0.006697628394283496;0.9999775706076557
66.764;-3.4719575167925076;-6.9486299839950245;-0.030688004617172172;-7.332290328113271e-06;-1.3237925158347116e-06;-0.006462967979005271;0.9999791147765974
66.853;-3.4719692949378596;-6.948661121732372;-0.030688004464746406;-7.333360504985025e-06;-1.3174883660814732e-06;-0.006308355674046139;0.9999801020986248
66.942;-3.471961518021322;-6.948708137833101;-0.03068800438127634;-7.3337730073602414e-06;-1.3150118396889251e-06;-0.006077355439143337;0.9999815326771556
67.035;-3.471949714484373;-6.948739556249932;-0.030688004364714715;-7.3337421964271375e-06;-1.315174235710242e-06;-0.005923594714995702;0.9999824553311618
67.123;-3.4719286467417776;-6.948786714052345;-0.03068800435835095;-7.3335450866026695e-06;-1.3163254298613362e-06;-0.0056930761991838335;0.9999837942826257
67.217;-3.4719061440396906;-6.94883387694123;-0.030688004359916005;-7.333275363298129e-06;-1.3178692993555281e-06;-0.005462611095000654;0.9999850798009493
67.305;-3.471890872733447;-6.948865315570908;-0.030688004362854;-7.333084882227424e-06;-1.3189696302183835e-06;-0.005308978355465963;0.9999859072473509
67.39;-3.471867817202992;-6.948912465710102;-0.030688004366703027;-7.332793103863094e-06;-1.3206498136207268e-06;-0.00507853603381545;0.9999871041249678
67.475;-3.471852400781117;-6.948943893358785;-0.030688004369594776;-7.3325937568708995e-06;-1.3217836726320908e-06;-0.004924910439826153;0.999987872527285
67.565;-3.4718292406782947;-6.948991025808794;-0.030688004375851383;-7.332301420951308e-06;-1.3234884428702034e-06;-0.004694474773242816;0.999988980864834
67.66;-3.471806051332259;-6.9490381472897536;-0.03068800438054399;-7.3320037413062e-06;-1.3251906157922132e-06;-0.004464041903047833;0.999990036087547
67.747;-3.4717905782273633;-6.949069555485544;-0.030688004384117208;-7.3318064492706955e-06;-1.3263281707498436e-06;-0.004310421450168915;0.9999907100625522
67.836;-3.471767349572563;-6.9491166585732715;-0.030688004389662904;-7.331509929624705e-06;-1.3280331898298257e-06;-0.004079992920139799;0.9999916767664904
67.927;-3.4717440986442933;-6.949163750599989;-0.030688004393802183;-7.3312105122223235e-06;-1.3297368438340012e-06;-0.003849566957793703;0.99999259036191
68.02;-3.4717285857592968;-6.949195139134174;-0.030688004398291283;-7.331012713169626e-06;-1.3308739643536825e-06;-0.0036959510764303736;0.9999931699217377
68.11;-3.4717052980877736;-6.949242212701658;-0.030688004403734717;-7.330713480704696e-06;-1.3325822651130875e-06;-0.003465529398977978;0.9999939950072049
68.2;-3.4716819884286183;-6.949289275180353;-0.030688004408718685;-7.330415010901803e-06;-1.3342863318042901e-06;-0.0032351103009123456;0.9999947669892206
68.291;-3.471666436447395;-6.949320644000574;-0.030688004411935452;-7.330214660713629e-06;-1.3354231375494403e-06;-0.003081499005972557;0.9999952521429095
68.375;-3.471643090169089;-6.949367687975972;-0.030688004416738298;-7.329914555188411e-06;-1.3371261031489893e-06;-0.002851084224838857;0.9999959356233541
68.466;-3.47162751378209;-6.949399044451708;-0.030688004420519374;-7.329716726020989e-06;-1.3382607517514576e-06;-0.0026974758151951436;0.999996361777737
68.55;-3.471604130903789;-6.949446069896454;-0.03068800442584324;-7.329415493313988e-06;-1.339967192318347e-06;-0.002467065373838749;0.999996956761832
68.638;-3.4715885301223097;-6.94947741400968;-0.03068800442876155;-7.329214697687616e-06;-1.3410988704343253e-06;-0.0023134598644258195;0.9999973239203893
68.724;-3.471565110660298;-6.949524420896978;-0.03068800443354223;-7.328912877811764e-06;-1.342804833781058e-06;-0.002083053785047879;0.9999978304133528
68.817;-3.4715416692556578;-6.949571416636864;-0.03068800443981056;-7.328614258802305e-06;-1.3445092505017223e-06;-0.001852650333561387;0.99999828381414
68.911;-3.471526029465035;-6.949602740932046;-0.030688004442970814;-7.32841206201536e-06;-1.3456468066566837e-06;-0.0016990494967090138;0.9999985565866041
68.994;-3.4715103799263813;-6.949634060265855;-0.030688004446295016;-7.32821132844567e-06;-1.3467814199703629e-06;-0.001545449833666433;0.9999988057639345
69.081;-3.47148688734441;-6.9496810299569605;-0.03068800445173387;-7.327908474382311e-06;-1.3484855164712812e-06;-0.001315052545837353;0.9999991352902687
69.164;-3.4714633728388034;-6.949727988468229;-0.030688004456055285;-7.327604318556584e-06;-1.350189350761395e-06;-0.00108465791304236;0.9999994117306744
69.246;-3.471447684324718;-6.94975928792648;-0.030688004460326046;-7.3274032379880675e-06;-1.3513273311505927e-06;-0.0009310629704607216;0.9999995665330202
69.338;-3.471424133292351;-6.9498062277828625;-0.030688004465777803;-7.327100613321603e-06;-1.3530314870086552e-06;-0.0007006727809570908;0.9999997545010384
69.429;-3.4714084204324362;-6.949837514795647;-0.030688004469355504;-7.326899770953386e-06;-1.3541661366882724e-06;-0.0005470808077086073;0.9999998503235251
69.522;-3.4713848328891808;-6.949884435970178;-0.03068800447433419;-7.326594541558871e-06;-1.355868069905112e-06;-0.0003166950838277304;0.9999999498243521
69.613;-3.471361223446951;-6.949931345922688;-0.030688004479496808;-7.326289786399814e-06;-1.357573568614948e-06;-8.631205047907091e-05;0.9999999962473564
69.701;-3.4713454716555807;-6.94996261298508;-0.030688004483312;-7.326087489564731e-06;-1.3587098963555024e-06;6.727513985219789e-05;0.9999999977092691
69.793;-3.471321825727923;-6.950009504212604;-0.030688004488504277;-7.325783869585516e-06;-1.3604118056945123e-06;0.0002976536715948781;0.999999955673386
69.88;-3.4712981579166002;-6.950056384192064;-0.03068800449339624;-7.325477569307236e-06;-1.362113454164084e-06;0.0005280294913915301;0.9999998605646594
69.977;-3.4712823672209505;-6.950087631257973;-0.030688004496735553;-7.325272453215773e-06;-1.3632507466690177e-06;0.0006816118603757782;0.99999976767485
70.068;-3.4712586629495243;-6.95013449246933;-0.030688004502523084;-7.324966964221011e-06;-1.3649539188273057e-06;0.0009119831420346669;0.9999995841155287
70.164;-3.4712349368097657;-6.950181342406671;-0.030688004507893468;-7.324661698351399e-06;-1.3666551600632634e-06;0.001142351690248468;0.9999993474883359
70.26;-3.4712111888073345;-6.950228181060545;-0.030688004512766136;-7.324353059116908e-06;-1.36835952978507e-06;0.001372717496457892;0.9999990577951344
70.354;-3.4711953446626413;-6.95025940055614;-0.030688004516097423;-7.324150152955092e-06;-1.3694918753816104e-06;0.0015262931736953016;0.9999988351861363
70.449;-3.471171560235215;-6.9503062203825134;-0.03068800452093883;-7.3238410669419495e-06;-1.3711943146591767e-06;0.0017566543924266095;0.9999984570537231
70.546;-3.4711477539604387;-6.950353028899296;-0.03068800452626534;-7.323533246461412e-06;-1.372897144876714e-06;0.0019870128476700845;0.9999980258602637
70.641;-3.4711239258440476;-6.950399826096934;-0.030688004531341274;-7.323224406944596e-06;-1.3745984278643624e-06;0.0022173685314993987;0.9999975416076163
70.734;-3.4711000758918633;-6.950446611965703;-0.030688004536686898;-7.322914980673899e-06;-1.376303362593324e-06;0.0024477214353651124;0.9999970042976406
70.827;-3.471084163795603;-6.95047779624621;-0.03068800454118032;-7.322711240270355e-06;-1.3774395594941848e-06;0.002601288489685982;0.9999966166156132
70.924;-3.471060277463315;-6.950524563212008;-0.03068800454681759;-7.322403722766741e-06;-1.379141520551867e-06;0.0028316367429409603;0.9999959908808816
71.016;-3.4710363693105455;-6.950571318822967;-0.03068800455092302;-7.322091209020908e-06;-1.38084262332224e-06;0.0030619821949023286;0.9999953120937711
71.109;-3.47102041842241;-6.950602482917328;-0.030688004555211406;-7.321887246277915e-06;-1.3819760267560708e-06;0.003215544269281297;0.9999948300964023
71.203;-3.4709964739150214;-6.950649219582343;-0.03068800455930938;-7.321572612605971e-06;-1.3836784360165272e-06;0.0034458850341487616;0.999994062892781
71.299;-3.47097250760264;-6.9506959448668;-0.03068800456564781;-7.321263831838803e-06;-1.3853822350249144e-06;0.003676222975908604;0.9999932426417247
71.395;-3.470948519491046;-6.950742658760939;-0.030688004570406296;-7.320952312430031e-06;-1.3870832067223996e-06;0.00390655808666848;0.9999923693450843
71.489;-3.4709325153088257;-6.950773795024408;-0.030688004574392483;-7.320744678591321e-06;-1.388220427304626e-06;0.004060113250055523;0.9999917576784702
71.58;-3.4709084908779637;-6.950820489913244;-0.030688004579283522;-7.3204335312097e-06;-1.3899191884899405e-06;0.004290443624329607;0.9999907959766359
71.673;-3.470884444663382;-6.950867173386225;-0.03068800458418015;-7.320120698853469e-06;-1.391617213055322e-06;0.004520771145836786;0.9999897812341517
71.767;-3.470860376670803;-6.950913845433298;-0.03068800458998234;-7.319808461104835e-06;-1.3933217635515543e-06;0.004751095805821686;0.9999887134528684
71.86;-3.470844319246384;-6.950944953778984;-0.030688004593578868;-7.319600049915149e-06;-1.3944564424118225e-06;0.004904643985827985;0.9999879721335907
71.957;-3.470820214970009;-6.950991606761648;-0.03068800459863874;-7.3192870786134106e-06;-1.396157041230649e-06;0.005134963859741566;0.9999868159584097
72.052;-3.4707960889310576;-6.9510382482930115;-0.030688004604136926;-7.318974037471188e-06;-1.3978567762949584e-06;0.005365280851055117;0.9999856067493511
72.149;-3.470771941135455;-6.951084878363019;-0.030688004608862344;-7.3186586420124095e-06;-1.3995573013344733e-06;0.005595594951500747;0.9999843445082616
72.244;-3.470755830520894;-6.951115958704301;-0.030688004613431345;-7.318451028306867e-06;-1.400693155709411e-06;0.005749136074919344;0.9999834735528735
72.334;-3.4707316464770637;-6.951162569650766;-0.030688004618162665;-7.318135572431216e-06;-1.402393085208262e-06;0.005979445339249066;0.9999821229291618
72.429;-3.470707440692085;-6.9512091691103315;-0.030688004623053614;-7.317818751092276e-06;-1.404093629887766e-06;0.006209751691063847;0.9999807192783335
72.524;-3.47068321317175;-6.95125575707317;-0.030688004628864174;-7.3175038590133886e-06;-1.4057971711162582e-06;0.006440055121979933;0.999979262602232
72.617;-3.470667049419234;-6.951286809323193;-0.030688004632374907;-7.317293180116581e-06;-1.4069309263543941e-06;0.006593589116098955;0.9999782620272534
72.712;-3.470642785686269;-6.951333378103697;-0.03068800463709382;-7.3169770563941865e-06;-1.408628541070401e-06;0.006823887661615433;0.9999767169797802
72.803;-3.470618500233616;-6.951379935361556;-0.030688004643365636;-7.316661922156969e-06;-1.410329128790251e-06;0.0070541832645450685;0.9999751189119397
72.893;-3.4706022978681936;-6.951410967127423;-0.030688004646750637;-7.316449639176046e-06;-1.4114654836999298e-06;0.007207712027634782;0.9999740240785278
72.987;-3.4705779762289266;-6.951457505159964;-0.030688004652446088;-7.316134943805158e-06;-1.4131654054863467e-06;0.007438002708562033;0.9999723376474894
73.081;-3.470553632885425;-6.9515040316444665;-0.030688004657478205;-7.3158167724160674e-06;-1.414863711139682e-06;0.007668290425563935;0.9999705982009802
73.173;-3.470529267843631;-6.951550546570891;-0.030688004663212393;-7.315500399795666e-06;-1.4165644431687374e-06;0.00789857517009589;0.9999688057408387
73.271;-3.4705048811094006;-6.951597049930064;-0.03068800466794136;-7.3151806522062716e-06;-1.4182630489784692e-06;0.008128856934491049;0.9999669602688956
73.366;-3.470488611238156;-6.951628045738347;-0.030688004671393564;-7.314967242432191e-06;-1.4193953691977156e-06;0.008282376450965669;0.9999657005041729
73.458;-3.4704641883628238;-6.951674529796855;-0.03068800467658056;-7.3146482480792636e-06;-1.421096012140263e-06;0.00851265322976155;0.9999637666833066
73.55;-3.470439743810668;-6.951721002262411;-0.030688004682091374;-7.314328981676103e-06;-1.4227960849287622e-06;0.008742927006544743;0.9999617798555276
73.645;-3.4704234354028025;-6.951751977460652;-0.030688004685891022;-7.314115396379841e-06;-1.4239309332781283e-06;0.008896441185734273;0.9999604258562961
73.74;-3.470398954735776;-6.951798430582768;-0.030688004690715993;-7.313794892720445e-06;-1.4256290165071304e-06;0.009126709941043464;0.9999583506877316
73.833;-3.4703744524076097;-6.951844872086061;-0.03068800469660754;-7.313475920388256e-06;-1.4273289637250509e-06;0.009356975672390518;0.9999562225171371
73.926;-3.4703499284242114;-6.9518913019607504;-0.03068800470185794;-7.3131551703753156e-06;-1.4290265975591368e-06;0.009587238371902757;0.999954041346339
74.019;-3.470333567074174;-6.951922248745665;-0.030688004705311356;-7.3129398588905385e-06;-1.4301611065004178e-06;0.009740745149600426;0.9999525577888214
74.115;-3.470309007011802;-6.951968659218223;-0.030688004710439705;-7.3126204588558e-06;-1.4318567760772972e-06;0.009971002777867909;0.9999502882884125
74.209;-3.470284425309868;-6.952015058036507;-0.03068800471635709;-7.312296412929163e-06;-1.4335601053883197e-06;0.010201257351802743;0.9999479657926795
74.302;-3.470259821974322;-6.952061445191109;-0.030688004721189502;-7.311975213484927e-06;-1.435256002830065e-06;0.01043150886445282;0.9999455903034354
74.393;-3.47024340773484;-6.952092363476296;-0.03068800472500092;-7.311760394248834e-06;-1.4363896834812645e-06;0.010585008167538648;0.9999439772040073
74.489;-3.470218768356397;-6.952138731169748;-0.03068800473049697;-7.311437910936191e-06;-1.438088314226634e-06;0.010815254558716179;0.9999415133963112
74.583;-3.4701941073600655;-6.952185087173735;-0.030688004736259232;-7.311115848439919e-06;-1.439785758235985e-06;0.011045497866305697;0.9999389965999725
74.677;-3.470169424751819;-6.952231431478664;-0.030688004741607426;-7.310791560548054e-06;-1.4414859670293867e-06;0.011275738081953878;0.999936426816816
74.772;-3.470152957675948;-6.952262321177754;-0.030688004745332065;-7.310576768788525e-06;-1.4426175942008299e-06;0.011429229837472257;0.9999346841918209
74.868;-3.4701282390609784;-6.952308645962937;-0.030688004750207134;-7.3102512755473795e-06;-1.4443139953848546e-06;0.011659464882299813;0.9999320261013408
74.959;-3.470103498849893;-6.952354959023425;-0.03068800475566965;-7.3099268720528914e-06;-1.4460117396337277e-06;0.011889696813425511;0.9999293150288968
75.053;-3.4700787370485746;-6.952401260349503;-0.030688004761354366;-7.309600598272428e-06;-1.4477140696351572e-06;0.012119925622468617;0.9999265509763104
75.147;-3.470062217189382;-6.952432121376285;-0.030688004764774034;-7.3093833546716465e-06;-1.448845203859825e-06;0.012273409757098962;0.9999246788420658
75.243;-3.4700374194175283;-6.952478403123899;-0.030688004770106796;-7.309059299660909e-06;-1.450541096650208e-06;0.012503633345666992;0.9999218264932669
75.339;-3.4700126000713056;-6.952524673111411;-0.030688004775893202;-7.308732392085722e-06;-1.4522412529245258e-06;0.012733853790362109;0.9999189211691712
75.432;-3.4699877591567354;-6.952570931329427;-0.030688004780499423;-7.308403849582701e-06;-1.453937240115628e-06;0.012964071083707016;0.9999159628715856
75.524;-3.469971186567497;-6.952601763597958;-0.03068800478412575;-7.308185358553927e-06;-1.4550696332759353e-06;0.013117547524151408;0.9999139612443788
75.617;-3.469946309718792;-6.952648002178675;-0.03068800479013874;-7.307861266806513e-06;-1.4567685350722778e-06;0.013347759546388123;0.9999109146616837
75.71;-3.469921411317538;-6.952694228964402;-0.030688004795304168;-7.3075340941792645e-06;-1.458462895721872e-06;0.013577968395499445;0.999907815110335
