30.165;0.0002043554370105981;0.0006669032130271655;0.001322950846455715;-0.012517138648853756;0.016949983721369202;-0.005173872818732409
30.28;0.0002048107386440804;0.0006667676775203769;0.0013229512477638866;-0.01250579791721019;0.016958331824249114;-0.00517380207843372
30.38;0.00020526596312041073;0.0006666317628418009;0.0013229510168975733;-0.012494453891295634;0.01696664827529449;-0.005173733446897146
30.477;0.0002057210547075168;0.0006664956514331877;0.0013229508521828304;-0.012483097063331434;0.016974979852001082;-0.005173662809892548
30.477;0.0002061760749767939;0.0006663591714959121;0.0013229502893137416;-0.012471740185705182;0.01698327926703062;-0.005173594416876029
30.574;0.00020632772336302624;0.0006663135402953357;0.001322949907136868;-0.012467952640910844;0.01698603159425441;-0.005173572629217258
30.621;0.0002067825817621843;0.0006661767288612941;0.0013229504606319582;-0.01245659039194868;0.016994343587223064;-0.005173502536850973
30.704;0.00020708575032254354;0.0006660853368433198;0.0013229509045535246;-0.012449012395322145;0.01699987353302603;-0.005173456406302144
30.805;0.0002075404199689679;0.0006659479714090696;0.0013229508947994483;-0.01243763272616911;0.01700816263338778;-0.0051733870090168044
30.903;0.00020799505609534754;0.0006658103998526067;0.0013229483530632928;-0.012426270956485444;0.01701641983604342;-0.0051733203099409335
30.998;0.0002084494929276402;0.0006656725093860808;0.001322949957582089;-0.012414870714501003;0.017024703338430147;-0.005173249998582746
31.093;0.00020890386959678534;0.0006655344330690365;0.001322949121376913;-0.012403483363906691;0.017032979348763737;-0.005173180246232844
31.188;0.0002092067101637032;0.0006654420119320992;0.0013229495991298528;-0.012395889586459265;0.0170384684429553;-0.005173135776215599
31.282;0.00020966092907031278;0.0006653034699366112;0.0013229473789925983;-0.012384487054900183;0.017046718663196493;-0.005173067013651579
31.377;0.0002101149800436612;0.0006651644191831018;0.0013229490373864979;-0.01237308184452859;0.017054960404020016;-0.00517299849789192
31.472;0.0002105689686369461;0.0006650253051717259;0.0013229480740858629;-0.012361671853542179;0.017063201246184774;-0.005172929489572488
31.563;0.0002108715372354259;0.0006649322378533694;0.0013229484302548179;-0.01235405397513312;0.017068683998756724;-0.005172883859422712
31.654;0.00021132531109718572;0.0006647924141010683;0.001322949551077811;-0.01234263493108256;0.01707689666449104;-0.00517281624196151
31.734;0.00021147657111493816;0.0006647458828800965;0.0013229483029623408;-0.012338832721886801;0.0170796439939849;-0.0051727929204376435
31.791;0.00021193023840766648;0.0006646058183484123;0.001322948148426634;-0.012327410538621577;0.017087852133681164;-0.005172725038545654
31.887;0.00021238377826518013;0.0006644654988921116;0.0013229474484246619;-0.012315969646245305;0.01709605833292666;-0.0051726563458824
31.98;0.00021268604980174358;0.0006643716218958659;0.0013229484090407839;-0.0123083445452985;0.017101523652064292;-0.005172610861314277
32.07;0.0002131394422109289;0.0006642308558482728;0.001322947353180102;-0.012296909721368729;0.017109708298757756;-0.005172543435629283
32.165;0.00021359270688109296;0.0006640897577426924;0.001322945700672731;-0.01228545614114553;0.01711789400984022;-0.005172474975984517
32.254;0.0002138948115713292;0.0006639954945820146;0.0013229463620572366;-0.012277823871012892;0.01712334579232014;-0.00517242966437498
32.346;0.00021434789677386582;0.0006638539622033387;0.0013229449984043277;-0.012266369824619984;0.017131518589477812;-0.005172361550634971
32.439;0.00021480085308956418;0.0006637120184592199;0.0013229456025060679;-0.012254906349333131;0.017139677757961984;-0.005172293900419777
32.532;0.0002152536949724407;0.0006635697622152424;0.0013229465697738316;-0.012243444344524637;0.017147827214095426;-0.005172226674998981
32.626;0.00021555555153261903;0.0006634748586903182;0.0013229449143011681;-0.0122358037912695;0.017153263620630677;-0.0051721813540279915
32.719;0.00021600822048940533;0.0006633322068721176;0.0013229460364448118;-0.012224333127544942;0.017161407143926954;-0.005172113684745779
32.812;0.0002164607604614935;0.0006631892390011227;0.0013229456964271575;-0.012212833937440585;0.017169543901960755;-0.005172045300784631
32.908;0.0002169132326103458;0.0006630460602786014;0.0013229453965462983;-0.012201355202815064;0.017177664578961135;-0.005171978416289997
33.001;0.00021721481451271506;0.0006629504676236685;0.00132294340274307;-0.012193687523724234;0.01718308219733245;-0.005171932819894788
33.093;0.00021766707547772135;0.0006628067263287295;0.0013229446501354465;-0.012182198961728823;0.017191195476081746;-0.0051718655959359875
33.188;0.00021811926207896174;0.000662662846971636;0.0013229431234214105;-0.012170702858608365;0.01719930377766904;-0.005171798103169677
33.283;0.00021857130450731658;0.0006625184700771921;0.001322942678548092;-0.012159199252118237;0.017207392479656056;-0.0051717315987424
33.376;0.00021887259835117801;0.0006624221339106028;0.001322943408852004;-0.012151524281458099;0.0172127927969363;-0.005171686223095032
33.469;0.0002193244475552727;0.0006622773820818625;0.0013229441792785384;-0.01214000778056423;0.017220881041462268;-0.005171618681798776
33.561;0.00021977620131851143;0.0006621323468867187;0.0013229440747805294;-0.012128487328692225;0.017228955847504376;-0.005171551702779684
33.655;0.00022007731637820938;0.000662035514138299;0.0013229425536298097;-0.012120796826622855;0.01723433290948523;-0.005171507000848872
33.75;0.00022052890631544912;0.0006618900716774652;0.0013229418693408532;-0.01210927810746881;0.01724239789838986;-0.005171440182308087
33.841;0.0002209803551493629;0.0006617442199247584;0.0013229417165557455;-0.012097747985951752;0.017250450271183167;-0.005171373638932575
33.934;0.00022143166823056692;0.0006615981650288493;0.0013229424455513939;-0.012086201569576474;0.01725851370984369;-0.005171305287919913
34.031;0.0002217325170369485;0.0006615006036332029;0.0013229419192868322;-0.012078509459608382;0.01726386577852608;-0.005171261579677502
34.124;0.00022218366855949925;0.0006613540849599042;0.0013229418227346675;-0.012066952403991837;0.017271906099144745;-0.005171194103290227
34.214;0.00022263472972636872;0.0006612072706718105;0.0013229406710964584;-0.012055412370370982;0.017279937091794727;-0.005171127478094512
34.306;0.00022293536450522012;0.0006611092755427138;0.0013229407254927335;-0.012047698838415515;0.017285285756394923;-0.005171082651030428
34.399;0.00022338619458503548;0.0006609618808285514;0.0013229412717864167;-0.01203613503459762;0.01729330029282332;-0.005171015962558616
34.492;0.0002238369299592159;0.0006608142146119001;0.0013229408677343907;-0.012024567905251244;0.017301302030708374;-0.005170949787755748
34.583;0.00022428757706816484;0.000660666387818021;0.0013229407109971417;-0.012013002671245526;0.01730930323328588;-0.005170883303767257
34.68;0.00022458793303322972;0.0006605676288391906;0.0013229399672048951;-0.01200527939854092;0.017314633845784445;-0.005170838642511129
34.771;0.000225038383743655;0.0006604193256622415;0.001322939526784867;-0.01199369933033098;0.017322621682783274;-0.005170772089079178
34.864;0.00022548869969753465;0.0006602706660594438;0.0013229397638557482;-0.011982111266522013;0.017330600064026005;-0.005170705642653161
34.957;0.00022593890889723966;0.0006601217232411962;0.0013229402847853493;-0.011970521875332275;0.017338573580630828;-0.005170639155291348
35.052;0.0002262389922544274;0.0006600222694652091;0.0013229385364882506;-0.011962790166839266;0.01734388061820137;-0.0051705951012675205
35.146;0.00022668898199359154;0.0006598727750658134;0.001322940599242229;-0.011951187513280066;0.017351838582128524;-0.0051705287782749815
35.237;0.00022713888621078162;0.0006597230676275308;0.0013229402516170407;-0.011939582277034382;0.01735978913088953;-0.005170462536510907
35.332;0.00022758872867103847;0.000659573254573083;0.0013229374572621493;-0.011927971545277399;0.01736773150815827;-0.005170396344759723
35.427;0.00022788850511139855;0.0006594730301919953;0.0013229390379887697;-0.011920231048544503;0.017373022219567092;-0.00517035235997733
35.521;0.00022833810897701385;0.0006593226775258327;0.001322937931318163;-0.01190860410942254;0.017380961990459194;-0.005170285189053369
35.613;0.00022878760650231933;0.0006591718975486471;0.0013229373777706545;-0.01189698358969979;0.01738887333165393;-0.005170220114247231
35.705;0.0002292369532020922;0.0006590207709424605;0.0013229392383439472;-0.011885353723047137;0.017396780594119105;-0.00517015468097746
35.8;0.00022953649772841384;0.0006589200188938956;0.0013229372753227832;-0.011877600858113454;0.017402053460253683;-0.005170110696395519
35.891;0.00022998564773225134;0.0006587684637542854;0.0013229379373243572;-0.011865960216783595;0.01740995873533873;-0.005170044371455381
35.983;0.000230434714196131;0.0006586167270527572;0.0013229366857053083;-0.01185431222998362;0.017417855866912954;-0.005169978034343605
36.075;0.00023058438122660404;0.000658566124944788;0.0013229367357126328;-0.011850432327808831;0.017420490956528284;-0.005169955702114522
36.17;0.0002311828925056032;0.000658363183721201;0.0013229370627899535;-0.011834892403711713;0.017431002581641097;-0.005169867601576259
36.262;0.00023163164599259703;0.0006582106118825181;0.0013229357709345162;-0.011823240821405383;0.0174388704841136;-0.005169802384318226
36.356;0.00023193074637120603;0.000658108743609837;0.001322936578849291;-0.011815463258556395;0.01744411027242798;-0.005169758836118606
36.449;0.00023237930143522585;0.0006579557118707608;0.0013229361187493257;-0.011803795065392855;0.017451969217973748;-0.00516969313702053
36.545;0.00023282775943550408;0.0006578024824280717;0.0013229343152643537;-0.011792122265740258;0.01745982144423178;-0.005169627395570081
36.637;0.00023327608658365814;0.000657648842702806;0.0013229336344977717;-0.01178044506372593;0.01746765487459854;-0.00516956262672637
36.73;0.00023357488894133066;0.0006575462822485633;0.0013229346409459211;-0.011772662001685396;0.017472885965008893;-0.005169518569543283
36.823;0.000234023015302205;0.0006573922423371439;0.001322934076208703;-0.011760970839237807;0.017480719813292033;-0.00516945262381026
36.919;0.00023447104568265448;0.0006572379834184992;0.0013229330193028394;-0.011749283131123221;0.017488544949687608;-0.00516938704507755
37.012;0.00023476965227781565;0.0006571348560348026;0.0013229332334502696;-0.011741491654471461;0.01749374619333337;-0.005169344372646385
37.103;0.00023521743377400795;0.0006569799695654781;0.0013229342775770202;-0.011729789558631711;0.017501561787619305;-0.005169278430158417
37.196;0.000235665127567974;0.0006568248778654292;0.001322933399009655;-0.01171808212617942;0.017509364585836018;-0.005169212901915059
37.287;0.00023611270623268704;0.0006566695003519956;0.0013229331921649303;-0.011706372377868177;0.01751715470528182;-0.005169147899292109
37.381;0.00023641102090571104;0.0006565657051458198;0.0013229325615934343;-0.011698566731375617;0.017522345607045985;-0.005169104556466678
37.473;0.00023685839175125866;0.0006564098262135212;0.00132293228944087;-0.011686840939193045;0.01753012222177724;-0.005169039419370479
37.565;0.00023730567585436482;0.0006562537500319624;0.0013229313613905788;-0.01167512207085323;0.017537898798079345;-0.005168974085645106
37.659;0.00023775278319532374;0.0006560972460593144;0.0013229330550938313;-0.011663392796247252;0.01754566613790749;-0.005168908748408666
37.751;0.00023805082508909163;0.0006559928942511926;0.001322931720190886;-0.011655572064174542;0.017550845837815878;-0.0051688647667722945
37.844;0.00023849776886245109;0.0006558359430225476;0.0013229309679752572;-0.011643829419525716;0.017558585526917095;-0.005168800495384586
37.939;0.0002389445951628893;0.0006556788314028099;0.0013229305789459092;-0.011632094629411269;0.017566339864464164;-0.005168734858932633
38.029;0.00023924237194811204;0.0006555737098897793;0.0013229311043514566;-0.011624262224963981;0.01757149259875302;-0.005168691932852546
38.122;0.00023968899204383862;0.00065541605527023;0.00132293135780785;-0.01161251266882017;0.017579224875733556;-0.005168626897216427
38.214;0.00024013548539712347;0.000655258041632467;0.001322930952442001;-0.011600754463104674;0.017586942816212876;-0.005168562302554979
38.304;0.00024043308445740978;0.0006551526145583211;0.0013229308229804572;-0.0115929075895804;0.017592089510613095;-0.00516851862749832
38.392;0.00024087937882262555;0.0006549941344611305;0.0013229309534993359;-0.011581156382986289;0.017599796838817332;-0.005168454393379293
38.488;0.00024132556588557107;0.0006548355051407054;0.0013229296740434162;-0.011569382483958236;0.017607504149501373;-0.005168388973141661
38.582;0.00024162293092124313;0.0006547294598445145;0.0013229305716650052;-0.011561530622235113;0.017612628823592994;-0.005168346143944203
38.674;0.0002420689214150866;0.0006545703739515791;0.0013229286158993312;-0.011549753846331966;0.017620328489513348;-0.005168280520769884
38.766;0.00024251477500554736;0.0006544108395080542;0.0013229287566955035;-0.01153797305603152;0.017628002118674428;-0.005168216464252293
38.862;0.0002429605291797861;0.0006542511185422299;0.0013229275229465418;-0.011526189740478286;0.017635669794455185;-0.005168152348139206
38.955;0.0002432576119772912;0.0006541444530758186;0.001322927289796064;-0.011518333134537363;0.0176407840954239;-0.005168109122860511
39.046;0.0002437031191654999;0.000653984197144236;0.0013229275851281558;-0.011506527445585188;0.017648446101911512;-0.005168044018057974
39.142;0.000244148532972322;0.000653823719597012;0.0013229272079771364;-0.01149472992747081;0.017656100094048076;-0.005167979383552845
39.236;0.0002445937946456582;0.0006536628094365169;0.0013229279904935498;-0.011482923386806131;0.017663735114622908;-0.005167915550836128
39.331;0.00024489061104589714;0.0006535555685545445;0.0013229259218912675;-0.011475050025631865;0.017668837755158935;-0.005167871647770311
39.425;0.00024533567043987046;0.000653394153936759;0.0013229270155897875;-0.011463236039152377;0.017676451201919786;-0.005167808583535565
39.514;0.0002457805884910295;0.0006532325159807363;0.0013229277581958908;-0.011451412002164348;0.017684081818016575;-0.0051677433690542965
39.609;0.0002462254170530427;0.0006530706989996141;0.001322927430637737;-0.011439589044692318;0.01769170246245702;-0.005167678539451648
39.702;0.0002465219611576825;0.0006529628049141375;0.001322925547723834;-0.011431704714051355;0.01769677175270121;-0.005167635882294508
39.796;0.00024696652910946235;0.0006528003780704498;0.0013229270493997666;-0.011419869384435304;0.017704384961206524;-0.005167570527061263
39.89;0.00024741107489377424;0.0006526377725306117;0.0013229244380657782;-0.011408037915365614;0.017711959455510202;-0.005167507936484377
39.985;0.0002477073296272736;0.0006525291733913252;0.0013229251306806431;-0.01140014395052131;0.01771701853729047;-0.005167465027364548
40.079;0.00024815161916516754;0.0006523661100716049;0.0013229243619737908;-0.011388291946507033;0.017724603557269646;-0.005167400194427145
40.173;0.00024859577748673244;0.0006522026556824018;0.0013229250260204791;-0.011376446378516796;0.01773216755352281;-0.005167336834858844
40.258;0.0002488918245555047;0.0006520936280739639;0.001322924617706078;-0.011368538427235612;0.01773721567753803;-0.005167293542395422
40.347;-0.02182905280602133;-0.01247225421027606;0.0011849024310646413;-0.011973292336109729;0.018077790365699183;-0.009692779964561037
40.427;-0.049689079637461026;-0.028676655376100525;0.0011346259043525692;-0.012132144134009534;0.018266971553970373;-0.021774572113653013
40.522;-0.09220588282355072;-0.05302462018065529;0.0011787507263693467;-0.011894408119103769;0.018256885682394017;-0.03984297290583241
40.611;-0.1304570833671055;-0.07426902315193296;0.0011878179870933529;-0.011734534745427006;0.01833636919210273;-0.05604081789234083
40.7;-0.1616525937735843;-0.0911818826494067;0.0011639486638720191;-0.011668735212772228;0.018452504055111698;-0.0692738409813314
40.792;-0.20317043939613663;-0.11251874878656716;0.001182925762407347;-0.011420746441453706;0.01854132518253113;-0.08652818950727707
40.871;-0.2350983628353703;-0.1282906321496078;0.0011663357991706764;-0.011088910307171528;0.018805060055235193;-0.1380321727542894
40.966;-0.28292231614586943;-0.10946803736794795;-0.0016514090904811538;0.008005107066153408;0.03693190173195648;0.020726267524138187
41.053;-0.3096050502460645;-0.12137639997236985;-0.0019704655473615417;-0.015368217286915878;-0.004672911422728533;-0.24186269784768702
41.141;-0.3382378253447038;-0.11311555668944107;-0.0019973203337410633;-0.015482223212257907;-0.004619322193124988;-0.23022633713535703
41.223;-0.3579951730454952;-0.10747885198880387;-0.0019342472339218472;-0.015991606907317435;-0.004611816312219996;-0.24012934017631585
41.318;-0.3702010261346891;-0.10123191609312263;-0.001922937611264391;-0.01611629182420799;-0.004322749191861068;-0.24632293642736477
41.406;-0.37621280149297365;-0.09407482149485268;-0.0019432664247437505;-0.016624600373951207;-0.003908662277324115;-0.09823130501421361
41.495;-0.3785121666633988;-0.09219438308955759;-0.001951951703890246;-0.016502637217359627;-0.00379883794650009;-0.08759107499799898
41.583;-0.3787552401383078;-0.0881039928543965;-0.001929235686187521;-0.01618386931695574;-0.003766014034902181;-0.23155601582476953
41.67;-0.3762086697386934;-0.01622355962762385;0.008928945650971624;0.004526085959923023;0.0017845495507031114;0.09639867665421824
41.761;-0.36349863735878435;-0.027675611001466576;-0.0012384573732347045;0.0070133682244424836;-0.01868437975362471;-0.1511327327017773
41.842;-0.3616346733251001;-0.05607831353495878;-0.0015744302039953483;0.01121921366842054;-0.02327965354587142;-0.18305887843053456
41.937;-0.36785140952328993;-0.0691254748474522;-0.0008509513002178993;0.006263844516940499;-0.02149043238574788;-0.18095781711268602
42.024;-0.37844659995856245;-0.06981996564770014;-0.001934712113370816;-0.01746295435821546;-0.0015899241117699298;-0.08340920455943124
42.11;-0.3820082863775651;-0.06747973220403067;-0.001942952829820675;-0.016640635312138437;-0.0027795345344273927;-0.1421963255636584
42.201;-0.3832747614142523;-0.06399914590493039;-0.001975728384973984;-0.01683353510633102;-0.002397760381058791;0.026858623848591348
42.29;-0.38539820096838373;-0.06470605567733252;-0.0019685089253466924;-0.01681281038114115;-0.002479353079821661;-0.0030859165939603264
42.385;-0.3854565331940533;-0.06500240852698305;-0.001974562100488727;-0.01682426509130908;-0.002444563102340038;0.02598731681587532
42.474;-0.38568370162413973;-0.06612618896900821;-0.0019743291019328657;-0.016816331049693437;-0.002493731990624343;0.025795325059056084
42.561;-0.3834625954655908;-0.06704747206000262;-0.0019904220242925857;-0.016926280142706935;-0.0023327864227492326;0.1277132074015973
42.644;-0.3010964827174541;-0.1477478922223944;0.001584778474810404;0.016617468993903935;-0.004075952451412563;0.17938206038443008
42.733;-0.19833141065839632;-0.20992982661346038;3.65786372344919e-05;-0.0012905274835622608;0.017258861639163754;0.23965850318895943
42.733;-0.08724285508837984;-0.23513011663110941;0.002824573310467265;-0.0013645521479097105;0.016780496359958423;0.03171396480605698
42.909;-0.061625209838449393;-0.24633709211973934;-6.486838221639958e-06;-0.0018332425580748707;0.019980883894894594;0.11074387270956061
43.008;-0.04647058837152321;-0.26624661882955303;1.2769191712527593e-05;-0.001860543148830204;0.02040078900517645;0.19270180394968214
43.088;-0.02136563417942918;-0.30956651811788977;1.3250445768992706e-05;-0.00217400022512913;0.02021173845564713;0.07704920360392735
43.18;0.02274461241506423;-0.33000403179196425;-0.000719752327174782;0.002607351733811363;-0.02163480835673267;0.2285359187900938
43.265;0.0371125866009153;-0.3414362445409685;-9.004990494578598e-05;0.0022593433474079163;-0.020201152447332518;-0.008115931644118264
43.265;0.06884477231105868;-0.3522547762277035;7.799882825295165e-06;0.0026585961964729833;-0.020696005924963196;0.11773248378745278
43.355;0.028703433453860828;-0.3597259247896695;-0.0010729406119287476;0.009907885530799066;-0.01925658956753976;0.2610830210136801
43.434;0.0639650304495262;-0.3529429307491575;-1.661154828739756e-05;0.0030169964109845824;-0.020208777644667553;-0.001314078107930411
43.521;0.03236194487294116;-0.3636459822285841;-5.727896346892483e-05;0.0029660433212156103;-0.020579424053185677;0.17083985466663099
43.613;0.03571279543185263;-0.3779653931088564;-0.0013388973055801913;0.010462651661771603;-0.017733067925306698;0.15548435527247367
43.703;0.0388518068151683;-0.38126931549439164;-0.001354282234497879;0.010776164886493049;-0.01794593377472948;0.10426485520382288
43.792;0.03919934356581062;-0.3830488807743579;-0.001336494104823057;0.011286478709580912;-0.01770008595228291;-0.021159328288476394
43.872;0.036566770457274106;-0.3834224032585234;-0.0013156949819429571;0.011436361886302806;-0.017729145113889892;-0.0862794018499323
43.962;0.03329497168301972;-0.3845085277339446;-0.0013149077862268934;0.01127876292008009;-0.017817330854061227;-0.08612627113183563
44.045;-0.001378178530790274;-0.3845142661278114;-0.0016193255510273683;0.0105497967808879;-0.015863803212677212;0.011181473542443345
44.129;-0.09700555270877098;-0.3738196751700974;-0.00010614765397135285;0.0021478750053260227;-0.018625063214904553;0.1820349201363053
44.226;-0.10706993574790358;-0.3827916539078483;-7.635490619445161e-05;0.004142420810984749;-0.019718190514459562;0.2580805592429988
44.31;-0.10371344838870054;-0.3859174216788626;0.0019335760798876774;0.01665046756476886;0.0065381032308401334;0.07838150530320641
44.383;-0.104317629778233;-0.38414878975695443;0.0019627816095328537;0.01600135126657287;0.005052426638368403;-0.1414140771447789
44.466;-0.10837581610012396;-0.3833594331230755;0.0019423703572528758;0.016447025463765058;0.005347574564767115;-0.15581003689166453
44.541;-0.11459581802698039;-0.3818787070970602;0.0019413821844559225;0.016533616204423746;0.0050826211940195815;-0.15589596894809046
44.63;-0.1174754464534312;-0.3804031701229661;-0.0009500877299511272;0.010604102696673823;-0.020234742236549225;-0.1309453888010999
44.714;-0.1247261600821271;-0.3765444570363632;0.0001261929714815211;0.004136484609507085;-0.01949044738009586;-0.14499735048350537
44.811;-0.13153731969498886;-0.3740591939654609;-0.0013252159646875627;0.010531103492909909;-0.019279689069837444;-0.20330600977155938
44.902;-0.1362211364499621;-0.3745671729217933;-0.0012966009052419283;0.010350893624790162;-0.019141912301383943;-0.08133047785712991
44.991;-0.1386782736548501;-0.3720134741601945;-0.001330817254922597;0.00969175394528342;-0.019928961484808116;-0.18378982019022938
45.085;-0.14775106845357616;-0.3609788348492263;0.001906347743206218;0.016148044495708523;0.002309642529036044;-0.40205534790994807
45.171;-0.15797061701465293;-0.3599538788132035;0.0019286768180560823;0.016539971404202044;0.002315936072409866;-0.3423260416011312
45.258;-0.17066004602232115;-0.3545088540549274;0.0019165844201434338;0.016634911873586355;0.0017538775931500176;-0.34294545467152254
45.341;-0.1776189160939934;-0.345493793509688;0.0019269172553239922;0.015780287136157853;0.0004184529939470872;-0.44539115434916626
45.431;-0.19331066394751448;-0.33951507720353197;0.0019051050314560537;0.016515227395771256;0.0003760396202523253;-0.40648501598512693
45.524;-0.20788572863649693;-0.3340715354041055;0.0019269580794758234;0.016707338320985258;-7.074894296718451e-05;-0.3427859040209816
45.612;-0.21451783955686604;-0.32690379461731045;0.0019478349866224422;0.015827857370422718;-0.0011376169963371319;-0.3969170037624767
45.699;-0.2282374691132776;-0.32134220351789144;-0.0012935208659854247;0.005278565425876726;-0.02280578882290523;-0.26323469655445036
45.79;-0.23440512525232637;-0.3177617992357035;-0.0013120950815519034;0.004313996024500196;-0.021715037186032883;-0.2657942337165822
45.878;-0.24339756881887759;-0.31369728826789567;-0.002329947087914246;0.006830575927345012;-0.0203846045480082;-0.14141089890096645
45.96;-0.2462628631817811;-0.3087999002864986;-0.001298329659910591;0.002799809035281814;-0.022184738809477977;-0.24942952842916177
46.045;-0.2544343289520878;-0.29923052451815974;-0.003464163140303812;-0.00026266121864199917;-0.0359148574283445;-0.37863746926496034
46.136;-0.26685131110888854;-0.2889760960273196;0.0018718976164171569;0.01715614071335079;-0.0028438954390612296;-0.3528165002326076
46.226;-0.2749021086022363;-0.28429688104775364;0.0018784985648604424;0.017340415810087505;-0.003099580912067137;-0.2889882220339559
46.313;-0.2832547630319035;-0.27647229785767785;0.0019252156388508792;0.016482409372758543;-0.0038851786800885844;-0.2801046494314673
46.407;-0.29164745153320265;-0.27026693527886314;-0.002332254172440352;0.003748149400013984;-0.02046591875364639;-0.1412595645773459
46.498;-0.29420248354400846;-0.26860953700203255;-0.0004899780410187008;-0.001234688429728267;-0.017074111386304953;0.014024314224506394
46.58;-0.29532113799747994;-0.2659679258720966;0.0019164706998666802;0.016698339631098277;-0.004193839222718606;-0.15648722416964858
46.672;-0.29875062587026546;-0.2633018443588376;0.0019428731802968151;0.016703600089449887;-0.0044320796830146685;-0.15584785763614709
46.761;-0.30225043536056456;-0.26012946182972;-0.0023471780732765984;0.002996614070333205;-0.02048488101226352;0.012724156614274252
46.852;-0.30124240078057973;-0.25730405370411763;0.0019852508947667898;0.015305467404077643;-0.006941791059637398;-0.16539479728868825
46.94;-0.30677920979099454;-0.2519318286702224;-0.0023110324688796033;0.0026583141414335573;-0.020773940749110823;-0.0771893892555756
47.024;-0.31080418554492995;-0.24945276647305537;-0.0013238594537911743;-0.0010723474633017307;-0.021491510870864913;-0.08128416931436667
47.116;-0.3124556698272514;-0.2479881994459002;-0.0013220365831215144;-0.0011850981387396256;-0.02151389256502216;-0.08136990916809053
47.204;-0.3125594747395511;-0.2421988298151669;0.0021800096202679096;0.015077452380745154;-0.005505096475847055;-0.2460868077582536
47.295;-0.31701070671688353;-0.2365800220421274;-0.0023253670539047874;0.001567261522845881;-0.02062857835105904;-0.2068433741394623
47.387;-0.3217690448944543;-0.22942686685825484;-0.0013294571401932852;-0.0033004928869168606;-0.0221625719165853;-0.2533474565190828
47.477;-0.32873412335421326;-0.22247396588302573;-0.0013095513010159291;-0.0030495767796952155;-0.021743532465926963;-0.2031543972144387
47.567;-0.331989500328283;-0.2171271641547414;-0.0013037901520166757;-0.002757917779913717;-0.021535795838668867;-0.21149509065941716
47.659;-0.3365141787527848;-0.21244788839461826;-0.0004655716067840216;-0.003828633511842688;-0.016352117333136098;-0.016028088919089176
47.746;-0.3383866901545453;-0.21065564336116147;-0.0013201714393554595;-0.0036791211559948746;-0.021246633109370253;-0.08109458890410291
47.839;-0.3400585648901906;-0.2088750920657883;4.1088043714778945e-05;-0.009797384849124756;-0.017386452552270115;-0.023690939634804706
47.935;-0.3409293623719743;-0.20811331461242094;-6.344629225190647e-07;-0.01017460272668101;-0.017552918084983885;0.004135339697076242
48.016;-0.34019627533128033;-0.20845670709496975;-0.0009761849933065338;-0.005569880820689621;-0.022059808493403613;-0.07288037005554147
48.108;-0.34205694414956267;-0.20603684768046066;7.000661072599249e-05;-0.00982865131513938;-0.017276250732882168;0.009349068052765338
48.19;-0.3427591211904397;-0.20476415609495938;-2.346366023097169e-05;-0.01039729273729371;-0.017451367695738913;-0.028673308619099894
48.28;-0.34125867836925966;-0.20438081984007925;0.0021769153939342634;0.015687831281384568;-0.008157569479450585;-0.13535472643064958
48.366;-0.3441822859684443;-0.20089385812867902;-0.0023433406239789243;-0.000763338135095706;-0.02058982962622341;0.012870863827134349
48.453;-0.34460700503411523;-0.19998192467451856;-0.001296015215481697;-0.0053865874321759166;-0.0211696361816963;-0.07026858014052123
48.545;-0.3448669732242393;-0.19840287571549786;-0.00046967010790823914;-0.004574156385387181;-0.015976143661818154;0.10231727912053636
48.629;-0.344660558260023;-0.2003269349050733;-0.0013479105057427364;-0.003893775550312148;-0.020828203218047934;0.09319575683199502
48.723;-0.34453447506676316;-0.20172715302230473;-0.0013330605705597462;-0.0036626884749741623;-0.020788177988868478;0.03320926003114379
48.817;-0.34286645426997536;-0.20610865639800618;-1.8999115472020088e-05;-0.01040474058990418;-0.01728018103362762;0.19538114159709624
48.904;-0.3381961824068842;-0.21111824810219001;5.962533233496754e-06;-0.010170793442005988;-0.017394437440068064;0.3155951450013532
48.994;-0.33162021757728405;-0.22393354998452095;-0.00010652498623513289;-0.009676840866603345;-0.017491256154438365;0.3679235735284686
49.082;-0.3217016615209893;-0.2360441625770608;-7.096299566364806e-05;-0.00901442982782237;-0.017887290251095637;0.42156443532793497
49.171;-0.31143931496124644;-0.24449357564406526;-9.246108935299853e-05;-0.008506122368102519;-0.01807339134591476;0.5179762919095177
49.261;-0.299249789186308;-0.2616098982264397;-0.00013738357968990083;-0.007555505888545501;-0.018391225450682648;0.5196826064046449
49.347;-0.29527395810874496;-0.27152170611638077;-0.0013707176619248951;-0.00018746227924806624;-0.020251887054381794;0.2659216640327945
49.437;-0.2871269549010093;-0.2766416168214449;2.287289818813981e-06;-0.0063572600071813475;-0.01913760475512532;0.31155111013973324
49.524;-0.2796890167524032;-0.2829815001328769;-6.465652956873938e-05;-0.006052576376372161;-0.019118292657586647;0.40839394128826817
49.607;-0.2714160247240721;-0.29488197629221197;-0.0013647204240309382;0.0016066421554708657;-0.020352058369037886;0.21061274735542712
49.707;-0.26566171137250194;-0.2983629409275001;-0.0013479894189966806;0.0027206893317014277;-0.020670020281095405;0.14943693433679367
49.8;-0.26225032641762674;-0.3006646066673271;-0.001346389493390539;0.0029276922727693457;-0.020645551403190764;0.14922870348820344
49.884;-0.2581070342654737;-0.30456981151602724;0.0021958757746035427;0.016978177693195123;-0.0013513430717018785;0.037795061025786815
49.974;-0.25783151679021216;-0.30546011651489197;0.001967129506769085;0.01774577250536819;-0.0014661323903431894;0.02227203014504361
50.056;-0.2552699544684952;-0.3067712239451206;3.058229871102426e-05;-0.0040394485374932445;-0.01979566514015312;0.20068032865608343
50.151;-0.2464051590703127;-0.3137744121720322;-5.5027567423500764e-05;-0.0037769373777862035;-0.019735514322051055;0.3488264803879849
50.24;-0.23756647345870166;-0.31983073344319235;-9.355058634293915e-05;-0.0033564533379647323;-0.019728145564474855;0.42064182737438044
50.328;-0.2262809190748377;-0.33134832542861337;-0.00010888423259889546;-0.002570277999136397;-0.019845487369808387;0.3692836989539859
50.421;-0.21634584050455252;-0.33560979821455367;-7.334825193940558e-05;-0.0020438384510183608;-0.019954180255381912;0.42085703257600093
50.506;-0.20384865936058635;-0.3430971040487902;-0.0013872898283522912;0.006415325305115318;-0.018955831696729198;0.31056302535878455
50.595;-0.19691574648813712;-0.34613071120157324;-0.001369029774760713;0.00699297639515095;-0.019320998898752034;0.25713620513991936
50.682;-0.18711733423924318;-0.3500177788501188;-0.0013584316492314412;0.007474799978396874;-0.019166681740212348;0.2565617258029928
50.771;-0.17472151658909615;-0.3568419971988859;-6.945870472699754e-05;0.00034955192997001915;-0.020074487049900388;0.40957676056507236
50.86;-0.16592246320184098;-0.3638523206223384;-0.0010662700662384833;0.0069367566897096085;-0.020136168691381833;0.31539217153783566
50.951;-0.16056024397960042;-0.3670800518170459;0.0019522482845243526;0.017610571036875612;0.003875791558383681;0.07923762755414343
51.038;-0.15739410867142278;-0.36753031458346286;0.0001849000625700563;0.002594333293493713;-0.018789960282416165;0.1497430572685788
51.128;-0.15035547152965764;-0.3709039141206261;-3.048494055207958e-05;0.001961490027147626;-0.020064021381462536;0.265039894491818
51.219;-0.14151317458527604;-0.37621518424436273;-0.0010251031467301101;0.008769994749638845;-0.020071215433508986;0.15897985510580392
51.305;-0.13717813031264095;-0.37586910641912835;-0.0013616047452088853;0.010193390385280847;-0.01820564265506755;0.14955384202677874
51.391;-0.13582077151009997;-0.37618636580521353;0.001982995600488788;0.01676551964163238;0.0043396974137882745;-0.03256314440001045
51.483;-0.13675205225426443;-0.37590652599611013;0.0019563158899315028;0.017032294093421198;0.0045531078136308405;-0.03593001205162039
51.57;-0.13938595360773234;-0.37449125876531364;0.0002242911271711158;0.00376064075692057;-0.018717201227917844;-0.023695484176017193
51.66;-0.13910883997117873;-0.37382151998012164;-0.0003840762485355399;0.013081224707073817;-0.02142885074151095;0.10159781622377818
51.752;-0.1368781532103805;-0.37506794723029163;7.515105836122349e-06;0.002880330140881216;-0.019706566118236513;0.15312918303226636
51.841;-0.13232126348619994;-0.3790173320330934;-6.226161517846563e-05;0.002979171236390671;-0.019977049080396683;0.1488287040300452
51.93;-0.12855727036476575;-0.38067864667550977;-6.299772653652248e-05;0.003178430739761664;-0.019942430408380826;0.14897893705969883
52.022;-0.12236030060580438;-0.3814588410335684;-2.2703175998779626e-05;0.0035387511928592465;-0.019875445111899634;0.20116196177443174
52.11;-0.11288577195636457;-0.38520670485280833;-8.553290557796671e-05;0.0038434355280660827;-0.01973938903709747;0.26100881869875514
52.201;-0.10714951500394511;-0.38834701981118763;-0.00013039174562666652;0.004099249836401707;-0.019697937048853604;0.20151377759877612
52.291;-0.09857121495142995;-0.3900621280958844;-7.555833358988495e-05;0.004643972462347575;-0.019603550266147095;0.2059926141634046
52.369;-0.09059707032686531;-0.3896730801537698;-4.201297478481587e-05;0.004989901968564479;-0.019494506436105372;0.3192143285444617
52.463;-0.08192173366094661;-0.39325848973608135;0.001978032478944826;0.01582932588870491;0.007020301968601948;0.08383841925047668
52.551;-0.07955930511181616;-0.3926586092041674;0.0019656637239435057;0.016303225762109665;0.007456894591784542;0.07969812365343526
52.639;-0.07807985879927917;-0.3926210332770128;0.0019626899495961128;0.016213590938630795;0.0073095806979668;0.022465474754551382
52.735;-0.07807260747478575;-0.39248870013226117;0.00195911903768205;0.016178737227992766;0.0072030937147617895;-0.006537433184523534
52.826;-0.07820803384845801;-0.3923398288089647;0.0019375470387703617;0.0164585641934493;0.007589112433886245;0.01926129634309826
52.919;-0.07766676735953898;-0.3924584848149192;0.0019603132612781658;0.016208902509233573;0.007323991518049972;0.022478154256550146
53.01;-0.0768059749261223;-0.39264000284100303;0.0019614202566699854;0.01619139939405675;0.007359106146195056;0.022470913773931088
53.103;-0.07643813621761268;-0.3927381542331913;0.0019537180100529968;0.016168940423308423;0.007286762600561259;-0.00671222210641373
53.19;-0.07664314456964418;-0.3927050314707159;0.0019580035606024;0.016153218468998354;0.007261549360080214;-0.006522400256419454
53.28;-0.07694353839619732;-0.39265016359982013;0.001958245599025675;0.01615900930085341;0.007249100517404386;-0.006523922618146431
53.372;-0.07714347355143232;-0.3926118363388606;0.00195823934792781;0.01616269554252516;0.007240869935089537;-0.006524269090899098
53.457;-0.07756911931415199;-0.3924581540558561;0.0019785637144230472;0.015894784872954145;0.006817910438062838;-0.032349244106274794
53.551;-0.07901018100155191;-0.3921746444605241;0.001954746484791163;0.01615977588862912;0.007056019211446101;-0.03582687507206883
53.648;-0.0796014684391963;-0.3920965130784849;0.001957182646596764;0.016208917818223926;0.0071393814447823604;-0.006517192942066934
53.729;-0.0798038981844904;-0.39206930906762955;0.0019582343385607446;0.01621116283618584;0.00713066906349931;-0.006528541637687342
53.82;-0.08010484093804014;-0.3920157693579524;0.001958250345635283;0.01621686232480879;0.0071183347091274786;-0.006529133561447515
53.911;-0.08058450450104045;-0.39124438805273454;0.0020179826035122495;0.015389184358711743;0.005851644049091046;-0.08402632452738026
53.998;-0.08223702282598681;-0.39123767844822716;-3.0881538269664644e-05;0.00572676862292607;-0.019501239133750084;0.001565152892985229
54.095;-0.0815091974092808;-0.3918313263508908;-3.900375618637864e-05;0.00572177205218277;-0.0194822417184475;0.03155965355185551
54.19;-0.0806567970260582;-0.3922092238791465;-3.7868420798477156e-05;0.005765846466906672;-0.019464184821700817;0.031642819493078046
54.282;-0.07804754446899217;-0.3931302131684569;-4.839443741663682e-05;0.005826062388974028;-0.0193987233555328;0.0909258184235746
54.282;-0.07516808068128338;-0.39321790668704587;-0.001333606456720043;0.012703685525022667;-0.01652431010917539;0.006836176694738406
54.367;-0.07486995537351412;-0.3928709731630538;-0.0013313980593121408;0.013088745099940728;-0.016785120196761292;0.007366735409908537
54.457;-0.07449082951737736;-0.3927170291329286;-0.0013314483708850126;0.013094963015391658;-0.016768978959509583;0.007365115337003365
54.543;-0.07425619009799925;-0.39270873092232556;-0.001331236819978567;0.013104569580051814;-0.01676230948756515;0.007365407436498948
54.637;-0.07391332525814814;-0.39274379439910695;-0.0013311201674978995;0.013119014150204984;-0.016751534254184904;0.007365811330156436
54.719;-0.07357423619531261;-0.3927987122560801;-0.001331086082092617;0.01313342528711868;-0.016740383526602638;0.007366203691582541
54.815;-0.07382226057321878;-0.3926725394436355;-0.0013307528501731894;0.013148725502739695;-0.016835657678726128;-0.022095342052952036
54.911;-0.07466326540114591;-0.3925359392096325;-0.0013284444169069122;0.013111337513606538;-0.016870855356341637;-0.021915371310530885
55.005;-0.07501453484783445;-0.39250264777358335;-0.0013285262820464153;0.013069817910698714;-0.016797814783629787;0.00755303004410001
55.097;-0.07467750870980575;-0.3925809026679339;-0.0013310417230627289;0.013086301157441797;-0.016777494945720735;0.007364919638315757
55.186;-0.07578561001254684;-0.3916747718389135;-0.0013293208056624603;0.013107698270867114;-0.01709792979498569;-0.08182590741942403
55.273;-0.07903413019670558;-0.3912258385430259;-0.0013232195341637846;0.012965955305851587;-0.017216974417892144;-0.08136394501744657
55.361;-0.08121790944752519;-0.3909129529516553;-2.9217106376733677e-05;0.005803097996260727;-0.019513435756065962;-0.028804296712408427
55.454;-0.08200486331433994;-0.38970729283808186;-0.0013217459974817066;0.012115677108021567;-0.017808459762506147;-0.1259407509470903
55.535;-0.08485769262762846;-0.3898500831014005;-0.0013177305266752202;0.012720371092861778;-0.01742965596716678;-0.08106184679107532
55.628;-0.08807562859591833;-0.38929936117044356;-0.001323228574253169;0.012564039607214783;-0.017512376298958878;-0.0813812116366025
55.722;-0.09131236207557027;-0.38869069823719243;-2.9256416379955138e-05;0.005295811410060457;-0.019655835668894665;-0.028806825653758347
55.807;-0.09177565021516482;-0.3882738505163379;-0.0013181887464044535;0.011992802942226991;-0.017410203371771005;-0.08120315862532355
55.901;-0.09499282131282039;-0.3876678032430873;-0.0013228880639691715;0.012248097278134126;-0.017732652030573545;-0.08139135349869818
55.991;-0.09821809473516509;-0.3870031108245882;-2.9264195041840246e-05;0.0049449890152966445;-0.019746084058899237;-0.028808322780941385
56.08;-0.09844397808898958;-0.3871443855854542;3.7955810890780736e-07;0.00499559462184132;-0.01969242463829202;0.004092926903864845
56.17;-0.09860510780893904;-0.38748986483494346;-3.154424246911946e-05;0.004900438631050232;-0.019726954938397497;0.001596335797453294
56.258;-0.09992880643423124;-0.386413815213524;-0.001335141755805428;0.012064161447523066;-0.01787236496978584;-0.08142843651361076
56.349;-0.10209074779243664;-0.3859873950870792;-2.9244846525599693e-05;0.004746881779602049;-0.019794189148407675;-0.02880897741585765
56.441;-0.10253371515126529;-0.38628594115956727;-3.282695891833012e-05;0.004696793792961526;-0.019781201717608325;0.0015327786672182924
56.532;-0.10248558088191549;-0.38648085126467446;-3.155378189511544e-05;0.004702364859651531;-0.01977463165134566;0.0015965631546163747
56.621;-0.10238176582667331;-0.38658365543191753;-3.168353016921651e-05;0.004707738653686083;-0.01977224252085715;0.0015991806214949408
56.711;-0.1022628522143978;-0.3866299930538892;-3.171130993277589e-05;0.00471382629549025;-0.019770609832092518;0.0015998631235510986
56.799;-0.10129634418202241;-0.3869436990553015;1.5310979471833488e-05;0.004845647922354443;-0.019681849960333467;0.0624240393911275
56.886;-0.09754412479954988;-0.38786483354486667;-0.0013384163202631153;0.011733977584622487;-0.017130284229370327;0.03558705417264508
56.97;-0.09633734297605964;-0.388106483305791;1.579645808291754e-05;0.005024248993004939;-0.01925071317677974;0.09148392834258243
57.06;-0.09344787171609954;-0.3900807502045074;-5.0150756053108736e-05;0.00505216752747136;-0.019608065261237154;0.0908472373496183
57.147;-0.09104616702258062;-0.3908555767826084;-5.055984023475443e-05;0.005172292454120242;-0.019574147911081214;0.09090283335689328
57.236;-0.08569578897627124;-0.3911252316431954;-0.0013993165206152465;0.012943605923205833;-0.016918992637255454;0.0931967984501616
57.327;-0.08042566140083794;-0.3918511878255524;-2.006074311953354e-05;0.005670079031343307;-0.019375583967333007;0.20214883794576877
57.416;-0.07271228689032155;-0.3951150887335382;-7.400922692798225e-05;0.00592641354818715;-0.019261014381588955;0.20563847539292274
57.508;-0.06856998746699174;-0.3963873601594008;-6.136531881276524e-05;0.006202541735531528;-0.019214059224919977;0.1492947889561168
57.597;-0.06295258921577297;-0.3959735259154462;-0.0014021277580190316;0.013905632029003093;-0.016131528193963976;0.09336292302202691
57.691;-0.06173894485498338;-0.39539038548620664;-0.0013397957786790305;0.013623943904429978;-0.016294082489824776;0.006826983194035154
57.772;-0.06134522882444964;-0.3950557630658945;-0.0013317442062457559;0.013647546465901586;-0.01632079161697078;0.007380878271816576
57.861;-0.06110447281132501;-0.3950007020775269;-0.0013313710363808684;0.013657301313375673;-0.01631459968346337;0.007381137261183223
57.954;-0.060756579198864166;-0.395002488423304;-0.0013311672341040019;0.013671434203663154;-0.016303678826789927;0.007381603857362067
58.044;-0.060414204686457425;-0.3950396761712805;-0.0013311074470204558;0.01368550095712505;-0.01629215162711645;0.007382043885235962
58.137;-0.06018692940103083;-0.3950707929640885;-0.0013310934408585794;0.013694860765518941;-0.016284344552136783;0.007382333305544275
58.226;-0.05984647199344538;-0.3951205032832528;-0.00133108544035491;0.013708881171272889;-0.016272575282252413;0.007382765283444587
58.317;-0.05950616571452259;-0.39517130551486346;-0.0013310834018804795;0.013722905660029674;-0.016260769260457733;0.007383197563085316
58.408;-0.059279299164404;-0.3952052635844577;-0.0013310823363017529;0.01373223905808151;-0.01625289026834641;0.0073834858184802414
58.499;-0.058938967586387864;-0.39525608557795644;-0.00133108239618347;0.013746237830396373;-0.016241058987572554;0.007383919078436321
58.585;-0.05809924649329954;-0.395311202037172;-0.0013311355252719425;0.013749731455054492;-0.016132756440581503;0.03654019711991109
58.676;-0.057093474229003086;-0.39546969093557566;-0.001333784104624849;0.013793078431133305;-0.016087429841898798;0.03635034737262125
58.771;-0.05566240189073375;-0.3956889696539816;-0.0013307598505397406;0.013704253581630202;-0.016399120973042247;0.010787252655273544
58.863;-0.05455091160412606;-0.39574932542637453;5.470353346642503e-05;0.007141984169931882;-0.018495241974566097;0.09826731894175313
58.951;-0.0530675542550101;-0.3972679758854887;-4.882155404700974e-05;0.007034713643969792;-0.01898931366339133;0.09073589383389277
59.042;-0.04726339409252901;-0.39772198765764194;-1.9798421179370747e-05;0.007277423024160855;-0.018824625610376736;0.2007829426136688
59.132;-0.042036293041718305;-0.39938073026134285;-7.342851750690883e-05;0.007395551838321864;-0.018743916758573412;0.20550439648472427
59.22;-0.034562194569176134;-0.40123730024462945;-0.00012060400223283908;0.007687625362611422;-0.018661222658392086;0.14450399710036646
59.313;-0.009120948366533316;-0.3854291896733224;-0.0002735852290317343;0.0075834507474134534;-0.019903990106589872;-0.04132652986873538
59.396;0.002959347917290968;-0.36641016759428796;-8.39167952500286e-05;0.00802052901319093;-0.018809297831695902;-0.08926717655501677
59.482;-0.031233561623542717;-0.3566848082263268;-0.00016057177514262191;0.007123979449975576;-0.01958860907435101;0.003530136242575561
59.573;-0.01696150380796071;-0.3435673298252008;0.0013588782878991325;0.013076975754954263;-0.006957431212060167;-0.16889625795629898
59.662;-0.03008935479074611;-0.31462810600189284;-3.892421023938685e-05;0.005875454358369887;-0.01337908612109683;0.021021432442131973
59.751;-0.017420231623450976;-0.3108062422117875;-3.250606246206901e-05;0.007640166593298389;-0.019235809806870015;-0.17719693528798094
59.842;-0.016861082411446723;-0.31198857601800745;-0.0022868134439349517;0.016112387477301635;-0.014280063693892415;-0.05357062025709531
59.935;0.0017219334573403272;-0.2873549132561751;-3.883005523616024e-05;0.007052608548197682;-0.019098332841722306;-0.18980130129025424
60.023;-0.019353954590606747;-0.27566286161177883;3.798191707718096e-05;0.00703717175238552;-0.019058406745944334;0.008532755878373254
60.115;-0.019348437699027637;-0.27438344050342184;-3.0493841455170388e-05;0.006841640116894434;-0.0190518783935201;0.001183869745201436
60.208;-0.019240296028762205;-0.27386298591532837;-2.997278982904436e-05;0.006852696634051045;-0.01905745602900575;0.0011543849981727433
60.294;-0.01918507446348255;-0.27378101457306;-2.983324223484595e-05;0.006857235368919992;-0.019057209326023235;0.0011512443973205418
60.384;0.0028990021692083387;-0.24730831591146127;-4.044333961763456e-05;0.0066321619384654825;-0.01920303826741564;-0.1627203467109405
60.472;-0.0174792616423726;-0.23432972543611363;2.9740434009585645e-05;0.0066612896513802596;-0.019169991341353606;0.007574513094912922
60.557;-0.010100351206299561;-0.23025880089132433;-0.00013438257782437965;0.006107865894921257;-0.019627635702436547;-0.12391325560044157
60.648;-0.01965397711885956;-0.23080567696974874;-1.5525179630519807e-05;0.006355785301501143;-0.01934973441725228;0.0038391377636942513
60.739;-0.01961909220287639;-0.23145869197004673;-2.9257881682383875e-05;0.0063113724690821394;-0.019235497907588765;0.0010624367930611336
60.832;-0.019588054579107655;-0.23156718509713858;-2.941273167724731e-05;0.006313400997257962;-0.01923308104468036;0.001066338126636825
60.926;-0.028101786341655634;-0.21856504488630107;-0.00012860541089002335;0.005989274905434463;-0.019453296201227904;-0.002567944564911536
61.017;-0.011927413408416144;-0.19619026499479278;-3.748311445266839e-05;0.006306705958550749;-0.0191150579950931;0.0011617031821798051
61.11;-0.011655974904530573;-0.19223258971483242;-3.205547913526807e-05;0.006356848471307959;-0.019166039257151244;0.0010176446952848371
61.2;-0.011508102690872768;-0.1906058814801838;-2.9636948037793355e-05;0.006381747822137861;-0.019184967807798974;0.0009637352549907191
61.291;-0.011441320344974207;-0.19028712643056264;-2.9158347636683865e-05;0.006390464635511776;-0.01918742759393246;0.0009530776156524903
61.379;-0.011406813060450148;-0.1902367395080554;-2.908006418038823e-05;0.006394272516082878;-0.019187030443077225;0.0009513416512827726
61.469;-0.01135855295412861;-0.19021803653370722;-2.9048220032603734e-05;0.006399273917712091;-0.019185720261351718;0.0009506209310465323
61.562;-0.01940815350565593;-0.17663157539385632;-5.968447822242147e-05;0.00623546158042653;-0.019366942980233;0.0028366337477792056
61.654;-0.004447896022380569;-0.1585968590384739;-3.6694798815047974e-05;0.00630646661129344;-0.019051642762408557;0.0011106576735939045
61.747;-0.0041948374287246485;-0.15066465067713478;-3.10178908576447e-05;0.006377665745802711;-0.01913315422994827;0.000824898598109363
61.84;-0.004117424298189749;-0.14910033728318617;-2.8904547328491726e-05;0.006400637895292742;-0.01915236802977429;0.0007786650555236021
61.934;-0.004087874608136543;-0.14884658289498362;-2.8560474123347392e-05;0.006406567065277078;-0.019154757477815282;0.0007711390927075425
62.021;-0.004051235755217484;-0.14874281787287216;-2.8419026810361508e-05;0.0064121630521718565;-0.01915468049503584;0.0007680360738045679
62.116;-0.004016913831144045;-0.1487230752414144;-2.8390097514702277e-05;0.006416757900677566;-0.01915348482574617;0.0007674177537091716
62.208;-0.003994317524810715;-0.14872032390362994;-2.8385285570589467e-05;0.006419697936137327;-0.01915255820921403;0.0007673126233261226
62.292;-0.023811477340814572;-0.1449764793964795;-6.612130998060839e-07;0.006597015510205012;-0.019143221365952548;0.08400738402000123
62.382;-0.02047727818956114;-0.13742524099384254;-0.001061360600724671;0.01345220823904139;-0.017468488798802403;0.06536784207303814
62.469;-0.017332889860849316;-0.1190889952994407;-0.0014056976932498555;0.01373118045825467;-0.015872705746062758;0.050568445756188435
62.559;-0.015152956998636455;-0.10818289924417705;-0.0013503191843320984;0.013815556620447705;-0.01597599601768325;0.0461996945497981
62.65;-0.014447467878800174;-0.10565895543527414;-0.001339762007986457;0.013874944790375293;-0.015968406301699548;0.045172635035053005
62.737;-0.013755990454193403;-0.1042771214990135;-0.0013338485377011825;0.013954458761741895;-0.01592358389124847;0.04459577926017715
62.833;-0.01321522664285328;-0.10391061267101637;-0.0013320995882999348;0.014029785479803884;-0.015864558073481683;0.0444262787986823
62.924;-0.012881232582552691;-0.10385051610362238;-0.001331690040924424;0.014079109511139994;-0.01582249209788247;0.04438749431016226
63.012;0.0063074782843137;-0.10503599067451073;-3.288673505348833e-05;0.00711065616064258;-0.018923426676148606;-0.04267585228195792
63.105;0.006013686591480683;-0.10596364540187707;-2.133441173741762e-05;0.007067716020121608;-0.018911779258451618;-0.04168218015084546
63.193;0.005732297149822549;-0.10612168744508921;-2.1476753763003358e-05;0.007014411075908258;-0.018929034796126953;-0.041738615726208975
63.278;-0.014326345360366812;-0.10403066609960739;-1.9476596695965358e-05;0.007124202296582801;-0.018984401653217412;0.04041839146913506
63.364;-0.014170981889672774;-0.1045228257088318;-3.4415220343316606e-05;0.007134880958209152;-0.018978002673405325;0.03991316531140989
63.45;-0.004752736235086666;-0.10499877670783797;-7.595188798704009e-05;0.007084040978670075;-0.019264103345564852;-0.012867404892028624
63.544;-0.012976512462009286;-0.10268914788959557;0.00044272179850442033;0.009054030558346646;-0.01851133004916149;0.02766336855774267
63.635;-0.013660532748718228;-0.10400938674126907;-3.30524338134616e-05;0.00722230724263015;-0.018947852087405834;0.03960792897340932
63.727;-0.013311988476957453;-0.10470959436971362;-3.458030809995265e-05;0.007291177485782884;-0.01891771814913356;0.03994459861277698
63.819;-0.012886093076875094;-0.10489611221612646;-3.484794931395496e-05;0.007369076302512726;-0.018885677754594397;0.04000117767465156
63.913;-0.012593104317411211;-0.10495391593435377;-3.4886249936803056e-05;0.0074219522375527786;-0.018864620968653937;0.04001041375284654
64.002;-0.01146872077522036;-0.09335209847037829;-0.00011199770879149444;0.007109095734661982;-0.018798711210475712;-0.0004153470887991669
64.094;-0.008303970760365202;-0.06892162386488938;-4.3253494597951585e-05;0.007442775498894276;-0.01882001875760181;0.0018637678886302884
64.186;-0.007801678209436988;-0.06477448652740361;-3.518751147923288e-05;0.007507368402796308;-0.018856858296085355;0.0016763140099380074
64.279;-0.007580890930331216;-0.06306878791300269;-3.18609566095327e-05;0.0075382974013296885;-0.018870240133702365;0.0015988591502552319
64.37;0.009975071806997263;-0.05994752808918782;-5.5203064354558364e-05;0.007353507924002257;-0.0193052377224476;-0.04524671026216972
64.463;0.011635068306671874;-0.061973304890092645;-2.8821911225079442e-05;0.007305868499554055;-0.01890333776490613;-0.06421185805638076
64.555;0.01100596693261841;-0.06252441931673089;-1.8215598285045476e-05;0.007243822589709491;-0.019043738708283808;-0.08164502399693212
64.642;-0.008321974998061976;-0.06228309850717277;-1.8335666275325188e-05;0.00731187522638173;-0.0189588095197219;0.0025242744500582246
64.733;-0.008410974430256506;-0.06244785855155822;-3.0855465685049565e-05;0.007276146044244655;-0.01898016747939776;0.001575160474257836
64.827;-0.007118333422328581;-0.05107614176841842;-7.085631403140429e-05;0.00698850081894169;-0.018822764532846953;0.002775063624005678
64.923;-4.7404880821659854e-05;0.000603961460770786;-0.0013325311102832618;0.01352032838275515;-0.017095483104643573;-0.007999246681293558
65.016;0.00010252683515867174;0.0005794894975885941;-0.0013230357410715728;0.013653521878513852;-0.016051543851835933;-0.00793786347948272
65.111;0.00013814907620279758;0.000574957266248469;-0.001323016759445887;0.013646139930776251;-0.01605891699199972;-0.007939712503622935
65.207;0.00015842528684293066;0.0005723237123205384;-0.0013229745855098726;0.013635634455067255;-0.016067844038900263;-0.00794059943102709
65.299;0.0001646949124506586;0.0005714595117351873;-0.0013229618553665331;0.013624945489526936;-0.0160768809733819;-0.007940807945488227
65.394;0.0001668183260219167;0.0005711217325000924;-0.0013229585195434503;0.01361420334577273;-0.016085949018922418;-0.007940815996403408
65.489;0.00016747907640587696;0.0005709926709390278;-0.0013229577576835314;0.013607026625760878;-0.016091989391254686;-0.007940784280508066
65.583;0.00016808818591778228;0.0005708480440012188;-0.001322956193474334;0.013596254859312786;-0.01610105291055565;-0.007940718853611514
65.674;0.0001685358345856705;0.0005707238577526957;-0.0013229567121577335;0.01358547247646299;-0.016110119183000177;-0.007940646457301508
65.766;0.0001689356430519051;0.0005706057351920762;-0.0013229552238796774;0.013574688388795489;-0.01611916868571938;-0.007940571143851986
65.861;0.00016919342066926151;0.0005705278503298384;-0.0013229557913247794;0.013567495439048359;-0.016125204828447107;-0.00794052114943839
65.956;0.00016957562427986396;0.0005704114939414403;-0.0013229556884255037;0.013556696216258279;-0.016134241788377947;-0.007940445202212532
66.046;0.00016995587928769084;0.0005702951259193277;-0.0013229547503345435;0.013545893114453485;-0.01614327061856899;-0.007940369268851395
66.14;0.00017020899059410705;0.0005702174066422715;-0.0013229559023763171;0.013538687832693037;-0.0161492901513853;-0.00794031904308004
66.236;0.00017058843283987354;0.0005701007156140517;-0.001322955836891293;0.013527874340491497;-0.016158320842964636;-0.007940244500358037
66.33;0.00017096769828121622;0.000569983750055941;-0.00132295597775465;0.013517059678862773;-0.016167329026069766;-0.007940168848354526
66.424;0.0001713468771331259;0.0005698666371248746;-0.0013229552326575163;0.013506234223495665;-0.016176341819264136;-0.007940094377982824
66.519;0.00017172591999256847;0.0005697490985943728;-0.0013229553120972337;0.0134954010915275;-0.016185328858304374;-0.007940018519857124
66.612;0.00017197858470483984;0.0005696706482496339;-0.0013229558506341974;0.013488180223206449;-0.016191329584573245;-0.007939969137255748
66.705;0.00017235752806100683;0.0005695528810412498;-0.0013229551737272741;0.013477340741491694;-0.01620032272760447;-0.00793989509990957
66.796;0.0001727363608428624;0.0005694348181455493;-0.001322954229129221;0.013466496956769408;-0.01620929663033324;-0.007939820228064476
66.891;0.0001729888726906153;0.0005693559493017562;-0.0013229537947072082;0.013459259258785276;-0.01621528043755176;-0.007939770857592877
66.984;0.00017336755254981987;0.0005692374109328925;-0.001322954443582794;0.013448399197706485;-0.016224251461042012;-0.007939697002914874
67.077;0.00017374615052036236;0.0005691186663700526;-0.0013229541687429583;0.013437542589718186;-0.016233208448836224;-0.007939622763689973
67.171;0.0001741246581857638;0.0005689996290197585;-0.0013229541861005966;0.013426666740677114;-0.016242164888560992;-0.007939549273211043
67.267;0.0001743769432286566;0.0005689201269766319;-0.0013229535308837625;0.013419423111013764;-0.01624812637060079;-0.007939499911699524
67.361;0.00017475530766593422;0.0005688006907951118;-0.0013229536899575386;0.013408542245245451;-0.01625707210224641;-0.007939426804180302
67.453;0.00017513357007161871;0.0005686810102115253;-0.0013229534222740365;0.013397659226835161;-0.016266000957014512;-0.007939353059156651
67.546;0.00017551175780926585;0.0005685610873276948;-0.0013229534975836657;0.013386768171333987;-0.016274931599323948;-0.007939280239791763
67.638;0.00017576382005116286;0.0005684809836996201;-0.001322953632864799;0.013379508375627682;-0.016280871202771323;-0.007939230928680903
67.733;0.0001761418410649116;0.0005683605983792886;-0.001322953402380712;0.013368600292437615;-0.016289782505242295;-0.007939157804402377
67.831;0.0001765198065213368;0.0005682400830425124;-0.0013229521866198592;0.01335770094046162;-0.016298697065942662;-0.007939085716414314
67.927;0.00017689765031797782;0.0005681192121127194;-0.0013229525665018598;0.013346792316792215;-0.01630759189338746;-0.007939012724320156
68.02;0.00017714949090131318;0.0005680384743358243;-0.0013229528356830853;0.013339509632401325;-0.016313517788816383;-0.007938964171241016
68.113;0.0001775272018195915;0.0005679172203551495;-0.0013229528915935397;0.01332858820360783;-0.016322412472969203;-0.007938892466106103
68.205;0.0001779048107679843;0.0005677957103175995;-0.0013229521075982984;0.013317664391915049;-0.016331287226167224;-0.007938819884743601
68.301;0.00017828234389642315;0.0005676739846090667;-0.0013229519546423764;0.01330673366882758;-0.016340165517290842;-0.007938748355995506
68.394;0.00017853396927185612;0.0005675926772132226;-0.0013229512461194852;0.013299435958327594;-0.016346069871175553;-0.00793869992626913
68.488;0.00017891132410140025;0.0005674704475286923;-0.0013229519853058787;0.013288494094001938;-0.016354925279689382;-0.007938627753613838
68.582;0.00017928860441581327;0.0005673480118502086;-0.0013229519827074197;0.013277544925660481;-0.016363783584317476;-0.00793855661150563
68.678;0.0001796658001393683;0.0005672253687035319;-0.001322951243945771;0.013266592374315742;-0.016372629797676397;-0.007938485248312765
68.772;0.00017991719164986056;0.000567143383472106;-0.0013229519807066172;0.013259288140544015;-0.01637851632010088;-0.007938437156951488
68.866;0.00018029422717859525;0.0005670202838242864;-0.0013229520122632664;0.013248323135732995;-0.016387350221948427;-0.007938366039758319
68.96;0.0001806711631132736;0.0005668969291543905;-0.0013229520607209405;0.013237352129004929;-0.016396173540088172;-0.007938294805018727
69.055;0.0001810480199195939;0.0005667733414725284;-0.0013229515123775585;0.013226374084823763;-0.016404991496863915;-0.007938223922591863
69.151;0.00018129922864102105;0.0005666909195471393;-0.0013229506876564706;0.013219049822222653;-0.01641087254278743;-0.007938177313954865
69.246;0.00018167591065682714;0.0005665668533870095;-0.0013229503960199918;0.013208069257115871;-0.016419668067878746;-0.007938105808882738
69.34;0.00018205251986731848;0.0005664425984284636;-0.0013229506839769996;0.013197077293308898;-0.01642846807708131;-0.007938035451654607
69.435;0.0001824290260469119;0.0005663180647390401;-0.001322950601841122;0.013186078397057002;-0.016437256768074653;-0.00793796492592285
69.53;0.00018280546282682493;0.0005661933704115606;-0.0013229504467040189;0.013175075015961;-0.016446044152253713;-0.007937895065051936
69.624;0.00018305635956492364;0.0005661100570928892;-0.0013229499398077146;0.013167738362399855;-0.016451896327502852;-0.00793784840754848
69.717;0.00018343261775232762;0.0005659848887083614;-0.0013229501039277918;0.013156726346179924;-0.01646066046573985;-0.007937777869856916
69.811;0.00018380880252152703;0.0005658594718029867;-0.001322950414674218;0.013145708774190145;-0.016469430885190654;-0.00793770862614105
69.905;0.00018418489154468004;0.0005657338239546955;-0.0013229494530465184;0.013134683695048775;-0.01647818492810074;-0.007937638823876676
69.905;0.0001844355460485768;0.0005656498690027665;-0.0013229493931840768;0.013127329234454787;-0.016484012203621938;-0.007937591969284043
70.001;0.00018481148419476805;0.0005655238033100273;-0.0013229496230924812;0.01311629663931187;-0.016492760039342698;-0.007937522893918261
70.096;0.00018518732122037938;0.0005653975019203016;-0.0013229491502047249;0.013105254969231416;-0.016501497033993;-0.00793745369641781
70.19;0.0001855630677929598;0.0005652709468374775;-0.0013229488087806275;0.013094212662346682;-0.016510223641761898;-0.007937384392930867
70.285;0.00018581351892607036;0.0005651864620888978;-0.0013229487886345119;0.013086847239288794;-0.01651604214051344;-0.007937338669973282
70.381;0.00018618909510435494;0.0005650594558424373;-0.0013229484439797267;0.013075792773607826;-0.01652475127224578;-0.007937269189895815
70.478;0.0001865645975236263;0.0005649322478143743;-0.001322948054390348;0.013064730749279836;-0.016533464597291665;-0.007937200833094734
70.573;0.0001869399804195348;0.0005648046889652514;-0.001322948622829901;0.013053663980988594;-0.016542164931679173;-0.007937132125290148
70.667;0.00018731528441361263;0.0005646769586580625;-0.001322948781028304;0.013042590386623108;-0.01655086115698304;-0.00793706385574588
70.762;0.00018756543915639855;0.000564591687989068;-0.001322948375302274;0.013035206911089356;-0.016556651846925598;-0.007937018211225277
70.857;0.0001879405959759231;0.0005644635815895479;-0.0013229476789780909;0.013024125169522083;-0.01656533160600613;-0.007936949871419751
70.952;0.00018831564934979316;0.0005643352004668231;-0.0013229470637078486;0.013013036499398794;-0.016574003211672256;-0.007936881614825463
71.046;0.0001886906067443224;0.0005642065489311973;-0.001322947203049644;0.013001943822593886;-0.01658267100477535;-0.007936813777035857
71.14;0.00018894051611661265;0.0005641206324771169;-0.0013229472707062303;0.012994547902822399;-0.016588437336181747;-0.007936767949394073
71.236;0.00018931532458542463;0.0005639915996295659;-0.0013229471486777469;0.01298344506954664;-0.01659709583839533;-0.007936700619635279
71.333;0.0001896900261724383;0.000563862294652784;-0.001322946946658738;0.012972336753342577;-0.016605740614278486;-0.00793663290840088
71.429;0.00019006464813938422;0.0005637327634684069;-0.0013229466927845096;0.012961223705035831;-0.016614384944457848;-0.007936565924430077
71.524;0.00019043915628698616;0.0005636029516521415;-0.0013229464315397514;0.012950100215661649;-0.016623011951269952;-0.007936498282745619
71.619;0.0001906887848315514;0.0005635163172051289;-0.0013229460482926426;0.012942679976061227;-0.016628760392811515;-0.007936453384682565
71.714;0.0001910631392243815;0.0005633860926284762;-0.001322945821334996;0.01293155156343912;-0.01663737792135122;-0.007936386203067606
71.809;0.00019143739694006809;0.0005632556194511758;-0.001322946073117605;0.012920420662507226;-0.016645991093319004;-0.007936319389575579
71.904;0.0001918115531013711;0.0005631249038939253;-0.0013229459595070373;0.012909278330929619;-0.016654590404715286;-0.007936252218617774
71.997;0.00019206095205928352;0.0005630376413621988;-0.0013229457818045062;0.012901847253944184;-0.016660327669067363;-0.007936208231099976
72.093;0.00019243495482691635;0.0005629065320050331;-0.0013229454783045247;0.012890695995212871;-0.016668914315673425;-0.007936141284230381
72.188;0.00019280886206859401;0.0005627751453213503;-0.0013229459406454336;0.012879541431105727;-0.01667750174495099;-0.007936075128865324
72.284;0.00019318267493953454;0.000562643567674478;-0.0013229449461740748;0.01286838421391717;-0.016686071684225944;-0.007936008301506408
72.378;0.00019355639101165443;0.0005625116865409429;-0.0013229455862942918;0.012857215402519575;-0.01669464728180979;-0.007935942690517575
