30.165;0.004246196967284432;0.018712454814653903;-0.030685650081006068;-7.6163426850177165e-06;4.693614544729081e-06;-0.09715715064279402;0.9952690530700403
30.28;0.004267094941105618;0.018774937538843357;-0.030685650076001148;-7.614765762882399e-06;4.696209048347359e-06;-0.09748981315197355;0.9952365227681079
30.38;0.004288035032227956;0.01883740621045646;-0.03068565007098418;-7.613186160460633e-06;4.698802834789621e-06;-0.09782246142949137;0.9952038816040845
30.477;0.004309017229952928;0.018899860802219167;-0.030685650066060256;-7.611607746704037e-06;4.701396298534681e-06;-0.09815509544314883;0.9951711295845086
30.477;0.004330041523825074;0.018962301287080704;-0.030685650060470793;-7.610026431672267e-06;4.703989506362512e-06;-0.09848771516100473;0.9951382667158996
30.574;0.004337058974665409;0.018983111642382304;-0.03068565005832656;-7.60949695753657e-06;4.704850689888193e-06;-0.09859858521816665;0.9951272877943483
30.621;0.004358139380197476;0.019045533275708647;-0.03068565005372382;-7.6079157641173594e-06;4.707446766367025e-06;-0.09893118582466673;0.9950942771372394
30.704;0.004372216357622983;0.01908713982739148;-0.030685650050210046;-7.606861217892401e-06;4.709171552467862e-06;-0.09915291158108953;0.995072208457734
30.805;0.0043933668764970886;0.019149537829164603;-0.03068565004508288;-7.605276470517578e-06;4.711762837265136e-06;-0.09948548821891094;0.9950390130812983
30.903;0.00441455944899221;0.01921192161520694;-0.030685650040511867;-7.603695407115457e-06;4.714354411212347e-06;-0.09981805043247596;0.9950057068820353
30.998;0.0044357940646670355;0.019274291159374443;-0.030685650034795627;-7.602108083569092e-06;4.716941975934265e-06;-0.10015059818974022;0.9949722898665047
31.093;0.0044570707128691826;0.01933664643410481;-0.030685650030518603;-7.600525407564781e-06;4.719535434544816e-06;-0.10048313145792752;0.9949387620413465
31.188;0.004471278491149118;0.01937820867650902;-0.03068565002601807;-7.599464087882924e-06;4.721257623160653e-06;-0.10070481223878525;0.9949163486001771
31.282;0.004492625169842368;0.019440540109159632;-0.030685650022064036;-7.597879739465565e-06;4.723848500013866e-06;-0.10103732128782451;0.9948826361068618
31.377;0.004514013852513927;0.019502857200345884;-0.030685650016234422;-7.5962883754859135e-06;4.726433289700798e-06;-0.1013698157626946;0.994848812821423
31.472;0.00453544452857082;0.019565159923154038;-0.030685650011681408;-7.5947030310748015e-06;4.729021621274046e-06;-0.10170229563048525;0.9948148787505374
31.563;0.004549754970259827;0.019606687075727987;-0.03068565000761398;-7.593639112536129e-06;4.7307442932566755e-06;-0.1019239407449597;0.9947921944923848
31.654;0.004571255611347364;0.019668965791021547;-0.030685650001935176;-7.592045607094688e-06;4.733326432041297e-06;-0.10225639619666901;0.994758075793721
31.734;0.004578431817680537;0.019689722154939894;-0.03068565000144776;-7.591518567180876e-06;4.734192252598133e-06;-0.10236721141664144;0.9947466782788152
31.791;0.00459998840926901;0.01975198161034414;-0.030685649996588592;-7.589928405594551e-06;4.736778890212854e-06;-0.10269964727006824;0.9947124118912759
31.887;0.004621586951144108;0.01981422658908076;-0.030685649991083662;-7.588335833319696e-06;4.739361797872004e-06;-0.10303206838758569;0.994678034744777
31.98;0.00463600927947532;0.01985571518571245;-0.030685649987503415;-7.587270188217758e-06;4.741084326057177e-06;-0.10325367426309853;0.9946550551176653
32.07;0.004657677714537932;0.01991793597673585;-0.030685649982622975;-7.58567942056325e-06;4.743668148806271e-06;-0.10358607074837103;0.9946204933877386
32.165;0.00467938807110266;0.019980142219455037;-0.030685649978201727;-7.584085130399348e-06;4.746254370625856e-06;-0.10391845241074864;0.9945858209166817
32.254;0.004693884926520606;0.020021604951858767;-0.030685649974819526;-7.583021276880235e-06;4.747976367411823e-06;-0.10414003193513206;0.9945626444163809
32.346;0.004715665128088509;0.020083786886716904;-0.030685649970133688;-7.581427963239674e-06;4.750559080372371e-06;-0.10447238882146984;0.9945277873915288
32.439;0.0047374872221837925;0.020145954200878363;-0.0306856499646726;-7.5798286266775934e-06;4.75314002557149e-06;-0.10480473079878731;0.9944928196433334
32.532;0.004759351197900867;0.02020810686752024;-0.030685649959146806;-7.578229659922653e-06;4.755718881961387e-06;-0.10513705783466919;0.9944577411784893
32.626;0.00477395044391719;0.02024953382771298;-0.030685649957158872;-7.5771665513119965e-06;4.757442891554906e-06;-0.10535860087460787;0.9944342940293737
32.719;0.0047958841980363515;0.020311662021495567;-0.03068564995185904;-7.575567713636139e-06;4.760022499636043e-06;-0.10569090293540583;0.9943990310517461
32.812;0.004817859804768005;0.020373775495954427;-0.030685649945932966;-7.573964247190677e-06;4.762600475646966e-06;-0.1060231899678896;0.9943636573754019
32.908;0.004839877253028125;0.020435874223620556;-0.030685649941434693;-7.572365866230021e-06;4.765178880447496e-06;-0.10635546193948428;0.994328173007077
33.001;0.004854578791822505;0.02047726516990858;-0.03068564993899956;-7.571299511117634e-06;4.766900443592298e-06;-0.1065769682036007;0.994304455269351
33.093;0.0048766659514756176;0.02053933925962029;-0.030685649933648737;-7.56969616850969e-06;4.769478135375419e-06;-0.10690921500108745;0.9942687864294057
33.188;0.0048987949234479125;0.02060139853115115;-0.030685649929749453;-7.56809674251845e-06;4.7720584381667205e-06;-0.10724144665039605;0.9942330069155226
33.283;0.0049209656966154695;0.02066344295710784;-0.030685649924604357;-7.566490593715724e-06;4.774635048412981e-06;-0.10757366311932241;0.9941971167344239
33.376;0.004935769429534709;0.02070479764702992;-0.030685649921162086;-7.5654208246311376e-06;4.77635323319118e-06;-0.10779513231540531;0.9941731284686061
33.469;0.004958009846893253;0.02076681727061197;-0.03068564991627342;-7.563815379946293e-06;4.778927750408887e-06;-0.10812732341079502;0.9941370538572476
33.561;0.004980292036022239;0.02082882197669581;-0.030685649911063987;-7.5622093505196975e-06;4.781502933786349e-06;-0.10845949923830486;0.994100868596807
33.655;0.004995170029802513;0.020870150146482948;-0.030685649907954284;-7.561137184180724e-06;4.783220177256526e-06;-0.10868094129161565;0.9940766836214995
33.75;0.005017521813764722;0.02093212993011291;-0.03068564990375513;-7.559533182567198e-06;4.785797085066102e-06;-0.1090130915997881;0.9940403139610615
33.841;0.0050399153398823174;0.0209940947242341;-0.030685649898810965;-7.557923855248197e-06;4.788370623642446e-06;-0.10934522655304048;0.9940038336696765
33.934;0.005062350597052092;0.021056044502251813;-0.03068564989397651;-7.556314662883205e-06;4.7909431956186155e-06;-0.10967734611826871;0.9939672427542081
34.031;0.005077330613504511;0.02109733599838861;-0.030685649890742857;-7.5552415661615625e-06;4.792658697821094e-06;-0.10989875059665906;0.9939427873561145
34.124;0.005099835397507543;0.02115926068925555;-0.030685649885579813;-7.553630763506773e-06;4.795231247553225e-06;-0.11023084444226834;0.9939060120823764
34.214;0.005122381882743792;0.021221170291585642;-0.030685649881513052;-7.552022068333721e-06;4.797807559475561e-06;-0.1105629228120368;0.9938691262028456
34.306;0.005137436034767541;0.021262434964627402;-0.030685649878382595;-7.550948217550768e-06;4.799520330723642e-06;-0.11078429977841862;0.9938444741721681
34.399;0.00516005199707519;0.02132431936005297;-0.030685649873273442;-7.5493328422542515e-06;4.802089116529477e-06;-0.11111635228296847;0.99380740396481
34.492;0.0051827096308374515;0.021386188595762277;-0.030685649868574937;-7.547718186865987e-06;4.804659057847977e-06;-0.11144838922411637;0.9937702231699725
34.583;0.005205408924567396;0.021448042644157058;-0.0306856498641399;-7.5461060305558e-06;4.807230872628208e-06;-0.11178041056883097;0.9937329317945595
34.68;0.005220564925980702;0.02148927022613073;-0.030685649860897966;-7.545028646900012e-06;4.808945928110454e-06;-0.11200174945097685;0.9937080094473764
34.771;0.005243333628124758;0.02155109890309016;-0.030685649856206275;-7.5434147562074284e-06;4.811515103835838e-06;-0.11233374472881774;0.9936705337862982
34.864;0.00526614396029642;0.021612912321479882;-0.03068564985184629;-7.541798295647751e-06;4.8140815585372235e-06;-0.11266572432258673;0.993632947563039
34.957;0.005288995911083047;0.021674710453727198;-0.030685649846746973;-7.540180553519368e-06;4.816650621910928e-06;-0.11299768819890968;0.9935952507845675
35.052;0.005304253660947236;0.021715900703443827;-0.03068564984448848;-7.539102383449141e-06;4.818363216021143e-06;-0.11321898870167799;0.9935700581827709
35.146;0.005327174951074997;0.021777673299676722;-0.03068564983862221;-7.537480581694292e-06;4.820927150683268e-06;-0.11355092630950105;0.993532177160961
35.237;0.005350137829542714;0.02183943053845219;-0.03068564983390925;-7.535860922042872e-06;4.8234938135955226e-06;-0.1138828481116148;0.9934941856024784
35.332;0.005373142285146061;0.021901172392854225;-0.030685649830485065;-7.534245500860875e-06;4.8260635253058864e-06;-0.1142147540750102;0.9934560835142787
35.427;0.005388501681531823;0.021942325068735797;-0.030685649827138506;-7.533162451879933e-06;4.827772625387498e-06;-0.11443601590200048;0.9934306207201494
35.521;0.0054115754068401484;0.022004041222537362;-0.030685649822379406;-7.531542882183962e-06;4.830338476026615e-06;-0.11476789539444507;0.9933923344312021
35.613;0.005434690678820948;0.02206574192015342;-0.030685649818252628;-7.52992009244248e-06;4.83290312720553e-06;-0.11509975896008168;0.993353937631132
35.705;0.005457847485877712;0.02212742713444089;-0.030685649812344534;-7.528293330714811e-06;4.835463414162948e-06;-0.11543160656590631;0.9933154303269213
35.8;0.005473308426691265;0.022168541995776597;-0.03068564981013855;-7.527214129795189e-06;4.837175138259259e-06;-0.11565282941959039;0.9932896974031222
35.891;0.005496534433642798;0.022230201345196564;-0.030685649805559274;-7.525587820625949e-06;4.839736957295233e-06;-0.11598465035129515;0.993251005941011
35.983;0.0055198019451167205;0.022291845139770984;-0.03068564980114393;-7.523962778658979e-06;4.842300459634126e-06;-0.11631645523408497;0.993212203993547
36.075;0.005527567003535289;0.022312389610116678;-0.030685649799833965;-7.523423029470212e-06;4.843155505923055e-06;-0.11642705328952707;0.9931992454599731
36.17;0.0055586733320854035;0.022394550158222674;-0.030685649793569025;-7.521253718096383e-06;4.846571663761476e-06;-0.11686942761803615;0.9931472885771648
36.262;0.0055820514661033115;0.02245615234179116;-0.030685649789634468;-7.51962653370528e-06;4.8491322797817595e-06;-0.11720118954175429;0.9931081920364664
36.356;0.005597659924057991;0.022497211769464044;-0.03068564978601812;-7.5185398251248535e-06;4.850837616336069e-06;-0.1174223551759756;0.9930820663091586
36.449;0.0056211071554605335;0.022558787849185073;-0.030685649781517735;-7.516910410723855e-06;4.853398239391098e-06;-0.11775409012978491;0.9930427856732291
36.545;0.0056445958298350675;0.022620348230611664;-0.030685649777615044;-7.515282727121372e-06;4.855958828048598e-06;-0.11808580885721996;0.9930033945896038
36.637;0.005668125935558075;0.0226818928870391;-0.030685649773204444;-7.513650651953908e-06;4.858517004914676e-06;-0.11841751132501664;0.9929638930653668
36.73;0.005683835684404357;0.022722913908388424;-0.030685649769867894;-7.512563363089285e-06;4.860222655427751e-06;-0.11863863725384645;0.9929374973634997
36.823;0.005707434816600312;0.02278443229657602;-0.03068564976546103;-7.51093115166848e-06;4.862781662425608e-06;-0.11897031254767587;0.9928978117874204
36.919;0.0057310753491622455;0.022845934888286467;-0.03068564976183318;-7.5093017590602295e-06;4.865340479170168e-06;-0.11930197149261892;0.9928580157897269
37.012;0.00574685869862559;0.022886927826694367;-0.03068564975804105;-7.50821144539833e-06;4.8670441704533414e-06;-0.1195230683568511;0.9928314237827598
37.103;0.005770568205769198;0.02294840403050991;-0.030685649753421758;-7.506574791035782e-06;4.869600114935624e-06;-0.11985469997939151;0.9927914437648969
37.196;0.005794319082098289;0.023009864366208856;-0.03068564974933291;-7.5049400477329495e-06;4.872156040235731e-06;-0.12018631516370137;0.9927513533444866
37.287;0.005818111315796503;0.023071308806499612;-0.030685649744722238;-7.503304367783194e-06;4.874709312877832e-06;-0.12051791387651825;0.9927111525286647
37.381;0.005833995775581146;0.0231122629229269;-0.03068564974203318;-7.502212976365535e-06;4.876414092223001e-06;-0.12073897051733677;0.9926842906575842
37.473;0.00585785691242168;0.02317368081182107;-0.03068564973739891;-7.50057434854659e-06;4.878966328065972e-06;-0.12107054170278089;0.9926439058654077
37.565;0.005881759375355205;0.023235082733969712;-0.030685649733521315;-7.498939150709955e-06;4.881524209272418e-06;-0.12140209632656672;0.9926034106970678
37.659;0.005905703152662197;0.023296468662510388;-0.030685649728322554;-7.4972985945979646e-06;4.884074962858245e-06;-0.12173363435606147;0.9925628051596541
37.751;0.005921688617354879;0.02333738371615616;-0.03068564972635819;-7.4962083241925175e-06;4.8857785986943065e-06;-0.1219546504728423;0.9925356734888591
37.844;0.005945701225661747;0.02339874292953408;-0.03068564972114838;-7.494567685095584e-06;4.888328946310569e-06;-0.12228616076952482;0.99249488401915
37.939;0.0059697551166061225;0.023460086077149753;-0.030685649717367036;-7.4929300676592845e-06;4.8908816643781075e-06;-0.12261765438153366;0.992453984199724
38.029;0.005985813973050889;0.02350097257074157;-0.03068564971420746;-7.491830888809389e-06;4.892580877909934e-06;-0.12283864083719853;0.9924266563515942
38.122;0.0060099366424884015;0.02356228888395168;-0.03068564970967482;-7.490189656209404e-06;4.8951316276432576e-06;-0.12317010656690214;0.9923855726320455
38.214;0.006034100563122697;0.023623589060334283;-0.030685649705174414;-7.488544517902813e-06;4.8976820376097075e-06;-0.12350155552218607;0.9923443785821204
38.304;0.006050232754954018;0.023664446866444384;-0.03068564970219195;-7.487448274094837e-06;4.899381670285574e-06;-0.12372251215661957;0.9923168545911076
38.392;0.006074465401056585;0.02372572008873287;-0.030685649698403508;-7.485804437376589e-06;4.901930988385321e-06;-0.12405393307969577;0.9922754766733846
38.488;0.006098739266628591;0.02378697710322168;-0.030685649694193032;-7.4841614358790654e-06;4.904480289808094e-06;-0.1243853371382511;0.9922339884447302
38.582;0.006114944737399546;0.02382780609485375;-0.03068564969067676;-7.4830608458896435e-06;4.906176495339331e-06;-0.12460626379176562;0.9922062683453426
38.674;0.006139287275443019;0.02388903603611699;-0.030685649687627683;-7.48141790423308e-06;4.908727705943035e-06;-0.12493763966768905;0.9921645962813829
38.766;0.006163671000974237;0.02395024969776116;-0.030685649682954962;-7.47976897472255e-06;4.911275277000427e-06;-0.12526899858926965;0.9921228139259646
38.862;0.006188095901945434;0.024011447052877017;-0.030685649679050766;-7.478122477999446e-06;4.913822366207564e-06;-0.1256003405224479;0.992080921286453
38.955;0.006204402038671048;0.02405223621749849;-0.03068564967623959;-7.477024216861375e-06;4.915520292402742e-06;-0.12582122568981371;0.992052931594804
39.046;0.0062288955388906065;0.024113406336010224;-0.03068564967200671;-7.475372833791567e-06;4.918064140801088e-06;-0.12615253923379866;0.9920108551647994
39.142;0.006253430182471089;0.024174560076526908;-0.030685649667956838;-7.473723820963704e-06;4.920609504252419e-06;-0.12648383569885116;0.991968668470349
39.236;0.00627800595754501;0.024235697412728508;-0.030685649662766254;-7.47206991102914e-06;4.923150981810358e-06;-0.1268151150514589;0.9919263715187818
39.331;0.006294412652363324;0.02427644650991714;-0.03068564966155029;-7.47097197625038e-06;4.92485290615669e-06;-0.12703595842866514;0.9918981123008759
39.425;0.0063190569527995805;0.024337556445436212;-0.03068564965592837;-7.469315250960474e-06;4.927391425387419e-06;-0.12736720918471076;0.9918556316039289
39.514;0.00634374235245227;0.024398649905346376;-0.03068564965178619;-7.4676598386748564e-06;4.929934282639498e-06;-0.1276984427369524;0.9918130406697057
39.609;0.0063684688390119185;0.024459726862198015;-0.030685649647693332;-7.466006754205775e-06;4.93247668976438e-06;-0.12802965905191285;0.9917703395055633
39.702;0.006384975983534153;0.024500435652180057;-0.030685649645753918;-7.464907895636946e-06;4.934174359227459e-06;-0.12825046033524057;0.9917418108276609
39.796;0.006409770921461737;0.024561485045089523;-0.0306856496411263;-7.463249413509933e-06;4.936713782006302e-06;-0.1285816478457749;0.9916989259635174
39.89;0.006434606913941017;0.024622517864008854;-0.03068564963735855;-7.461594188850268e-06;4.939255639846324e-06;-0.12891281802797028;0.9916559308893462
39.985;0.00645118704440399;0.0246631971892131;-0.0306856496345535;-7.460489035914103e-06;4.940949352697274e-06;-0.12913358850589368;0.9916272062824409
40.079;0.006476091434067306;0.024724202325349165;-0.030685649630201095;-7.4588312547111305e-06;4.943489502611497e-06;-0.1294647297321;0.9915840275414495
40.173;0.0065010368457541845;0.024785190815996203;-0.030685649625656383;-7.457171154966627e-06;4.946026559813869e-06;-0.12979585353945175;0.9915407386103168
40.258;0.006517689904144233;0.024825840549084825;-0.03068564962293434;-7.4560651244284655e-06;4.947719571827873e-06;-0.13001659305000832;0.9915118181098981
40.347;0.005871511356216136;0.024480355012467456;-0.030685619916344484;-8.168391068380341e-06;5.1459125981669895e-06;-0.1303529399166403;0.9914676550255616
40.427;0.003494786824380431;0.02311229549646207;-0.030685660046947318;-8.316648649480489e-06;5.3920609523189835e-06;-0.13091015194575958;0.9913942364263054
40.522;-0.003819818421905227;0.018894042176736993;-0.030685632439081678;-8.101487536062334e-06;5.307718681413142e-06;-0.1325439744595336;0.9911771258158981
40.611;-0.01520446168746565;0.012376278518227049;-0.030685628368344008;-7.994791567842272e-06;5.35079280242603e-06;-0.1350362130242893;0.9908406638201276
40.7;-0.025148903158181753;0.006737577843513986;-0.030685647576733338;-8.01511587786859e-06;5.522521134376366e-06;-0.13719372677939556;0.9905442348717396
40.792;-0.04380468799407147;-0.0036947826728509978;-0.03068563646889647;-7.845866747462966e-06;5.544509926702335e-06;-0.14120482625997402;0.9899804023053139
40.871;-0.05871031231314178;-0.01190866832737571;-0.030685654978121993;-7.633252774330889e-06;5.876518808710013e-06;-0.14526179588769159;0.9893932537483175
40.966;-0.0851435918288918;-0.025091939419684475;-0.030688013587980782;-3.090598926144665e-06;9.85598608636979e-06;-0.15087095928581074;0.9885534651891555
41.053;-0.11511872500969797;-0.03707366931556497;-0.03068739952316727;-6.4161774597680846e-06;-9.722599153557072e-07;-0.15688683674652892;0.987616585732315
41.141;-0.13722040356071502;-0.045033756001187975;-0.030687342281639426;-6.68174188842207e-06;-2.391310140453075e-07;-0.16469282183768658;0.98634490640467
41.223;-0.16099794502110215;-0.05246519345934947;-0.03068731961701752;-6.5457748257852535e-06;-3.9243917352164863e-07;-0.1725746007812175;0.9849964503094426
41.318;-0.19825759201708257;-0.0631364959530775;-0.030687314046124105;-6.417312910582092e-06;-5.10423485471543e-07;-0.18474909135480874;0.9827857208985741
41.406;-0.23638284111052632;-0.07309790397622853;-0.03068722916467383;-6.95433682995391e-06;3.146511513303827e-07;-0.1942034735921753;0.9809612687544149
41.495;-0.26205306552870794;-0.07943780317402008;-0.030687274673492804;-6.880758696204673e-06;-3.4806118081475813e-07;-0.1970996593807352;0.9803834577472901
41.583;-0.30073556375390287;-0.08868604574011335;-0.030687349048237198;-6.266430776377414e-06;-1.3289112977408687e-06;-0.2034169122617016;0.9790922120846847
41.67;-0.3265648681487071;-0.09198048942912052;-0.030684246400101978;-2.2824905382921086e-06;2.3763308677094086e-06;-0.2058922038777221;0.9785746779737957
41.761;-0.3643938478036174;-0.09336617108645003;-0.030686930428233956;-2.6770557853429695e-07;-2.3187339538832438e-06;-0.20316884114814188;0.9791437187568907
41.842;-0.40113202921543145;-0.0981351435055865;-0.03068731668765788;3.3283106983419104e-07;-3.470425813667053e-06;-0.21194950648215483;0.9772806181899938
41.937;-0.42591375361458933;-0.10245467130501751;-0.030686652139374625;-1.5589701824328646e-06;-2.6308754380790313e-06;-0.21716004598169622;0.9761360122543762
42.024;-0.4640020581567203;-0.10962372198845069;-0.030687289221404023;-7.324212325479648e-06;3.3958668751099183e-07;-0.22479171308475798;0.9744068378632513
42.11;-0.489876816978368;-0.1143159031185328;-0.030687290214496024;-6.749227137245073e-06;-1.6273823510286126e-07;-0.2288758910947959;0.9734556109191546
42.201;-0.5289098351976742;-0.12095591129019888;-0.030687270042244336;-7.174783861901938e-06;-9.006952316894438e-10;-0.23199538542247042;0.9727168864017948
42.29;-0.5681411009193246;-0.12755154779399105;-0.030687269871896614;-7.090342090863935e-06;-5.7677293580896146e-08;-0.23181820083619661;0.9727591283101857
42.385;-0.5943424610201079;-0.13196035349489782;-0.030687269135212844;-7.151641708460671e-06;-5.3078392982743725e-08;-0.23121779720405167;0.9729020146987865
42.474;-0.6336696716324202;-0.1386592978377828;-0.03068726948603146;-7.1473069522911786e-06;-7.098071410620196e-08;-0.229888529059989;0.9732169666397857
42.561;-0.6598222363720526;-0.14318108356440234;-0.03068724484957183;-7.30385278370878e-06;7.41895437841473e-08;-0.22741489178519675;0.973797960020956
42.644;-0.6958324281860199;-0.15205192307222587;-0.030685317237615105;-5.685858549988619e-07;-1.8522564397373756e-07;-0.21856301192298402;0.9758228373115666
42.733;-0.720951378398952;-0.17057030347097185;-0.030685416812977206;-1.1814870352723853e-05;2.4070208464632614e-06;-0.20711999538752707;0.9783155459080092
42.733;-0.7311089992489443;-0.18565166212042772;-0.030684393038338125;-4.958598722022104e-06;-2.836989527782003e-06;-0.20280089395378412;0.9792199943725157
42.909;-0.7383774327093225;-0.20995434154535772;-0.03068556770446993;-1.2919081994143494e-05;4.506768523882409e-06;-0.19964527347663186;0.979868238382706
43.008;-0.7418840520873186;-0.22739910694514093;-0.030685539797145438;-1.2952338295006651e-05;4.684491618045001e-06;-0.19443534952913605;0.9809153351150013
43.088;-0.7452012822903663;-0.256669363772402;-0.03068559794628438;-1.3576918997921033e-05;3.986113738048999e-06;-0.18722764118162388;0.9823165529386865
43.18;-0.7451935056707942;-0.289514001163293;-0.030686494506154103;-4.457953988470573e-06;-5.019851294397668e-06;-0.17921345189801657;0.9838102147333727
43.265;-0.7432348291010685;-0.31238056208279275;-0.030685666525959512;-1.018809446586519e-05;-7.275078883972686e-06;-0.17631403150938824;0.9843339688013325
43.265;-0.7375613126211311;-0.3477828907884228;-0.030685632525734398;-1.0617564312365466e-05;-5.256147641547261e-06;-0.17394992118700744;0.984754499750407
43.355;-0.7351518212903769;-0.37202081041713897;-0.03068691217674621;-2.013291652946096e-06;-3.8133555600174005e-06;-0.16740111089241458;0.9858888720608376
43.434;-0.729952228088455;-0.4081935561624564;-0.030685649381121366;-1.0233127644222698e-05;-6.058282981931898e-06;-0.16420209837150132;0.9864267183876237
43.521;-0.7273677082600304;-0.4325659520360893;-0.030685625423376457;-9.915784939480942e-06;-6.06747431284382e-06;-0.16077217253632348;0.986991544240787
43.613;-0.7239557968275042;-0.47050872375760344;-0.030687047031997594;-1.6529044635575352e-06;-4.146968429493593e-06;-0.15139708834274318;0.988473025237113
43.703;-0.7213951594888576;-0.49632831160792146;-0.030686993387435163;-1.3359217476394444e-06;-4.354398885679229e-06;-0.146509745542075;0.9892092268273942
43.792;-0.7173489268419244;-0.5353275309400118;-0.030687038567204006;-1.336349490738353e-06;-3.955672174734764e-06;-0.14388532582015037;0.9895943679084861
43.872;-0.7147829674859358;-0.5613816082767423;-0.030687061218262743;-1.3994074999646088e-06;-3.6978961145731604e-06;-0.146103998408789;0.9892692361704835
43.962;-0.7112177374505025;-0.6005623965985334;-0.030687065495680444;-1.4114225823497451e-06;-3.682987565185283e-06;-0.15040383880681177;0.988624643257803
44.045;-0.7097607971034187;-0.6266856493413634;-0.030687466808077508;-2.4455556641045637e-06;-3.092730770307053e-06;-0.15346622314623914;0.9881538940558212
44.129;-0.7152912871580108;-0.665316966461222;-0.030685802817821378;-8.446106493425864e-06;-5.527984892937188e-06;-0.14799046262462623;0.9889887880407208
44.226;-0.7263062124182458;-0.7037438504600809;-0.030685653266358567;-9.587043713108428e-06;-7.066705959076654e-06;-0.13588631189315004;0.9907244370147675
44.31;-0.7334570385339806;-0.7299224994998349;-0.030685219226805595;4.2284627139401503e-07;3.09986492183397e-06;-0.1314553033758047;0.9913220986160792
44.383;-0.7405082773715425;-0.7561050830374606;-0.0306853345823645;1.0476477982476507e-06;1.6901409849520535e-06;-0.13321863790866606;0.9910866735607969
44.466;-0.7477450853926646;-0.7821957882049113;-0.03068527512960694;6.419941942316129e-07;2.921741497555382e-06;-0.13841197683925077;0.990374739509496
44.541;-0.7591293752542889;-0.8212219137706519;-0.030685280415523358;6.721064025573991e-07;2.915471782166304e-06;-0.14634073595841599;0.9892342437411866
44.63;-0.7670487794829621;-0.8471520585706969;-0.030686720581633877;-1.2953019391184563e-06;-3.6390907273674733e-06;-0.1502040606781121;0.9886550157364729
44.714;-0.7793257396555534;-0.8857148342255985;-0.030685604271565012;-8.934974121783675e-06;-4.223634914644882e-06;-0.15973767910416628;0.9871594976379154
44.811;-0.79238900152247;-0.9239694888512897;-0.030686996196708227;-6.780108716540832e-07;-3.3548912209922277e-06;-0.16924651842944718;0.9855737496442344
44.902;-0.8060568026000742;-0.9621907880332424;-0.0306870115212852;-1.1652289298891016e-06;-3.6617050233326562e-06;-0.17418845417978104;0.9847123348550544
44.991;-0.8153998902767678;-0.9875923970190278;-0.03068691768164452;-1.8486341731185748e-07;-3.4151092367773397e-06;-0.17849659055761471;0.9839405302901238
45.085;-0.8299342673384507;-1.0249030304207258;-0.030685429573753288;1.535036555389591e-06;1.8632795120627726e-06;-0.19472917677231358;0.9808570475394205
45.171;-0.8403617042084516;-1.0494273627126207;-0.030685363532475286;1.1303464892008302e-06;2.5993748265606456e-06;-0.206846181314347;0.9783734753495914
45.258;-0.8571457652015058;-1.0858519249500604;-0.03068537701231628;1.2324882996923356e-06;2.5452549485594077e-06;-0.22399350746827984;0.9745906364233449
45.341;-0.8690044006380143;-1.1096556069796044;-0.030685497921567266;1.9894558053638454e-06;8.133626256590086e-07;-0.23697307577584859;0.9715162177507457
45.431;-0.8879816051974945;-1.1446092247739184;-0.03068541063096016;1.4647726361894863e-06;2.3572214265291047e-06;-0.2576178532295391;0.9662468844398422
45.524;-0.9084793299551045;-1.1789186116803272;-0.030685380660628675;1.3225658391149573e-06;2.5225483405419427e-06;-0.2762580349419743;0.9610835021588324
45.612;-0.9228764256861046;-1.2014170719740993;-0.030685485037556342;1.8722866739404517e-06;7.772656586629283e-07;-0.2879099847720405;0.957657475647976
45.699;-0.9454165898450356;-1.2343511226955846;-0.03068706529245941;-7.577955235450564e-07;-3.208628244354827e-06;-0.3050313160610007;0.9523423209178643
45.79;-0.9611649193477344;-1.25608275662004;-0.030687014817466093;-9.417638700222016e-07;-3.061938918181737e-06;-0.3135646107411341;0.9495668669875221
45.878;-0.9855231612097989;-1.2882436755145925;-0.030687741879934654;2.103758891778316e-09;-3.115045510550611e-06;-0.32533358077059826;0.9455993132470418
45.96;-1.0021940591978886;-1.30941893741696;-0.030686916712728315;-4.6985231059746306e-07;-3.1773574941616855e-06;-0.33145300543131156;0.9434717299316576
46.045;-1.0277284002371745;-1.3404036999702555;-0.03068870629519743;1.4046592387932913e-06;-1.108762941553205e-05;-0.34693558998305213;0.9378889573282132
46.136;-1.0542654962974318;-1.3702811941371136;-0.030685346777165185;1.4249740903255734e-06;3.882781229913194e-06;-0.36578570394493165;0.9306991021658958
46.226;-1.0726829808995724;-1.389737003941953;-0.0306853320393356;1.4140315869463998e-06;3.952329668478025e-06;-0.37629863528270574;0.9264984279893587
46.313;-1.1011736779147219;-1.4183252358186778;-0.030685394652966602;1.5528275903933408e-06;2.460932855109511e-06;-0.38958867278615167;0.920988960861235
46.407;-1.130459993876769;-1.4461554406232904;-0.03068773563338656;-5.0874943918601285e-08;-2.65627699679911e-06;-0.40165816388877257;0.9157896698338771
46.498;-1.150370630160792;-1.4644883747178763;-0.03068633461534684;-3.7836187498334993e-06;-2.125291314055061e-07;-0.4046781070596723;0.9144592006493452
46.58;-1.1804179743649408;-1.491779520689695;-0.030685369784162343;1.4595938006107448e-06;2.618282636077099e-06;-0.40772348892843807;0.9131054465761532
46.672;-1.2006248152870909;-1.5097702510738633;-0.03068536237497644;1.4334471258638597e-06;2.6627187883268072e-06;-0.4125975619795447;0.9109134162144011
46.761;-1.2312879959186849;-1.5364499514888756;-0.03068780015184771;-2.0857369295876148e-07;-2.6543042516173977e-06;-0.4185460453181179;0.9081955780235197
46.852;-1.2518651492257427;-1.554063996107095;-0.030685679156301687;2.106852779638909e-06;-1.9927222654343744e-06;-0.41945608240649646;0.9077756302764384
46.94;-1.282770131856808;-1.5799604688359916;-0.030687814833211036;-8.640528642061924e-08;-2.0436411398357637e-06;-0.4294959236353903;0.9030687967017792
47.024;-1.3143314575100027;-1.6054903769136049;-0.030687093237472766;-2.089577577867628e-06;-3.1864260863071037e-06;-0.43308628591133597;0.9013524665418101
47.116;-1.3355299999502508;-1.6224045690883417;-0.030687095484289086;-2.093392733883555e-06;-3.1814982656294826e-06;-0.43554267538363084;0.9001680831406795
47.204;-1.3674696920871634;-1.647502305162541;-0.03068550317481401;1.400493934549286e-06;-8.454039719309708e-07;-0.441188802280054;0.8974143082991352
47.295;-1.388804941722113;-1.6637461099392643;-0.030687730935233547;-3.237240145103761e-07;-2.863499932300264e-06;-0.4495751280282383;0.8932425226387785
47.387;-1.4214691196286353;-1.6875384297019422;-0.03068698515519799;-8.12183412106951e-07;-3.0887387650604177e-06;-0.45908366417759944;0.8883930376106453
47.477;-1.4546711440582616;-1.7105414881546657;-0.030687080616033847;-1.7435149346452535e-06;-2.9142520701412874e-06;-0.46967300839395404;0.8828404528422109
47.567;-1.4771070050458206;-1.7254653528529411;-0.0306871620063716;-2.2705680974375363e-06;-2.6912238482204618e-06;-0.4765415915911032;0.8791519274115367
47.659;-1.5111917105332118;-1.7473692328240853;-0.03068637033282485;-3.639955710923576e-06;6.143646948776652e-07;-0.4841339625016505;0.8749938893151333
47.746;-1.5456369470515938;-1.7689423826304977;-0.030687104361372813;-2.2381644126281966e-06;-3.0567836839869267e-06;-0.4861511514452724;0.8738747381255981
47.839;-1.568694968119586;-1.7832268301997531;-0.030685729730702726;-1.0464086187789803e-05;-1.787729906493477e-06;-0.4880813641514381;0.8727981335081889
47.935;-1.603431661629389;-1.8044766310497038;-0.030685756132319546;-1.0863046779329106e-05;-2.3019913160085656e-06;-0.48898982141935676;0.8722894900346791
48.016;-1.626616184099339;-1.8186308768560473;-0.030686822639792388;-2.4913464012969726e-06;-3.0706732190526846e-06;-0.4894459400526507;0.872033641409746
48.108;-1.6614038536997089;-1.839774472883548;-0.030685740822882113;-1.0167979810750222e-05;-1.294921335921698e-06;-0.49229119220958967;0.8704305727442001
48.19;-1.6847149646764;-1.8537026000051018;-0.030685758220273918;-1.1128604120569031e-05;-2.6369023931998945e-06;-0.49288996791130946;0.8700916500010728
48.28;-1.7196618391523752;-1.8746072122341608;-0.030685589844845436;1.5191415004917371e-06;-1.0102546528900526e-06;-0.4939149213075863;0.8695102359986295
48.366;-1.7546187258757522;-1.8952577452350043;-0.03068783330989287;-4.401897847633462e-07;-2.5685805497959547e-06;-0.49953452734253617;0.8662939778076941
48.453;-1.7780693380731438;-1.908868854240622;-0.030686971635319266;-1.6859667682016762e-06;-3.2686524415201776e-06;-0.4997497145169056;0.8661698579532451
48.545;-1.8132649590536167;-1.9292087327950602;-0.03068638616488789;-3.7067191166391625e-06;4.683706257882329e-07;-0.5018158972545281;0.8649744535237291
48.629;-1.8367274077800548;-1.9427431884333684;-0.030687183721116656;-2.8556796870869498e-06;-3.292129206931556e-06;-0.4989518938841939;0.8666296830656004
48.723;-1.871869178051486;-1.963281990027114;-0.03068720283359415;-2.9153930481654427e-06;-3.105934500177328e-06;-0.4976538180888328;0.8673757417195046
48.817;-1.9069101400490278;-1.9840993669081959;-0.030685798625444696;-1.0833899077604786e-05;-2.239768245770775e-06;-0.4923630670532962;0.8703899184155809
48.904;-1.9300650295214659;-1.9983458169911232;-0.030685815683289527;-1.0222338422255873e-05;-1.82408820053046e-06;-0.48534621847058806;0.8743220505674535
48.994;-1.9641836222752096;-2.020528155178021;-0.030685820566096964;-1.1406088658890177e-05;-3.525030755864798e-06;-0.4692736177186611;0.883052813579525
49.082;-1.9975293410616553;-2.0440483679196357;-0.030685829830020966;-1.0742802783673753e-05;-3.1640569619991795e-06;-0.4520792924444295;0.8919777537682904
49.171;-2.0189954409805817;-2.060414748016078;-0.030685838463172632;-1.0746934941615902e-05;-3.5679785194384896e-06;-0.43756816988721164;0.8991852404111899
49.261;-2.0501368665705884;-2.086244995400614;-0.03068584349763319;-1.1114588621149442e-05;-4.480842864723586e-06;-0.4135918021083674;0.9104624215667227
49.347;-2.0703761367118054;-2.1044289708326462;-0.030687061629769537;-2.4212572921204626e-06;-3.980738326539903e-06;-0.40189218375253116;0.9156869948934041
49.437;-2.1000598288080887;-2.13247557598757;-0.03068583143659945;-1.0026934396457144e-05;-2.9487025624855e-06;-0.39156183922482507;0.9201517950608138
49.524;-2.119295582094957;-2.15153037828485;-0.030685841763953565;-1.0492394255972064e-05;-3.970340932587878e-06;-0.38018423701747767;0.9249107772091231
49.607;-2.147301633255027;-2.1810557819100915;-0.030687087490743253;-2.2017469507123796e-06;-3.967513602802421e-06;-0.36352532913946634;0.9315843145166485
49.707;-2.1746759030971594;-2.2113386920503597;-0.030687211093932878;-2.4677969524368423e-06;-3.82393238886717e-06;-0.35586547875064856;0.9345371908131103
49.8;-2.1926173437520586;-2.231708440069148;-0.030687212805779844;-2.456041545495207e-06;-3.833646101277862e-06;-0.35108596249534985;0.9363432313622952
49.884;-2.2191194177024784;-2.262575726486884;-0.030685473481796094;8.41175547526639e-07;1.3480144148072048e-07;-0.34474892184083944;0.9386949349436446
49.974;-2.2366617473153974;-2.283325830379693;-0.030685405176862614;1.057736227720395e-06;2.9796465487404153e-06;-0.3440364005911354;0.9389563115812678
50.056;-2.262820942091952;-2.314578246230798;-0.030685838686007612;-9.841859829050574e-06;-3.2510678712649393e-06;-0.34033383682289586;0.9403046737127148
50.151;-2.288383239202403;-2.3462541024341466;-0.030685859925426877;-1.0282901593575411e-05;-4.501295121652576e-06;-0.32689803107747856;0.9450596156601276
50.24;-2.304787030667062;-2.367799922567799;-0.030685868636327135;-1.042582146521495e-05;-5.136268826662417e-06;-0.31418621202789915;0.9493613769458293
50.328;-2.3284577438627396;-2.4010427260734137;-0.03068586925664904;-1.0489862230181719e-05;-5.614146555076973e-06;-0.2951189341211939;0.9554605248683039
50.421;-2.34348369075546;-2.42375205975815;-0.030685876984057288;-9.993064276780197e-06;-5.108860399332111e-06;-0.2825714896401409;0.9592462421696475
50.506;-2.3649069120241677;-2.458467452999013;-0.030687257150369723;-2.358296403892664e-06;-4.38658062198992e-06;-0.2645527126330105;0.9643712263509897
50.595;-2.378514670652691;-2.4819211172474778;-0.03068726774845136;-2.2275081623214825e-06;-4.308977708856046e-06;-0.25558280131535227;0.9667871697784721
50.682;-2.3980757300715574;-2.517419945237959;-0.030687265797073135;-2.2036523496754647e-06;-4.332447243606405e-06;-0.24285020051962874;0.9700638020686835
50.771;-2.416466173644322;-2.5534772814992714;-0.030685890638815976;-9.761311260269754e-06;-5.711958083072839e-06;-0.22591871891460255;0.9741461555208618
50.86;-2.427984576129411;-2.5779368675019683;-0.030686917897033074;-2.3431108642686662e-06;-4.726243950494651e-06;-0.21226061200173751;0.9772130947571366
50.951;-2.4445701487942557;-2.6153044973760147;-0.03068544201624277;6.523843631877617e-07;3.1324466997475946e-06;-0.2052520383242599;0.978709150234889
51.038;-2.455380467041864;-2.6402831745704676;-0.03068575036518246;-9.32595825352133e-06;-4.3832373591079725e-06;-0.20207494374807702;0.9793700613164696
51.128;-2.4710839299782625;-2.677952193976736;-0.030685890927613754;-9.486751189558372e-06;-5.623309406908584e-06;-0.1915046468054782;0.9814917066029083
51.219;-2.4859721420949166;-2.7160732149775235;-0.030686945692076768;-1.8980213172382877e-06;-4.372450512755345e-06;-0.17922365591291733;0.9838083558999118
51.305;-2.49544284512382;-2.7416396255845785;-0.0306872831148867;-1.65100538505483e-06;-4.240958257502034e-06;-0.17417010835450397;0.9847155799189271
51.391;-2.5093018426289193;-2.780010780368598;-0.030685499496267546;6.953401078028081e-07;2.438374315923935e-06;-0.17314654444173938;0.9848960727617182
51.483;-2.5185715316292168;-2.8055831995601213;-0.03068548180290847;5.942473961957617e-07;3.0361810222699374e-06;-0.1743755734724228;0.9846792164794544
51.57;-2.532636736119313;-2.8438442954008027;-0.030685748109623066;-9.178431836129812e-06;-4.259889085381637e-06;-0.1780437382241752;0.984022574525997
51.66;-2.5469041986952288;-2.881996623004525;-0.030686839133184027;-3.2595439003273874e-06;-2.1089256233459436e-06;-0.178143888193475;0.9840044487116095
51.752;-2.5562876550810287;-2.907452357783089;-0.03068588889405431;-9.367211882582035e-06;-5.426156330700086e-06;-0.17437693392606432;0.9846789755028575
51.841;-2.570041582953664;-2.9459316005519547;-0.030685905812013983;-9.693121261322506e-06;-6.636685891039239e-06;-0.16682245559857425;0.9859869513183527
51.93;-2.5789022025443806;-2.971763682175721;-0.030685908659135758;-9.649307137845493e-06;-6.689749901112891e-06;-0.16178541928499102;0.9868259613371133
52.022;-2.5916559540644477;-3.0106383093155453;-0.030685919882747707;-9.321650788095015e-06;-5.984599290963187e-06;-0.15461334480687605;0.9879750571167886
52.11;-2.6036127647893657;-3.0497095635062372;-0.030685930826211284;-9.534949950420039e-06;-7.057287806379857e-06;-0.14193533064108463;0.9898759325163359
52.201;-2.611102528056937;-3.075993414975964;-0.03068592403105251;-9.79565593716239e-06;-8.025482659980551e-06;-0.13367909986802512;0.9910246707817677
52.291;-2.621558498324069;-3.1156850058675105;-0.030685931657788334;-9.378292600005188e-06;-7.154514352839723e-06;-0.12321959510009142;0.9923794290714767
52.369;-2.627919979340613;-3.142192996356193;-0.03068594863948819;-8.985244769379767e-06;-6.452709908701968e-06;-0.11417057484053855;0.9934611616556577
52.463;-2.636648647914898;-3.1821823137555905;-0.030685540014416403;5.407782086174717e-07;2.1233902870363224e-06;-0.10300374668969227;0.9946809680309987
52.551;-2.642134920643687;-3.2089048256980326;-0.030685504099804545;2.7449547899622873e-07;3.125857379980023e-06;-0.10033132339024829;0.9949540821248563
52.639;-2.650157498160316;-3.2489636986894888;-0.030685520485145612;3.0506738655568084e-07;3.0995500304228606e-06;-0.09866892494264917;0.9951203159623272
52.735;-2.658114303777852;-3.28900867398409;-0.03068553249477283;3.3471469127791006e-07;3.079022063727934e-06;-0.09875890656094509;0.9951113899284312
52.826;-2.6660916206895626;-3.3290399023710324;-0.030685511231944795;1.7354214155262686e-07;3.683119699766216e-06;-0.09892872075170026;0.9950945222424031
52.919;-2.671392297324036;-3.355725972960176;-0.030685534629945922;3.0899192848185367e-07;3.097021878246723e-06;-0.09820559662159449;0.9951661473254151
53.01;-2.679270751219326;-3.3957710663668066;-0.030685538810716707;3.0222221857370385e-07;3.0981878018780843e-06;-0.09711126532146207;0.9952735313158761
53.103;-2.687075442317139;-3.4358318360587417;-0.030685553556415352;3.470676608436162e-07;3.0828292718308427e-06;-0.09670847490919238;0.9953127502805909
53.19;-2.6922817156846084;-3.462539289379685;-0.030685553817880906;3.319281008036564e-07;3.0782853317093825e-06;-0.09696299437737105;0.9952879873241655
53.28;-2.7001167838380966;-3.5025959991841837;-0.030685558538684394;3.327206771927438e-07;3.0780935665586377e-06;-0.09734277591141074;0.9952509150803508
53.372;-2.7053571713173334;-3.5292972803843496;-0.030685561731325556;3.335106180438745e-07;3.0780636649964484e-06;-0.09759597433219314;0.995226117917212
53.457;-2.713245792570557;-3.56934246595131;-0.030685595147610864;5.236215097699046e-07;2.4526577389392164e-06;-0.09818516132810641;0.9951681637234403
53.551;-2.7212339602014963;-3.6093607960822403;-0.03068557872640074;3.7419790013162173e-07;3.054994356870946e-06;-0.10004657950371583;0.9949827545842862
53.648;-2.7293342775190554;-3.6493600324932354;-0.030685576653284943;3.461664874951019e-07;3.0764999798807187e-06;-0.10071925935870105;0.9949148862011515
53.729;-2.7347555230343112;-3.6760240944008795;-0.030685579235481503;3.4355505800337623e-07;3.077701859121899e-06;-0.1009725118267251;0.994889215865672
53.82;-2.742913058423909;-3.716016050434292;-0.03068558402486207;3.4484632324587384e-07;3.0776168371692253e-06;-0.10135241497101548;0.9948505857514247
53.911;-2.7483746098166066;-3.742661287682551;-0.030685679327830735;9.775608563202433e-07;1.140568453447465e-06;-0.10223099775518696;0.9947606863440686
53.998;-2.7566816672567063;-3.782565859460839;-0.030685988165371124;-9.146961558963114e-06;-7.001445941557919e-06;-0.10274291857272622;0.9947079433434073
54.095;-2.765014745634427;-3.8225013646547716;-0.030685994936083105;-9.176532300912304e-06;-7.101096783011865e-06;-0.10175572460690314;0.994809415101752
54.19;-2.770520786565815;-3.849162279846821;-0.030685999121890996;-9.155269899333619e-06;-7.079242189819262e-06;-0.10063729428400014;0.9949231803839234
54.282;-2.778587819519493;-3.8892034721106845;-0.03068600877298828;-9.179366254541308e-06;-7.1998063050598534e-06;-0.0973826386713034;0.9952470153430838
54.282;-2.7863636825113955;-3.929339097408626;-0.030687361164703594;-1.099126104386099e-06;-3.96213714164226e-06;-0.09475073651020208;0.9955010285850375
54.367;-2.7914646148964817;-3.9560669355932214;-0.030687390222362967;-1.0461634694826552e-06;-3.985727802566858e-06;-0.09446935814463368;0.9955277697557013
54.457;-2.7990816060888952;-3.9961339052799065;-0.030687394621839163;-1.0484007322797332e-06;-3.986290599163504e-06;-0.09404179674672991;0.9955682500198854
54.543;-2.8041389774355583;-4.022841002390246;-0.030687397737358853;-1.0482990488682275e-06;-3.9866787669835625e-06;-0.09375670559473194;0.9955951386678374
54.637;-2.811695595854434;-4.062903105111425;-0.030687402483831852;-1.047129132652715e-06;-3.98718301565198e-06;-0.09332901840349839;0.9956353219461658
54.719;-2.8192174721940755;-4.102970014280749;-0.030687407256314442;-1.0455386294039888e-06;-3.987641761034191e-06;-0.0929012860861682;0.9956753241024615
54.815;-2.824223279288393;-4.12967899215745;-0.030687405656570806;-9.664675968696135e-07;-3.905110968170247e-06;-0.09330970588997295;0.9956371320770149
54.911;-2.83179857427442;-4.1697297455769515;-0.030687409506150717;-9.785559472176337e-07;-3.906706809874605e-06;-0.09436889278619391;0.9955372981752557
55.005;-2.839448236187792;-4.209768193250457;-0.030687418894239867;-1.0612923395447883e-06;-3.988484638499806e-06;-0.09473096567459921;0.9955029101541208
55.097;-2.8470825035448226;-4.249811948648916;-0.03068742481754639;-1.0515140157209986e-06;-3.986184076505636e-06;-0.09430200979164244;0.9955436358755259
55.186;-2.8521797213543523;-4.276471857290948;-0.03068741223300495;-8.010659424952613e-07;-3.734390691383537e-06;-0.09610341921254908;0.9953713542196551
55.273;-2.860083586628603;-4.316408024973825;-0.030687415249436516;-8.415537997723e-07;-3.7379954218043267e-06;-0.10017868662151937;0.9949694622108293
55.361;-2.865528299426698;-4.343007253188714;-0.03068604930227868;-9.117767946105069e-06;-7.042426263507792e-06;-0.10144972355866973;0.9948406673719868
55.454;-2.8738252811536893;-4.38285414313133;-0.03068729972073533;-2.468338136726112e-07;-3.5728625360631833e-06;-0.10440280214524007;0.9945350948515572
55.535;-2.879518472334972;-4.409365877201814;-0.03068742588266006;-8.918728644571605e-07;-3.736363812872908e-06;-0.10762868843724847;0.9941911614023342
55.628;-2.888345649695206;-4.449110152225331;-0.03068743128260175;-8.858534244045486e-07;-3.727673527035534e-06;-0.11169346575387495;0.993742707994986
55.722;-2.8974926378876638;-4.488795253847067;-0.030686066883708275;-9.208566164109737e-06;-6.92290212328238e-06;-0.11431846913090445;0.9934441541842411
55.807;-2.903690217238398;-4.515215563382605;-0.030687403965576926;-9.509324070097674e-07;-3.7050441093032263e-06;-0.11647109917060817;0.9931940812567093
55.901;-2.913223438574987;-4.554795999999434;-0.030687443698995467;-9.210366051753815e-07;-3.71925598147597e-06;-0.12053565388108482;0.9927089987145167
55.991;-2.92307556094111;-4.594311859810637;-0.030686079609134085;-9.270389792691452e-06;-6.8399609075091815e-06;-0.12315803241776649;0.9923870711160335
56.08;-2.929742908837131;-4.620635242081379;-0.030686089948701707;-9.160337687799273e-06;-6.258504894415119e-06;-0.12376839787641615;0.9923111324398333
56.17;-2.9397963715088777;-4.660148718107103;-0.030686093137257592;-9.292583516344883e-06;-6.814135975381667e-06;-0.12359608276215556;0.9923326096592141
56.258;-2.949863432903347;-4.6996115618407055;-0.03068747075334928;-9.157644862827203e-07;-3.716004691684139e-06;-0.12686512271967282;0.9919199769248903
56.349;-2.956728612720731;-4.725879936054576;-0.030686095398213844;-9.305241880350247e-06;-6.792936231630216e-06;-0.1281321597732925;0.9917571020663779
56.441;-2.9671447164690004;-4.765266424579502;-0.03068610474096801;-9.340671392525955e-06;-6.799351690913938e-06;-0.12867356187108675;0.991687004221558
56.532;-2.9741085937113323;-4.791545146907615;-0.030686108907106532;-9.327009920952783e-06;-6.767155855957656e-06;-0.1285698837430211;0.9917004511754135
56.621;-2.984547281121048;-4.830977522528586;-0.030686113587790734;-9.323774912382775e-06;-6.768907610500649e-06;-0.12841264221841403;0.9917208242170449
56.711;-2.9949744088867893;-4.87041672500543;-0.030686118291091403;-9.32226763677937e-06;-6.77047702011475e-06;-0.12825532915287097;0.9917411811612669
56.799;-3.0018670629480315;-4.896723076449948;-0.03068613067258339;-9.089854245416333e-06;-5.850878567604721e-06;-0.12757579931059837;0.9918288235947794
56.886;-3.0119231217601685;-4.936253269407007;-0.03068749026084059;-1.283290894399335e-06;-4.000493688218756e-06;-0.12325292076777393;0.9923752906559907
56.97;-3.0184931849019083;-4.9626354872352145;-0.030686121236329016;-9.050659037805656e-06;-5.874739683837395e-06;-0.12150366372561498;0.9925909830261536
57.06;-3.028189411439788;-5.002334548520881;-0.030686143852187354;-9.313140069997127e-06;-7.025591874594839e-06;-0.11683629018532801;0.9931511874632363
57.147;-3.0344538529908034;-5.028888447320052;-0.030686146887729124;-9.285169782761492e-06;-7.056379110825988e-06;-0.11372093224264598;0.9935127323964482
57.236;-3.043409291259117;-5.068784938375284;-0.030687598104093643;-1.1007049203947838e-06;-4.209358945578075e-06;-0.10786717619430278;0.9941653143622227
57.327;-3.0518541527137915;-5.10869313827899;-0.03068616977924992;-8.988451467665501e-06;-6.454099933742278e-06;-0.10111317715276923;0.9948749294678326
57.416;-3.0596647218794986;-5.1488441793884085;-0.03068617421285484;-9.150786980882061e-06;-7.451607653704108e-06;-0.09065265650116897;0.9958825712552749
57.508;-3.0644954209527224;-5.175769940322756;-0.030686172482885226;-9.067481194573672e-06;-7.361577149513026e-06;-0.08521805997338221;0.9963623247182527
57.597;-3.0711800596382255;-5.216209934994518;-0.030687616481391334;-9.615382260787906e-07;-4.239338836125003e-06;-0.07898188161344219;0.9968760516523124
57.691;-3.075397907561403;-5.243116848918882;-0.030687545930059727;-9.533346489223246e-07;-3.992922400361464e-06;-0.07782868057385317;0.9969667479225579
57.772;-3.08167471758661;-5.283429731158344;-0.03068754831216642;-9.783500303284714e-07;-4.003047780598081e-06;-0.07740372768572575;0.9969998309545357
57.861;-3.0858378585719364;-5.310294071213083;-0.030687551416355437;-9.790181719139613e-07;-4.003533744760066e-06;-0.07711771109913788;0.9970219950521871
57.954;-3.092052570444987;-5.350588026128531;-0.030687556163699142;-9.782886747066798e-07;-4.004069835557003e-06;-0.0766886208984063;0.997055091460703
58.044;-3.0982321347448636;-5.390884353657263;-0.03068756095786445;-9.76824095195323e-07;-4.004524604486558e-06;-0.0762594799604024;0.9970880059950469
58.137;-3.102332487690736;-5.417750982853726;-0.030687564162131788;-9.757138686927382e-07;-4.004811061549619e-06;-0.07597336337068228;0.9971098475299278
58.226;-3.108454060744698;-5.458055056483116;-0.03068756897310993;-9.73984736158832e-07;-4.005233993169759e-06;-0.07554415723976803;0.9971424573700304
58.317;-3.114540913269209;-5.49836427124163;-0.030687573787414178;-9.722210568863189e-07;-4.005651456096333e-06;-0.07511491469428076;0.9971748841469485
58.408;-3.1185795292614165;-5.525239965523208;-0.030687576996801847;-9.71043762759613e-07;-4.0059299022144225e-06;-0.07482873299415033;0.9971964002650128
58.499;-3.1246085232428005;-5.565557832406031;-0.030687581812691295;-9.692716015215148e-07;-4.006347941823015e-06;-0.07439943056102827;0.9972285218119288
58.585;-3.130591090507179;-5.605878505764639;-0.030687590952243125;-1.0392765466510841e-06;-4.089326648768902e-06;-0.07327853872207181;0.9973115138937056
58.676;-3.1345059841836336;-5.632767620384372;-0.030687595485726145;-1.0262694396434717e-06;-4.0877066621182116e-06;-0.07200945715367038;0.9974039492916957
58.771;-3.1402505854212848;-5.67312083641958;-0.030687550231385186;-7.328369900501063e-07;-4.000120992074942e-06;-0.07031488286180324;0.9975248454207007
58.863;-3.145862420686884;-5.71348831928102;-0.030686211049482423;-8.587740906633452e-06;-5.71309567983552e-06;-0.06906732048844956;0.9976120012981787
58.951;-3.1495499850203705;-5.740456041265512;-0.0306862315901102;-8.946062423697466e-06;-7.485766865868381e-06;-0.06590152993792135;0.9978261312552265
59.042;-3.1546353317371416;-5.781011447313957;-0.030686249228046136;-8.69175285820223e-06;-6.821422578715664e-06;-0.05917667908913911;0.9982475246800779
59.132;-3.1576689069460606;-5.808113800469422;-0.030686252141620175;-8.859919357349578e-06;-7.801992369448323e-06;-0.05219764796938971;0.9986367735103161
59.22;-3.1615674173575647;-5.84892961391553;-0.030686247127695503;-8.994887502404244e-06;-8.838670187203785e-06;-0.04224928965062143;0.9991071000473312
59.313;-3.164328609705519;-5.889603936385743;-0.03068629322536634;-7.966453345056539e-06;-1.047786281599343e-05;-0.0362502327887714;0.9993427442321828
59.396;-3.164539546093561;-5.9150642542040535;-0.030686249771532607;-8.351616161942291e-06;-8.309561186723547e-06;-0.03770786082600648;0.999288805647861
59.482;-3.164896700676869;-5.951750082890641;-0.030686383563988933;-8.027515361745832e-06;-7.1024786300867615e-06;-0.041994327629292616;0.9991178490709078
59.573;-3.1666969488613037;-5.975803334556726;-0.03068545443794678;-1.3780775164583638e-06;1.9320194852494755e-06;-0.04329065465596015;0.9990625201727
59.662;-3.1681199674350005;-6.0090146746327235;-0.030686091180710154;-8.589350555550437e-06;-4.809175638802267e-06;-0.052960668070081415;0.9985965990031539
59.751;-3.1709406555039457;-6.04093773022634;-0.03068625904054623;-8.512328782630528e-06;-7.6146227244439365e-06;-0.05592955598423617;0.9984347172634592
59.842;-3.1717672482232793;-6.062053655749329;-0.03068834302033155;4.142818198626943e-07;-2.6621115196650215e-06;-0.061564588116554034;0.9981031016296767
59.935;-3.17283343484151;-6.093103673513503;-0.03068626864282642;-8.152653598281626e-06;-7.311031892995302e-06;-0.06610168274609193;0.997812891988382
60.023;-3.173480772114912;-6.121563001836664;-0.030686270644651986;-8.756380389043617e-06;-5.991902211461067e-06;-0.0727455935463459;0.997350529406293
60.115;-3.174802438096811;-6.140257568764181;-0.03068628369147817;-8.994841135722894e-06;-7.264575513759417e-06;-0.07262214420044272;0.9973595259674664
60.208;-3.1767589950025514;-6.168214042320676;-0.03068628723138221;-9.010118946424123e-06;-7.271477994285455e-06;-0.07248772836347557;0.9973693042713149
60.294;-3.178057978979114;-6.186835465987366;-0.030686289505160048;-9.012038089543627e-06;-7.272270983948499e-06;-0.07239843680466562;0.9973757898676598
60.384;-3.1791450106180257;-6.213851468477531;-0.030686288490663516;-8.268103889925182e-06;-7.208047564551255e-06;-0.07593413687067158;0.9971128355092961
60.472;-3.1796192593975916;-6.238169641679685;-0.030686287116249947;-8.848806898882933e-06;-6.062052229809252e-06;-0.0816535771486137;0.9966607713880312
60.557;-3.1806917823579184;-6.253996359672754;-0.030686316214020026;-8.907715858443517e-06;-9.094627267542935e-06;-0.08261905754793383;0.9965812014922977
60.648;-3.1818595045936755;-6.2774782297043705;-0.03068630368911848;-9.088492618285919e-06;-6.7981595834233115e-06;-0.08659508368072452;0.9962435903701027
60.739;-3.183853712517433;-6.301065670419938;-0.030686305814175738;-9.136222804925458e-06;-7.139801596789466e-06;-0.08645570168379432;0.9962556958491708
60.832;-3.185179340124654;-6.316811401381538;-0.03068630763921821;-9.132417542913763e-06;-7.140448307020072e-06;-0.08636959262660111;0.9962631646985288
60.926;-3.188731982947676;-6.339976704282516;-0.03068628967782887;-8.542995027524565e-06;-8.159016455441035e-06;-0.08456270327227462;0.9964181597480712
61.017;-3.1901810529510577;-6.360885904175768;-0.030686312486523606;-8.958050331212957e-06;-7.143924215326991e-06;-0.08434761588714083;0.9964363901237616
61.11;-3.1909739661208647;-6.37406842330844;-0.030686316566140952;-9.077146768194265e-06;-7.152424224296171e-06;-0.08426302297070504;0.9964435472350085
61.2;-3.1921425673772963;-6.393573755154011;-0.030686319892599526;-9.125417108010738e-06;-7.154760799274645e-06;-0.08413902596910447;0.9964540251183226
61.291;-3.1933013063361373;-6.412997821967104;-0.030686322411898906;-9.134232038631918e-06;-7.156130489685575e-06;-0.08401586335533218;0.9964644171118274
61.379;-3.19407051205515;-6.42593724999451;-0.030686323991816776;-9.13521800749721e-06;-7.156924818821756e-06;-0.08393385790698624;0.9964713279177561
61.469;-3.195220110889497;-6.445343081994212;-0.030686326327112656;-9.134979615085191e-06;-7.1580769947590265e-06;-0.08381088525309775;0.9964816783957477
61.562;-3.197931417271411;-6.464291461743394;-0.030686307078589596;-8.31617891976791e-06;-6.911391523671431e-06;-0.0835672278118546;0.9965021416529497
61.654;-3.198435350481699;-6.475601672797947;-0.03068632770984049;-8.859002838492824e-06;-7.048554281417733e-06;-0.08337348901326068;0.9965183697261139
61.747;-3.198862089306434;-6.49126755267546;-0.030686335480226277;-9.10756019928433e-06;-7.149033067024141e-06;-0.08325777702749944;0.9965280439758748
61.84;-3.1992737423330646;-6.506536574822472;-0.030686338355567236;-9.15394456488571e-06;-7.153301236372225e-06;-0.08314386136496314;0.9965375548278949
61.934;-3.199544878466812;-6.516666774757742;-0.030686339738653277;-9.16107277318287e-06;-7.154524070659849e-06;-0.0830683258365032;0.9965438540814993
62.021;-3.199948229979537;-6.531844889039977;-0.03068634162553172;-9.16341605645274e-06;-7.155788391875846e-06;-0.08295516522653981;0.9965532802751011
62.116;-3.200347991944646;-6.547017855494254;-0.030686343454936357;-9.163223948433113e-06;-7.156874443257962e-06;-0.08284204737197441;0.9965626899759161
62.208;-3.2006125686776117;-6.557132567415075;-0.030686344667937654;-9.162782855772288e-06;-7.157581104339999e-06;-0.08276664045666399;0.9965689555130293
62.292;-3.2028102532455356;-6.571980961476257;-0.03068633152734356;-8.798743388127797e-06;-6.53298698212672e-06;-0.08081887824505792;0.9967288040380458
62.382;-3.205117329235752;-6.586672884291261;-0.030687481378129884;-1.0491398970611029e-06;-4.093119628081861e-06;-0.07571109156034189;0.9971297962636997
62.469;-3.2063942042347735;-6.595328362728442;-0.030687735699692454;-6.585176485601512e-07;-4.0208634684550066e-06;-0.07382192805141995;0.9972714389383515
62.559;-3.208030725353458;-6.6068045666272575;-0.030687715949705242;-9.01073114299735e-07;-4.02967478779717e-06;-0.07133607504980438;0.9974523368960738
62.65;-3.209033869879753;-6.6140641340890145;-0.030687713678086953;-9.476278966690602e-07;-4.033195036889842e-06;-0.06975569371420805;0.99756410479592
62.737;-3.2104679684052013;-6.624758852139967;-0.030687713179492683;-9.677977869592554e-07;-4.0366835149175865e-06;-0.0674238183432797;0.9977244252311261
62.833;-3.2118408207694107;-6.635375359154565;-0.030687713902610513;-9.670098784783848e-07;-4.039317773556076e-06;-0.06510800876854565;0.9978782226188444
62.924;-3.21272666689543;-6.642441068926058;-0.030687714605277784;-9.62669371310448e-07;-4.040893927229972e-06;-0.06356689746020026;0.997977579673025
63.012;-3.2127006933128093;-6.653101343747147;-0.0306863643692471;-9.082199938657553e-06;-7.536217724581059e-06;-0.06406377214637532;0.9979458066243359
63.105;-3.2120538083304266;-6.663878684047555;-0.03068636208500737;-9.08958937678137e-06;-7.289258573613286e-06;-0.0661105048285694;0.9978123075085604
63.193;-3.2116463016612595;-6.671092919520959;-0.0306863628268653;-9.095156608263733e-06;-7.275638253934077e-06;-0.06747494629508702;0.9977209687516938
63.278;-3.2128439307283294;-6.681700479682529;-0.03068633877732925;-8.833399686421509e-06;-7.079420741798616e-06;-0.06675328302783988;0.99776951200007
63.364;-3.213809496745272;-6.688795474541697;-0.03068633936479382;-8.875877248503124e-06;-7.341379658000396e-06;-0.06534958307895662;0.9978624313294541
63.45;-3.215025632690626;-6.699480403277635;-0.030686354940268862;-8.965193489453671e-06;-8.056406696395676e-06;-0.06364963418977142;0.9979723061900205
63.544;-3.2149555059245216;-6.710147929088349;-0.03068618663490013;-8.776855133085504e-06;-5.622131155308211e-06;-0.06466631705088127;0.9979069432218786
63.635;-3.2158708771118785;-6.717180205395943;-0.030686342560714765;-8.878224503992328e-06;-7.359909944168977e-06;-0.06330407711343161;0.9979942853983813
63.727;-3.2172368967553004;-6.727835614251137;-0.03068634395120866;-8.843170017436271e-06;-7.3791775894995575e-06;-0.06120291107862026;0.9981253446049994
63.819;-3.2185622541228533;-6.738529329532596;-0.030686345154152986;-8.823805458291036e-06;-7.398689612773348e-06;-0.05909433885090643;0.9982524024429764
63.913;-3.2194212360552616;-6.745665708653872;-0.03068634598267453;-8.812698713653792e-06;-7.411295592977999e-06;-0.05768760630777692;0.9983346833331436
64.002;-3.2206906370201014;-6.756199617827176;-0.030686333925197182;-8.282926192504586e-06;-8.199563590913371e-06;-0.05595430156617309;0.9984333307739691
64.094;-3.2216371675574087;-6.7641816254694875;-0.03068634139409563;-8.611259222570756e-06;-7.4446122020909915e-06;-0.05578840273394167;0.9984426142702542
64.186;-3.2221747767618507;-6.768702719221943;-0.030686343558974715;-8.735055963661621e-06;-7.434750885102308e-06;-0.05567906673827325;0.9984487174590282
64.279;-3.222946212099557;-6.775202980489547;-0.030686345005349835;-8.785166748695618e-06;-7.4316369993471634e-06;-0.05551987498585427;0.9984575821481585
64.37;-3.22329180486863;-6.7815510133891665;-0.030686418459895205;-8.869522339748128e-06;-7.8513634482703e-06;-0.055622115854376784;0.9984518917241683
64.463;-3.2225092846524364;-6.785709555690054;-0.030686379127167807;-9.041050622768119e-06;-7.493076284523229e-06;-0.057443667577854914;0.9983487491439642
64.555;-3.221360833514612;-6.792061697919515;-0.030686361646861695;-8.976584916622997e-06;-7.234897652827239e-06;-0.06128351656567292;0.9981203987818414
64.642;-3.221941055901186;-6.7983903887520265;-0.03068634731326284;-8.817999844101127e-06;-7.158306625395485e-06;-0.06273963146060745;0.9980299286670661
64.733;-3.2225070404721765;-6.8026345240327375;-0.030686348580411065;-8.8533328211237e-06;-7.366343709933195e-06;-0.0626296428870306;0.9980368368448123
64.827;-3.2233356857097344;-6.808841434949763;-0.03068634153740539;-8.206508937305159e-06;-7.424920928955288e-06;-0.06245542485206448;0.998047754260322
64.923;-3.223427854247902;-6.809389212028724;-0.030687825206852596;-6.193035239422214e-07;-3.573346694256477e-06;-0.06252821550068574;0.9980431965867748
65.016;-3.2234240108683014;-6.80932384907384;-0.03068778715769123;-4.571270007509042e-07;-3.1576289140537986e-06;-0.06286234927677276;0.9980222066834111
65.111;-3.223415960354693;-6.809280951965204;-0.03068778718565915;-4.579362608595297e-07;-3.1574602530556153e-06;-0.06308489862121569;0.9980081640727053
65.207;-3.2234010931907737;-6.809216964558541;-0.03068778716334969;-4.5889124981718677e-07;-3.1568024687720757e-06;-0.06341879914186489;0.997987001871882
65.299;-3.2233850188836923;-6.809153136455483;-0.030687787151806794;-4.599130271673405e-07;-3.156453506474337e-06;-0.06375272478265145;0.997965725900751
65.394;-3.223368556910147;-6.809089363695796;-0.030687787144425036;-4.609538932413462e-07;-3.1561969286576802e-06;-0.06408665003512411;0.9979443377649385
65.489;-3.223357495596487;-6.809046862867098;-0.030687787139623078;-4.6164955399896956e-07;-3.1560399878618385e-06;-0.06430926263767944;0.9979300169494976
65.583;-3.223340835982948;-6.808983125167992;-0.030687787132203912;-4.6269882738859083e-07;-3.1558127828068873e-06;-0.06464317323255821;0.9979084427662952
65.674;-3.2233241198892393;-6.808919400567384;-0.030687787126517804;-4.6374640153271287e-07;-3.1555941838228066e-06;-0.06497707306289117;0.997886757085195
65.766;-3.2233073567650674;-6.8088556878703965;-0.03068778711911597;-4.6479635735937326e-07;-3.1553695301993493e-06;-0.06531096180426983;0.9978649599309662
65.861;-3.2232961567079905;-6.808813219173171;-0.030687787115836022;-4.654929708862752e-07;-3.155224963791588e-06;-0.06553354807779944;0.997850366571142
65.956;-3.223279320385871;-6.808749525704523;-0.030687787108865466;-4.6654240727967163e-07;-3.155001494084739e-06;-0.06586741811136312;0.9978283836518037
66.046;-3.223262440872117;-6.808685843715676;-0.03068778710183142;-4.675906784506704e-07;-3.1547775963113167e-06;-0.06620127685800829;0.9978062892827436
66.14;-3.2232511639296404;-6.808643395439895;-0.03068778709852744;-4.6828859612592215e-07;-3.154630787778949e-06;-0.06642384306883639;0.9977914977898918
66.236;-3.2232342126506306;-6.808579732618069;-0.03068778709282522;-4.693369735712995e-07;-3.154412649785501e-06;-0.06675768293157153;0.9977692176848498
66.33;-3.2232172183522128;-6.808516081329163;-0.030687787086421014;-4.70383125589155e-07;-3.154186772123854e-06;-0.06709151142211686;0.9977468261462553
66.424;-3.2232001810474817;-6.808452441599917;-0.030687787080065185;-4.7143313752307295e-07;-3.1539665735566874e-06;-0.06742532851148057;0.99772432317998
66.519;-3.2231831007467022;-6.808388813457613;-0.03068778707322327;-4.7247945084282205e-07;-3.153738707358731e-06;-0.06775913416838733;0.9977017087920523
66.612;-3.223171689997404;-6.808346401146538;-0.030687787069976605;-4.7317659326804414e-07;-3.1535916915642563e-06;-0.06798166490756867;0.9976865706354004
66.705;-3.223154538057014;-6.808282792376043;-0.030687787063330082;-4.742261304791492e-07;-3.1533683441600055e-06;-0.06831545144509642;0.997663770557839
66.796;-3.223137343145003;-6.808219195265089;-0.030687787056491188;-4.752740908502349e-07;-3.153141104177425e-06;-0.0686492264702186;0.9976408590744831
66.891;-3.2231258560016287;-6.808176803682287;-0.030687787051881944;-4.759735012785369e-07;-3.1529911302094593e-06;-0.06887173674331225;0.9976255228630592
66.984;-3.2231085894901894;-6.808113226064482;-0.03068778704617637;-4.770224822450502e-07;-3.1527697652248885e-06;-0.06920549251520487;0.9976024257165579
67.077;-3.22309128003108;-6.80804966017906;-0.030687787039877092;-4.780689572488531e-07;-3.1525419439210353e-06;-0.06953923669416143;0.9975792171801827
67.171;-3.223073927633449;-6.807986106053452;-0.030687787033444196;-4.791185507020978e-07;-3.1523187834762124e-06;-0.06987296925085193;0.9975558972598492
67.267;-3.223062335518064;-6.80794374318285;-0.03068778702916609;-4.798149571123927e-07;-3.1521658184307183e-06;-0.07009545114970123;0.9975402887693076
67.361;-3.2230449115762667;-6.807880208717149;-0.03068778702305236;-4.808632252017425e-07;-3.151941944836309e-06;-0.07042916426812362;0.9975167832223817
67.453;-3.223027444720127;-6.807816686083847;-0.030687787016769538;-4.819105977030874e-07;-3.1517143765510507e-06;-0.07076286568301662;0.9974931663075
67.546;-3.2230099349587524;-6.807753175310136;-0.0306877870108134;-4.829586246259237e-07;-3.1514892589114e-06;-0.07109655536462059;0.9974694380306197
67.638;-3.2229982379527495;-6.807710841396535;-0.03068778700687779;-4.836555138306387e-07;-3.1513346416818607e-06;-0.0713190086183971;0.9974535573145871
67.733;-3.222980656702869;-6.8076473504495585;-0.030687787000113813;-4.847052381733936e-07;-3.151108099651768e-06;-0.07165267867673503;0.9974296434477393
67.831;-3.222963032572056;-6.8075838714348125;-0.030687786993761998;-4.85752490710606e-07;-3.150881707801578e-06;-0.07198633692081101;0.9974056182349083
67.927;-3.2229453655695397;-6.8075204043799795;-0.030687786987908132;-4.867982428485896e-07;-3.150651672858196e-06;-0.0723199833199173;0.9973814816821313
68.02;-3.2229335637547676;-6.807478099667707;-0.03068778698372556;-4.874976952376131e-07;-3.150499863824251e-06;-0.07254240765741433;0.9973653287943702
68.113;-3.222915825319765;-6.807414652606098;-0.030687786978143297;-4.885453811516128e-07;-3.150274501493759e-06;-0.07287603424833172;0.9973410066883208
68.205;-3.222898044037602;-6.8073512175771125;-0.030687786971438258;-4.895910352264373e-07;-3.1500426912907172e-06;-0.07320964891306471;0.9973165732583928
68.301;-3.2228802199174194;-6.807287794607369;-0.030687786965494297;-4.906387950831616e-07;-3.1498152997424523e-06;-0.07354325162210389;0.9972920285105491
68.394;-3.2228683133763716;-6.807245519341107;-0.030687786960696524;-4.913386091605179e-07;-3.1496603143233653e-06;-0.0737656467705456;0.99727560350505
68.488;-3.222850417880193;-6.807182116531588;-0.030687786955299445;-4.923843113217128e-07;-3.1494294599838907e-06;-0.07409922948481047;0.9972508732408292
68.582;-3.222832479570724;-6.8071187258543135;-0.03068778694937241;-4.934314685391768e-07;-3.1492026080268175e-06;-0.07443280016211441;0.9972260316747983
68.678;-3.2228144984573093;-6.8070553473367035;-0.030687786942989865;-4.944785566084031e-07;-3.148971665556327e-06;-0.07476635877132168;0.9972010788130534
68.772;-3.2228024872730074;-6.807013101760347;-0.030687786939310516;-4.951745938616691e-07;-3.148815577987592e-06;-0.07498872445779665;0.9971843817439343
68.866;-3.222784434840389;-6.806949743569328;-0.030687786933416596;-4.962212699829625e-07;-3.1485852848312466e-06;-0.0753222628861896;0.9971592434027495
68.96;-3.222766339628663;-6.806886397610513;-0.03068778692748904;-4.97268135633557e-07;-3.1483543411422584e-06;-0.07565578916532935;0.9971339937819851
69.055;-3.2227482016472258;-6.806823063911242;-0.03068778692103346;-4.983154195303321e-07;-3.148121777705418e-06;-0.0759893032645222;0.9971086328877179
69.151;-3.222736085903232;-6.806780848269095;-0.030687786916640973;-4.99017511244681e-07;-3.147969705764203e-06;-0.07621163921595996;0.9970916638092294
69.246;-3.222717876659758;-6.8067175350628215;-0.03068778691047408;-5.000609482278485e-07;-3.1477324179904476e-06;-0.07654513294707718;0.9970661174726358
69.34;-3.222699624671552;-6.806654234188558;-0.030687786904947195;-5.01108145755613e-07;-3.1475007031202482e-06;-0.07687861441722903;0.9970404598786998
69.435;-3.222681329948129;-6.806590945673885;-0.03068778689877484;-5.021542516511143e-07;-3.1472680625130804e-06;-0.07721208359520565;0.9970146910335523
69.53;-3.222662992498776;-6.806527669545551;-0.03068778689259758;-5.032024886137006e-07;-3.147036329129078e-06;-0.07754554045056003;0.996988810943269
69.624;-3.222650743800639;-6.806485492354948;-0.03068778688872175;-5.038991762457756e-07;-3.1468808336442326e-06;-0.0777678381595412;0.996971495749921
69.717;-3.222632335162601;-6.806422236931609;-0.03068778688278985;-5.049455865374275e-07;-3.146645531297738e-06;-0.07810127440837743;0.9969454302646815
69.811;-3.222613883823898;-6.806358993967267;-0.03068778687740896;-5.059919978267896e-07;-3.146413490610484e-06;-0.07843469825285111;0.9969192535505714
69.905;-3.2225953897941655;-6.806295763489684;-0.030687786870827183;-5.07038573217988e-07;-3.1461769796264504e-06;-0.07876810966156593;0.9968929656137554
69.905;-3.2225830367284187;-6.806253616788204;-0.030687786866515666;-5.077359555448129e-07;-3.1460192969804522e-06;-0.07899037701023444;0.9968753785351636
70.001;-3.2225644715680484;-6.806190407181636;-0.03068778686128119;-5.087819400559146e-07;-3.145784805749727e-06;-0.07932376762498262;0.9968489052407206
70.096;-3.2225458637419786;-6.8061272101342025;-0.03068778685511299;-5.098294688139954e-07;-3.145551011096101e-06;-0.0796571457222704;0.9968223207398732
70.19;-3.222527213259833;-6.80606402567296;-0.030687786849037987;-5.108748772582531e-07;-3.145313071906397e-06;-0.07999051127085534;0.9967956250387905
70.285;-3.2225147559118996;-6.806021909704343;-0.030687786845496418;-5.115733452520535e-07;-3.145157157999205e-06;-0.08021274798359132;0.9967777661298267
70.381;-3.222496034357551;-6.805958746280793;-0.030687786839339374;-5.126184391217899e-07;-3.1449179841406432e-06;-0.08054609254954552;0.9967508851086347
70.478;-3.2224772701726754;-6.805895595515828;-0.03068778683323383;-5.136653585650651e-07;-3.1446831516150752e-06;-0.08087942448520657;0.9967238929035407
70.573;-3.222458463366874;-6.80583245743686;-0.030687786827966787;-5.147100092239792e-07;-3.144446723514261e-06;-0.08121274375910986;0.9966967895207473
70.667;-3.2224396139498057;-6.805769332071147;-0.030687786822405215;-5.15756372856747e-07;-3.1442115682416495e-06;-0.08154605034058088;0.9966695749663974
70.762;-3.222427024003614;-6.805727255570349;-0.030687786818273506;-5.164536238206169e-07;-3.1440522318841357e-06;-0.08176824766135736;0.9966513701712547
70.857;-3.2224081035892667;-6.805664151453663;-0.03068778681199568;-5.175005557574103e-07;-3.1438123440462583e-06;-0.08210153301942506;0.9966239703447379
70.952;-3.2223891405894856;-6.805601060122805;-0.030687786805768603;-5.185468033509011e-07;-3.1435731801314824e-06;-0.0824348056024466;0.9965964593631347
71.046;-3.222370135013998;-6.805537981604742;-0.03068778680008616;-5.195924204852356e-07;-3.143335412450542e-06;-0.08276806537937749;0.9965688372326343
71.14;-3.222357440981968;-6.805495936391198;-0.030687786796381806;-5.202881167473038e-07;-3.143173349578137e-06;-0.08299023143385113;0.9965503607326656
71.236;-3.222338364468449;-6.80543287928844;-0.030687786790665438;-5.21334539058349e-07;-3.1429360490554894e-06;-0.083323469798374;0.9965225533677647
71.333;-3.2223192454052247;-6.805369835071221;-0.030687786784960865;-5.223799802096948e-07;-3.142696586582625e-06;-0.08365669527369236;0.9964946348705221
71.429;-3.222300083801946;-6.8053068037665145;-0.030687786779435726;-5.234255683103582e-07;-3.1424580883331673e-06;-0.08398990782910419;0.9964666052471151
71.524;-3.2222808796684914;-6.805243785401837;-0.0306877867732464;-5.244717434332438e-07;-3.1422169245195346e-06;-0.08432310743311895;0.9964384645037917
71.619;-3.2222680532897754;-6.805201780360765;-0.030687786768787757;-5.251709635021556e-07;-3.1420563854866933e-06;-0.08454523329203784;0.9964196422780146
71.714;-3.2222487782943836;-6.805138783622649;-0.030687786763204376;-5.262157040882667e-07;-3.1418144541119386e-06;-0.08487841124154889;0.9963913163486335
71.809;-3.2222294607950186;-6.805075799896721;-0.03068778675802346;-5.27259340003528e-07;-3.1415742490669916e-06;-0.08521157615690948;0.9963628793159187
71.904;-3.222210100801442;-6.805012829210352;-0.030687786752336098;-5.283050375922926e-07;-3.1413321056866877e-06;-0.08554472800672772;0.9963343311861276
71.997;-3.2221971705360266;-6.804970856010266;-0.030687786748426496;-5.290021710496906e-07;-3.1411730253086787e-06;-0.08576682196616574;0.9963152373820633
72.093;-3.222177739740713;-6.804907907116581;-0.030687786742541877;-5.30048201113706e-07;-3.140929018998513e-06;-0.08609995197074302;0.9962865041043613
72.188;-3.22215826647757;-6.804844971334838;-0.03068778673754779;-5.310922847290893e-07;-3.1406883617897183e-06;-0.08643306882688276;0.996257659746223
72.284;-3.2221387507565584;-6.804782048692099;-0.030687786731198877;-5.321367003851296e-07;-3.1404421933527537e-06;-0.08676617250257475;0.9962287043139784
72.378;-3.222119192587617;-6.804719139215517;-0.03068778672627741;-5.33181839726511e-07;-3.1402032042132954e-06;-0.08709926296755033;0.9961996378138092
