29.921;90.3
29.989;89.7
30.055;92.4
30.135;91.0
30.21;76.3
30.302;85.4
30.381;94.9
30.465;93.8
30.557;91.0
30.646;89.9
30.733;88.7
30.812;90.0
30.897;85.9
30.987;86.4
31.08;88.6
31.176;85.9
31.256;97.5
31.32;96.3
31.406;87.2
31.493;87.7
31.587;89.6
31.676;92.6
31.767;88.9
31.857;86.1
31.95;85.0
32.041;87.3
32.126;91.1
32.21;91.4
32.299;91.0
32.381;91.5
32.471;93.7
32.565;87.3
32.647;88.6
32.737;88.6
32.831;83.8
32.915;92.5
33.003;91.0
33.1;85.9
33.186;90.0
33.282;83.1
33.363;93.6
33.456;88.7
33.546;89.9
33.632;83.7
33.723;91.3
33.809;88.5
33.881;96.2
33.964;92.4
34.054;93.8
34.146;87.2
34.232;88.9
34.318;88.5
34.405;87.8
34.499;88.6
34.586;87.0
34.678;85.0
34.761;91.3
34.843;87.5
34.937;83.5
35.014;97.5
35.103;90.0
35.196;87.7
35.289;86.1
35.375;87.5
35.468;84.0
35.562;87.7
35.646;88.3
35.737;85.2
35.83;88.7
35.921;86.1
36.007;91.4
36.101;87.5
36.193;87.2
36.283;88.6
36.379;88.9
36.379;87.2
36.463;92.6
36.545;96.2
36.61;87.3
36.696;86.2
36.787;87.3
36.87;90.1
36.959;84.6
37.051;87.7
37.131;87.7
37.222;87.2
37.309;88.8
37.395;89.7
37.485;90.1
37.571;88.6
37.662;87.2
37.754;91.3
37.843;86.3
37.939;90.1
38.025;86.4
38.115;89.9
38.203;90.0
38.285;84.6
38.376;91.1
38.464;84.0
38.557;89.7
38.649;91.4
38.734;84.4
38.831;87.7
38.918;88.5
39.0;86.4
39.089;95.0
39.161;95.0
39.252;84.8
39.339;92.6
39.429;87.3
39.52;84.0
39.606;88.6
39.695;87.7
39.789;87.7
39.883;90.0
39.972;88.8
40.06;88.6
40.145;89.9
40.239;87.5
40.326;83.5
40.422;86.4
40.495;91.1
40.592;95.2
40.672;93.4
40.763;92.5
40.843;95.0
40.915;94.9
41.005;95.0
41.09;93.7
41.175;95.1
41.262;94.9
41.346;92.6
41.421;97.4
41.508;96.3
41.598;96.2
41.672;98.8
41.74;98.8
41.812;97.4
41.889;96.3
41.982;96.2
42.068;96.3
42.16;92.6
42.239;96.2
42.323;97.5
42.402;98.7
42.489;96.3
42.579;91.1
42.661;97.5
42.745;93.6
42.817;97.5
42.903;95.1
42.989;98.7
43.066;95.0
43.15;93.7
43.232;92.6
43.316;96.3
43.392;98.7
43.476;96.3
43.555;96.3
43.637;96.3
43.72;93.7
43.795;98.7
43.875;93.8
43.962;96.3
44.051;91.3
44.117;98.7
44.188;98.7
44.263;94.9
44.353;91.3
44.443;96.3
44.517;97.4
44.606;95.1
44.678;93.7
44.767;94.9
44.854;92.7
44.934;94.7
45.023;93.7
45.103;95.0
45.186;96.2
45.275;90.0
45.353;94.9
45.438;96.3
45.525;95.1
45.603;97.4
45.689;93.8
45.689;92.5
45.856;96.2
45.939;96.2
46.024;95.0
46.024;95.0
46.105;92.5
46.193;95.1
46.278;96.2
46.361;93.7
46.454;95.1
46.542;98.7
46.61;96.3
46.683;97.5
46.762;89.9
46.853;97.4
46.935;97.5
47.008;89.9
47.1;94.0
47.183;91.0
47.274;96.1
47.353;97.5
47.436;93.7
47.531;95.0
47.608;97.5
47.696;95.0
47.775;97.5
47.853;96.2
47.944;93.8
48.017;95.1
48.096;96.3
48.179;96.2
48.267;92.3
48.35;96.3
48.424;95.0
48.505;93.6
48.587;96.3
48.673;96.2
48.758;95.1
48.839;96.2
48.924;95.0
49.007;97.5
49.082;98.7
49.165;98.7
49.239;98.7
49.31;97.5
49.392;96.3
49.474;97.5
49.552;97.4
49.632;92.6
49.704;97.5
49.794;96.2
49.87;96.3
49.951;94.9
50.022;97.5
50.102;95.0
50.185;97.5
50.27;91.3
50.359;93.7
50.434;96.2
50.52;92.5
50.606;97.5
50.682;95.0
50.763;94.9
50.837;95.1
50.921;96.2
51.003;98.7
51.085;96.3
51.175;94.9
51.258;97.5
51.331;96.3
51.402;100.0
51.475;100.0
51.558;95.0
51.647;96.3
51.734;96.2
51.817;96.3
51.891;97.5
51.976;95.1
52.062;95.0
52.149;93.7
52.231;96.3
52.303;96.3
52.395;93.6
52.475;95.1
52.551;94.8
52.641;93.7
52.728;93.8
52.81;97.5
52.895;93.6
52.974;97.5
53.063;94.9
53.145;92.4
53.23;95.0
53.314;95.1
53.389;98.7
53.483;93.8
53.569;93.8
53.657;92.5
53.741;96.2
53.823;96.2
53.89;97.5
53.981;96.3
54.065;94.7
54.149;93.7
54.149;95.0
54.232;96.2
54.319;93.8
54.405;94.9
54.491;93.7
54.578;96.2
54.66;87.5
54.752;97.5
54.836;92.6
54.92;94.9
55.006;92.6
55.083;94.9
55.175;94.9
55.254;95.0
55.344;93.8
55.421;96.2
55.507;93.7
55.591;91.3
55.674;94.9
55.757;92.4
55.85;96.3
55.924;95.1
56.006;93.7
56.092;93.5
56.18;93.8
56.26;96.3
56.348;98.8
56.423;96.2
56.507;93.7
56.594;94.9
56.679;97.5
56.753;96.2
56.837;87.5
56.925;96.2
57.011;92.4
57.1;95.0
57.189;91.0
57.269;93.7
57.357;93.8
57.437;96.2
57.529;92.4
57.613;93.7
57.699;95.1
57.784;94.9
57.876;94.9
57.954;95.0
58.052;91.4
58.143;92.4
58.236;93.6
58.316;94.9
58.396;97.5
58.484;96.2
58.565;93.7
58.658;92.5
58.742;90.9
58.83;91.1
58.923;96.3
58.988;94.9
59.076;96.3
59.165;94.9
59.242;92.4
59.324;93.7
59.411;91.4
59.501;84.8
59.596;93.7
59.676;93.7
59.768;92.6
59.86;94.9
59.947;88.5
60.035;95.0
60.116;93.7
60.201;93.8
60.286;96.2
60.368;93.9
60.459;92.5
60.55;93.7
60.632;92.5
60.714;95.0
60.802;91.1
60.883;91.1
60.972;93.8
61.065;94.9
61.141;89.9
61.235;93.7
61.311;91.3
61.4;91.1
61.488;97.6
61.564;93.7
61.653;91.3
61.744;92.3
61.828;92.4
61.915;95.1
62.006;94.9
62.089;92.4
62.18;93.8
62.266;91.1
62.348;92.4
62.433;92.6
62.519;89.9
62.605;93.7
62.696;90.1
62.775;95.0
62.859;92.3
62.942;91.3
63.035;89.7
63.117;93.8
63.202;94.9
63.297;88.8
63.38;93.5
63.474;87.5
63.557;93.7
63.647;90.0
63.725;93.7
63.815;91.3
63.904;92.4
63.989;91.4
64.066;97.5
64.142;97.5
64.239;91.1
64.323;95.0
64.408;92.4
64.499;88.7
64.586;91.3
64.675;89.9
64.765;90.1
64.843;92.3
64.932;92.7
64.932;95.0
65.105;91.1
65.196;89.9
65.196;93.7
65.277;91.3
65.365;94.9
65.451;91.3
65.536;89.7
65.626;92.4
65.713;87.2
65.798;93.7
65.887;88.8
65.974;91.4
66.059;96.2
66.134;91.3
66.229;92.4
66.306;91.3
66.4;88.6
66.481;92.4
66.573;96.2
66.651;96.3
66.74;92.6
66.834;92.4
66.916;93.7
67.001;84.0
67.091;88.6
67.091;88.5
67.27;86.1
67.355;93.6
67.441;91.3
67.528;92.5
67.622;88.7
67.713;89.9
67.8;90.0
67.889;89.9
67.973;92.7
68.053;91.1
68.145;87.5
68.235;91.6
68.32;87.2
68.414;89.9
68.506;87.2
68.591;83.5
68.682;76.2
68.779;75.9
68.867;76.2
68.959;69.5
69.055;74.7
69.146;72.8
69.239;77.2
69.332;71.1
69.429;69.5
69.522;78.8
69.606;80.5
69.699;81.2
69.786;73.1
69.877;77.4
69.973;76.3
70.068;75.9
70.16;70.9
70.256;67.9
70.351;69.6
70.446;71.2
70.538;75.3
70.632;67.9
70.725;70.5
70.818;74.1
70.912;68.8
71.005;68.7
71.098;71.6
71.195;71.3
71.289;70.9
71.379;71.6
71.473;72.8
71.569;72.2
71.661;72.2
71.753;75.3
71.843;77.5
71.937;69.6
72.032;79.0
72.116;72.2
72.213;69.2
72.309;70.0
72.402;74.4
72.494;75.9
72.589;76.5
72.681;80.2
72.774;73.2
72.868;73.8
72.964;71.1
73.054;66.2
73.144;72.8
73.237;68.8
73.33;68.7
73.42;69.2
73.515;71.4
73.607;74.4
73.701;64.9
73.796;71.8
73.888;70.9
