25.977;0.00019055868621854449;0.0005636159746813816;-0.0013229463576682364;0.012952385933973274;-0.01662125788688083;-0.007936518997612439
26.073;0.000190933092435901;0.0005634857625070196;-0.0013229463368944756;0.012941265774417895;-0.016629878922447886;-0.007936451401096853
26.167;0.00019130743458403617;0.0005633553791572223;-0.0013229471220555069;0.012930126667211606;-0.016638506320143246;-0.00793638515274612
26.262;0.00019168170359433817;0.0005632249264383672;-0.0013229448070027495;0.01291899278766054;-0.01664711526257529;-0.007936318155456564
26.357;0.00019193109912676;0.0005631375490405377;-0.0013229467833302342;0.012911565434178459;-0.01665284608851384;-0.007936273114561297
26.451;0.00019230517780567335;0.0005630065000966356;-0.0013229458067569983;0.012900421912983314;-0.01666143633053479;-0.007936205811827517
26.546;0.00019267917531892758;0.0005628752697650276;-0.0013229457007308016;0.012889274857703989;-0.016670037897908056;-0.007936140155225997
26.641;0.00019305303294812895;0.0005627436480331639;-0.0013229465887513775;0.012878117643321281;-0.0166786125922047;-0.007936073025391245
26.736;0.00019330226284202762;0.0005626559131768242;-0.0013229458668511979;0.012870674094709229;-0.016684337847945666;-0.007936029477488084
26.829;0.00019367599188130065;0.0005625240125404779;-0.0013229452603035576;0.012859508912827918;-0.0166929074367299;-0.007935963217188535
26.922;0.00019404963230241503;0.0005623918725777078;-0.0013229452782683683;0.012848335475395966;-0.016701472921834545;-0.007935897386243953
27.014;0.0001942986544362339;0.0005623035879204335;-0.0013229444721660738;0.012840887255274202;-0.0167071688300904;-0.007935852720387196
27.099;0.00019467207763016896;0.0005621708233819423;-0.0013229461153305153;0.012829706957433998;-0.016715716151734672;-0.007935786562816986
27.195;0.00019504550220908554;0.0005620381947661152;-0.001322943567351059;0.01281851376274076;-0.016724261876092106;-0.00793572121689359
27.288;0.00019541875171618232;0.0005619050175385838;-0.0013229441070541142;0.012807319863119138;-0.016732790987734385;-0.007935655123835483
27.383;0.00019566755483239816;0.0005618162201250891;-0.0013229427114621163;0.012799861940525915;-0.016738474656024984;-0.007935611276276558
27.476;0.00019604066764315167;0.0005616826839041518;-0.0013229441166345973;0.012788660315117745;-0.016747006612956087;-0.007935546657391839
27.568;0.00019641365044325898;0.0005615488431765377;-0.001322944631197402;0.012777446574838114;-0.016755513777743855;-0.007935480781654097
27.659;0.00019678660201890669;0.0005614149862029441;-0.0013229428198793063;0.012766237498109253;-0.016764024224789485;-0.007935415955667916
27.755;0.000197035152114964;0.0005613255240478044;-0.0013229428109991124;0.012758758935395758;-0.016769686960517043;-0.007935372229843496
27.847;0.00019740790838739203;0.0005611911256767501;-0.0013229428983730753;0.012747535942157339;-0.01677818900975198;-0.007935307924354339
27.942;0.00019778056614189882;0.0005610564522079847;-0.0013229433041704864;0.012736308682637114;-0.016786685216227757;-0.007935243884324107
28.032;0.00019802894698497218;0.0005609665738903202;-0.001322942180497575;0.012728819241376896;-0.016792327897335858;-0.007935199884199395
28.124;0.00019840142675615075;0.0005608314702467919;-0.0013229430361436762;0.012717589052337368;-0.016800802847532516;-0.007935135285128424
28.22;0.00019877382462704575;0.0005606961617434894;-0.001322942394086019;0.01270632978900327;-0.016809273796736163;-0.007935071292620461
28.305;0.0001990220272859092;0.0005606058195985601;-0.0013229424386103545;0.012698847415609841;-0.016814911307270614;-0.007935028060841951
28.398;0.00019939427883719488;0.0005604702138429196;-0.001322940453024701;0.012687592024084118;-0.01682336197978074;-0.007934963607523354
28.492;0.00019976636706679602;0.0005603341302070942;-0.0013229413547891807;0.012676338484258313;-0.016831802274488907;-0.00793489890203732
28.585;0.00020013840025550432;0.0005601978923302602;-0.0013229426208290125;0.012665075898005492;-0.016840251258242754;-0.007934835701840772
28.676;0.000200386329855353;0.000560106849169886;-0.0013229428564415946;0.012657562448727386;-0.016845859290716452;-0.007934791969486734
28.767;0.0002007582485638423;0.000559970416612576;-0.0013229412761586407;0.012646287010488165;-0.016854300696490552;-0.00793472949533727
28.863;0.00020113000314690466;0.0005598335214533268;-0.0013229412206414947;0.01263501122837658;-0.016862713450701745;-0.007934665326912107
28.953;0.00020137776620789377;0.0005597420510050084;-0.0013229412326047686;0.012627482798074605;-0.016868316487838653;-0.007934622549531225
29.043;0.00020174938021554376;0.0005596048499491018;-0.0013229409526038572;0.012616198157637523;-0.01687672759083805;-0.007934559491917313
29.139;0.00020212087207151626;0.0005594672909419586;-0.0013229410230900314;0.012604908467416142;-0.01688512438187698;-0.00793449599575185
29.232;0.00020236849486498566;0.0005593755535094993;-0.0013229394804377642;0.012597369760789344;-0.016890713219147896;-0.007934453432633014
29.322;0.00020273981956256987;0.0005592375892552316;-0.0013229402631755446;0.012586068225141953;-0.016899107387985342;-0.007934390953537821
29.416;0.00020311105988271927;0.0005590994154728131;-0.0013229400703017162;0.012574763343824378;-0.016907489219059203;-0.007934328234183411
29.416;0.00020348216246055722;0.0005589609022487208;-0.0013229399818187747;0.01256344313500037;-0.01691585538765318;-0.007934265006499162
29.602;0.00020372955317418377;0.0005588685687093196;-0.0013229391445082049;0.012555901433291428;-0.016921433771356686;-0.007934223339071466
29.69;0.000204100515325625;0.0005587297721539581;-0.0013229387590045875;0.0125445826184964;-0.016929785578346828;-0.007934160120551436
29.788;0.00020447140100264785;0.0005585907417536757;-0.001322938490539856;0.012533259124795073;-0.016938145875231243;-0.0079340983555838
29.88;0.00020471854247355924;0.0005584977321704838;-0.0013229399569100444;0.012525701437055602;-0.016943697745115307;-0.007934055791656526
29.97;0.00020508928517296964;0.0005583584271283792;-0.0013229375187325157;0.01251436488780533;-0.0169520445328227;-0.007933994234867375
30.061;0.00020545982946216818;0.000558218520975106;-0.0013229379700268932;0.012503012342618901;-0.016960367035887478;-0.007933931396769693
30.154;0.00020570683269406789;0.0005581252397647324;-0.0013229386077401413;0.012495458815390603;-0.016965913590705976;-0.007933889650575789
30.245;0.00020607728287659895;0.000557985182222265;-0.001322936819600151;0.01248410851586311;-0.01697423049600702;-0.007933827601477025
30.338;0.00020644762302030262;0.0005578448562262037;-0.0013229373002050751;0.01247275207565127;-0.016982552067541217;-0.007933766620350138
30.434;0.00020681781194920767;0.0005577041551742847;-0.0013229371372201005;0.01246138642171738;-0.016990834566850806;-0.007933703194289559
30.528;0.0002070645800709791;0.0005576102980434439;-0.0013229362805011304;0.012453795058447913;-0.016996366216726348;-0.007933662256111853
30.621;0.00020743460645065097;0.000557469176179658;-0.0013229367169222527;0.012442431121261421;-0.017004652298739317;-0.007933600275891005
30.714;0.000207804551549284;0.000557327870033146;-0.0013229378294348118;0.012431053862909295;-0.017012941153794012;-0.007933539311193562
30.807;0.0002081744345347336;0.0005571864540403264;-0.0013229364323107328;0.012419669246165168;-0.01702122017535088;-0.007933478376905539
30.901;0.0002084209223424256;0.000557091906174698;-0.0013229364478436819;0.01241207704782451;-0.017026726375277773;-0.00793343703554995
30.993;0.0002087905965306939;0.0005569499638732054;-0.0013229365948731811;0.012400690262210563;-0.017034991433893587;-0.007933376078628554
31.083;0.00020916015586355355;0.0005568077260431436;-0.0013229367021935128;0.012389291428239479;-0.017043237853088575;-0.007933314387816094
31.179;0.00020940650613661635;0.000556712906550368;-0.0013229357342508614;0.012381688959685085;-0.017048740628704526;-0.00793327412391241
31.277;0.00020977590523696199;0.0005565702851651142;-0.001322935821074797;0.012370283544570702;-0.017056983072905305;-0.007933213327009282
31.369;0.00021014515306669678;0.0005564273025904234;-0.0013229362431552323;0.012358873395473195;-0.01706519951173367;-0.007933151095398973
31.458;0.0002105143765439599;0.0005562843334374996;-0.001322935647037892;0.01234745596081853;-0.017073433275316865;-0.007933091087722314
31.553;0.00021076046370455093;0.0005561888238171791;-0.001322934554561749;0.012339845320621183;-0.01707891411889278;-0.007933050807639055
31.65;0.00021112947810412574;0.0005560453282740948;-0.0013229347390012333;0.012328414154043767;-0.01708712729076378;-0.007932990343638265
31.738;0.00021149841533736385;0.0005559016291233176;-0.0013229339134455018;0.012316984821544603;-0.01709533497186485;-0.007932930163101407
31.829;0.00021174428968139789;0.0005558056593640958;-0.0013229340918656757;0.012309364273420248;-0.01710079680887051;-0.00793288957763005
31.927;0.00021211304219579159;0.0005556615348601645;-0.0013229332900041029;0.012297918108776241;-0.01710898512017516;-0.007932829090461772
32.021;0.0002124816626795301;0.0005555170670190096;-0.0013229352873697646;0.012286477449594126;-0.01711717413854099;-0.007932769232604575
32.106;0.0002127273740955502;0.0005554207265675211;-0.0013229338152922717;0.012278845658428295;-0.017122617760649782;-0.007932728531572869
32.199;0.00021309584920189094;0.0005552759583882537;-0.001322932858323669;0.012267387613823972;-0.017130790662914293;-0.007932668723836708
32.289;0.0002134642179562031;0.0005551309116368073;-0.0013229331634307155;0.012255921934374919;-0.017138960598463437;-0.007932609405130308
32.378;0.00021370971558348344;0.0005550340412056941;-0.001322934182247831;0.012248282570054631;-0.017144392417618986;-0.007932568959818637
32.471;0.00021407797688609455;0.0005548887981855408;-0.0013229323661773616;0.0122368114065269;-0.01715256483665626;-0.007932511115126701
32.565;0.00021444601141890814;0.0005547429932353556;-0.001322932399767705;0.012225340110848295;-0.017160684164364937;-0.007932449517666225
32.652;0.00021469136968163592;0.0005546458074859695;-0.001322930662741969;0.012217683076626847;-0.017166112261550535;-0.007932410230026356
32.745;0.0002150592514635524;0.0005544996143685906;-0.0013229317807863495;0.012206204192046682;-0.017174242456359446;-0.007932350721967883
32.836;0.0002154270388913049;0.000554353223913655;-0.0013229327773632876;0.012194708855706952;-0.017182365130989072;-0.00793229142767892
32.929;0.0002156722384445151;0.0005542557145073044;-0.0013229313460212467;0.012187048737555273;-0.01718778298647128;-0.007932252556391543
33.024;0.00021603983652523443;0.0005541088972743209;-0.001322930901819034;0.01217555168722284;-0.017195881154141245;-0.007932192443358913
33.117;0.00021640736352571114;0.000553961921393674;-0.0013229302388372177;0.012164046837015193;-0.017203981140102926;-0.007932133260186101
33.21;0.00021677475739442174;0.0005538145652764536;-0.001322931504897756;0.012152544316804056;-0.017212077234318234;-0.007932074381103384
33.304;0.0002170196932597028;0.0005537164476085432;-0.0013229294521660633;0.012144852092387665;-0.01721748168257926;-0.007932036371516167
33.397;0.00021738689056132094;0.0005535686807930956;-0.0013229309506515143;0.012133345760587217;-0.017225552300020878;-0.007931976555720944
33.489;0.00021775406418840342;0.0005534209305896756;-0.001322928677310422;0.012121819826991382;-0.017233627278577832;-0.007931918076521386
33.583;0.00021812108847041572;0.0005532727777314961;-0.0013229291895169538;0.012110300485181536;-0.01724169633833128;-0.007931859656593564
33.675;0.0002183657278913585;0.0005531739395622395;-0.001322928938100181;0.012102606097711906;-0.017247067206467157;-0.007931820551661018
33.768;0.00021873253270705037;0.0005530252699859893;-0.001322929654563217;0.01209106496695987;-0.01725511122144979;-0.007931761390482439
33.865;0.00021909930247899107;0.0005528765696887013;-0.001322929237046648;0.01207952539158015;-0.017263162579965016;-0.00793170356013939
33.957;0.00021934372189656408;0.0005527772021336058;-0.0013229297729571844;0.012071828984179434;-0.017268523750254894;-0.00793166485184283
34.047;0.00021971029977918224;0.0005526280967424159;-0.0013229282866144523;0.012060283934294825;-0.01727654236030262;-0.007931605546837141
34.141;0.00022007677537823307;0.0005524786959787665;-0.0013229283059764227;0.012048722419746073;-0.017284576766630894;-0.00793154833542301
34.236;0.0002204430693262311;0.0005523288332780992;-0.0013229302055446496;0.012037155051782027;-0.017292590451571454;-0.007931490088783804
34.332;0.00022068726523167756;0.0005522289838089822;-0.0013229297031819372;0.012029455637885374;-0.01729793430276053;-0.007931451700363603
34.426;0.0002210534697718502;0.0005520790207668147;-0.0013229282227305225;0.012017882316618055;-0.01730593831716899;-0.007931393965745794
34.52;0.00022141955837386384;0.0005519287841314175;-0.0013229263903918838;0.012006306244685428;-0.01731393399969344;-0.007931336257761268
34.52;0.00022166353850768374;0.000551828432755051;-0.0013229260477638114;0.011998586581201686;-0.01731925539543849;-0.007931297417219305
34.613;0.00022202940844414499;0.0005516776795909242;-0.0013229254416687983;0.011987002956101677;-0.01732722753028;-0.00793123894483646
34.705;0.0002223952001910868;0.0005515267673420844;-0.001322924757374068;0.011975416575132453;-0.01733520387059324;-0.007931181528348138
34.8;0.00022276087688278363;0.0005513755840973025;-0.0013229255975259898;0.0119638106455508;-0.01734318152114368;-0.007931125044093663
34.891;0.00022300457431481089;0.0005512745774505086;-0.0013229260204334213;0.01195608249971772;-0.017348481070430914;-0.007931086131807532
34.981;0.00022337004768940884;0.0005511229298775806;-0.0013229261933579903;0.011944476659723112;-0.017356432928410093;-0.007931028673540091
35.075;0.00022373545660360085;0.000550971169211294;-0.0013229254318498206;0.011932875554696071;-0.0173643842820085;-0.007930971844830664
35.164;0.0002239789921758581;0.0005508697741125555;-0.001322926125407566;0.011925122389167443;-0.017369689456896462;-0.007930934848607839
35.259;0.00022434416238357376;0.0005507174829445423;-0.0013229247810910873;0.011913511113265218;-0.01737760200328179;-0.007930876055553603
35.35;0.0002247092790400421;0.0005505650506217885;-0.001322923744979998;0.011901877973279063;-0.017385529331683407;-0.007930819391141975
35.443;0.00022495259986998506;0.000550463207301317;-0.0013229250327390528;0.011894143681312737;-0.017390815860747824;-0.007930781848355292
35.536;0.00022531751206532767;0.0005503103184558804;-0.0013229238118265864;0.011882501059609685;-0.017398723068184078;-0.00793072474307437
35.631;0.00022568229947661449;0.0005501571275559378;-0.0013229247857781635;0.011870867179848872;-0.01740663351294214;-0.00793066843371873
35.725;0.00022604702418590846;0.0005500038485695658;-0.001322923721545216;0.011859225091092027;-0.01741453883339693;-0.007930612522114754
35.818;0.00022629007230549008;0.0005499014092458301;-0.001322923945711929;0.011851462553144903;-0.017419791489399632;-0.007930574161751776
35.91;0.00022665456938889342;0.0005497475710324244;-0.0013229235101927155;0.01183980755346947;-0.01742767184233877;-0.007930517438764398
36.003;0.00022701896847985014;0.0005495935564135292;-0.0013229238477510826;0.011828158190859146;-0.01743555058876947;-0.0079304611706742
36.098;0.0002273832456328178;0.0005494392572448789;-0.0013229244976877695;0.011816494032590098;-0.017443416835229018;-0.007930404693823835
36.189;0.00022762606740026428;0.0005493363558307666;-0.0013229233748048735;0.011808714980391006;-0.017448659772256108;-0.00793036739163477
36.282;0.00022799015054899828;0.0005491816712365665;-0.0013229223467606263;0.01179704759858779;-0.017456497571317054;-0.007930309768272012
36.377;0.00022835417405264713;0.0005490268055907462;-0.0013229218174224634;0.011785369902348202;-0.017464356709470455;-0.007930254688750431
36.471;0.00022871803651994707;0.0005488715782410887;-0.0013229218804999023;0.011773686283526236;-0.017472189854725338;-0.007930198178624196
36.561;0.00022896059480137702;0.0005487681159452931;-0.0013229208616973602;0.011765904231532627;-0.017477415553313887;-0.007930161128656852
36.656;0.0002293242676195898;0.0005486124796941375;-0.00132292194880956;0.01175421362042664;-0.0174852405220201;-0.007930105104238484
36.75;0.00022968787304857317;0.0005484567073558153;-0.0013229206423469079;0.011742517249215349;-0.017493061455354134;-0.007930049559067816
36.846;0.00023005132324655512;0.0005483005999442916;-0.001322921734307994;0.011730822385908796;-0.01750087077531018;-0.007929993630391884
36.939;0.00023029360201526846;0.0005481965122300575;-0.0013229203229494137;0.011723016323249997;-0.01750606844592758;-0.007929956189075693
37.033;0.00023065689079632275;0.0005480400705120662;-0.0013229202088003381;0.011711307127579604;-0.01751386971982262;-0.007929900901676327
37.127;0.0002310200700413748;0.0005478833662556294;-0.0013229209055176587;0.01169960127662676;-0.01752166512699187;-0.007929845755593686
37.218;0.00023126216263838815;0.0005477788885276556;-0.0013229194514027987;0.011691786478803853;-0.017526849416685458;-0.007929808500570519
37.311;0.00023162513996897478;0.0005476217107265205;-0.0013229207085246825;0.011680062662780578;-0.017534633919672776;-0.007929753753060046
37.404;0.00023198799583346762;0.0005474643503689316;-0.0013229198666733829;0.011668344644949317;-0.01754238471563515;-0.007929696881695468
37.497;0.00023235076108135428;0.0005473067368152413;-0.001322920509114;0.011656610403012647;-0.017550152087740068;-0.007929642187633479
37.589;0.00023259257785203673;0.0005472016956396218;-0.001322918650930403;0.011648779309451397;-0.0175553182581118;-0.007929605251688432
37.68;0.00023295515243545702;0.0005470436449379009;-0.0013229190514431172;0.011637046881453046;-0.017563072882611767;-0.007929550613486623
37.776;0.00023331764381020909;0.0005468855118393371;-0.0013229173381016503;0.011625297706052496;-0.017570808934430342;-0.007929495348033581
37.87;0.00023355922343506647;0.0005467798655364369;-0.0013229185886127182;0.011617465885540027;-0.017575970919631652;-0.007929459183980976
37.961;0.00023392150646938276;0.0005466212610130646;-0.0013229179379354702;0.011605708658410598;-0.017583698328555494;-0.007929404368245654
38.053;0.00023428370045257122;0.0005464625000901233;-0.0013229164940508273;0.011593952300560942;-0.017591409192533294;-0.007929348888136487
38.145;0.00023464570956444305;0.0005463032663191095;-0.0013229172525862662;0.011582185915603746;-0.017599108178477808;-0.007929293138293539
38.235;0.0002348870552107472;0.0005461971458018201;-0.001322917448308421;0.011574340472503167;-0.017604262119289067;-0.007929258119311536
38.327;0.0002352489461264398;0.0005460377621695102;-0.0013229154469469463;0.01156256955028956;-0.0176119527046177;-0.007929202902799462
38.421;0.00023561065888458405;0.0005458778863851967;-0.0013229166154072095;0.011550799964123124;-0.017619640893868384;-0.007929148055393957
38.515;0.0002358518117798629;0.0005457713559421078;-0.0013229160090344467;0.011542943994453533;-0.01762477548592359;-0.007929112777596184
38.605;0.000236213389879187;0.0005456112782598429;-0.0013229146884893676;0.011531157637036764;-0.017632445962630083;-0.007929057838705036
38.699;0.00023657478973438634;0.0005454507440736285;-0.0013229160190045709;0.011519376857466564;-0.017640103418980032;-0.007929002359454691
38.794;0.00023681571153236702;0.0005453437481532132;-0.0013229149240881095;0.0115115147402784;-0.017645212596581986;-0.007928966229256077
38.886;0.00023717692635374696;0.0005451828601232465;-0.0013229159185646157;0.011499703311642634;-0.017652855564625272;-0.007928911016205345
38.976;0.00023753811348780203;0.0005450219361402371;-0.0013229152303524123;0.011487900222682921;-0.017660513448845904;-0.007928857651217489
39.069;0.00023789919390785247;0.0005448608046009958;-0.001322914013086625;0.011476094164261857;-0.01766815894727915;-0.007928803979996906
39.163;0.0002381398174940122;0.0005447531527493826;-0.001322913424833371;0.011468219575411425;-0.01767324944547;-0.007928768058305814
39.257;0.00023850062326032497;0.0005445914208072227;-0.0013229142328350652;0.011456394461067342;-0.01768086059549811;-0.007928712820427128
39.349;0.00023886139034229114;0.0005444295897336689;-0.0013229135968998327;0.011444583221502002;-0.017688494605493706;-0.007928660003781058
39.442;0.00023910178864623035;0.0005443214946818395;-0.0013229136977826567;0.01143668585312497;-0.0176935610645536;-0.00792862352207874
39.535;0.00023946236538364954;0.0005441592546349939;-0.0013229128601494073;0.011424862301970389;-0.017701177403669627;-0.007928570509089733
39.627;0.00023982272947554125;0.0005439965941545109;-0.0013229132690161561;0.011413027375035353;-0.01770875845264897;-0.007928515320882257
39.719;0.00024018306606061847;0.000543833879966125;-0.0013229133696692646;0.01140119304367494;-0.01771635519480502;-0.007928462111826021
39.815;0.00024042316598155508;0.000543725139106988;-0.0013229133676615527;0.01139328791796889;-0.017721398891634887;-0.007928425460533923
39.912;0.00024078331202847248;0.0005435620436166808;-0.001322911438113709;0.011381437201559676;-0.017728975334411316;-0.007928371920420825
40.005;0.0002411433384957204;0.0005433986589901696;-0.0013229124884164762;0.011369580669026165;-0.017736561944883926;-0.007928319866544034
40.098;0.00024150321892005462;0.0005432350026463936;-0.0013229119537713344;0.011357728886344367;-0.017744114180462414;-0.007928265622603892
40.19;0.00024174306243835976;0.0005431257517268754;-0.001322911613573465;0.01134981952530676;-0.01774914658213125;-0.007928229703116766
40.283;0.00024210277890703052;0.0005429617458634108;-0.0013229111314826993;0.011337955851138712;-0.017756698943863586;-0.007928176708281467
40.378;0.00024246234994502953;0.0005427974661000308;-0.0013229107582697055;0.011326080947301415;-0.017764233388009552;-0.007928123012406916
40.462;-0.025411219266325752;-0.014309369327699054;-0.0011642157322822116;0.01265411133406729;-0.01787342631076396;0.004670544436507992
40.544;-0.06732050819650622;-0.03791958558284558;-0.001178951531670219;0.012982461339170316;-0.017563651766858437;0.05582503493195127
40.636;-0.0976588588021906;-0.05569414897420176;-0.0011395821735408172;0.013016228309521302;-0.017628092650787797;0.08840885230266446
40.724;-0.13876258245223408;-0.0826163534052769;-0.001066537711306614;0.010814841101748428;-0.019452900642108882;0.07355278195575565
40.81;-0.16724923551575788;-0.1008596811996726;-0.001095857050356348;0.012291504182043212;-0.01831623140470099;-0.01549469595088511
40.899;-0.2106793412492935;-0.1270557375787018;-0.0011327485307899027;0.011426618520808167;-0.018822213253205773;-0.047972660983358055
40.973;-0.24182906215722383;-0.1450953549042523;-0.0011152652806171203;0.01109373374013882;-0.019096282629602168;-0.09475391795570481
41.063;-0.28875523641871237;-0.1453756627675912;-0.00110847320726307;0.010889047231272608;-0.016320815001990174;-0.13580000562392502
41.148;-0.31742112190053573;-0.1373079849253447;-0.0018098195482610189;-0.017247949509124786;-0.0044990602338361805;-0.1286355368155327
41.234;-0.3493859589723253;-0.12622342246744725;-0.00046413515446053444;-0.0084155949996465;0.01798037745501943;-0.05270796933957623
41.311;-0.36116718929093494;-0.12961891455621227;0.0016056442826139373;-0.012228607768665673;0.020209892700578297;-0.0663053906095724
41.401;-0.3616997130109397;-0.11702111488613585;-0.0025343338293076956;-0.011909581741546795;-0.00882275387306085;-0.12297354384963426
41.482;-0.36908638742794503;-0.0887141023384033;0.003739156051617733;-0.014449081912366378;0.01702797711611774;-0.10855616115143861
41.571;-0.3721561404656626;-0.03277937489582766;-0.001604433321441048;-0.0174859286982297;-0.0005996705383113871;0.10085155542069765
41.641;-0.37928938435304665;-0.03758971817971466;-0.001999611662553058;-0.01598852130546988;-0.005069271315719456;0.14382767657146278
41.726;-0.38252766020735857;-0.041249506005134856;-0.0020057550717241636;-0.01609122881228588;-0.005415788253388196;0.10320831863506759
41.821;-0.3843006345388027;-0.04453468596360173;-0.001994756466173515;-0.0160915186955204;-0.0057496315726632465;0.04509549206250424
41.908;-0.37504638235726956;-0.06687672983495224;-0.002080519347216958;-0.014899058358032733;-0.0064384947284570095;-0.09692257579090546
41.991;-0.341768953702776;-0.11294752152361202;-0.0019979080863339617;-0.01587195339998784;-0.004144876813540587;-0.15781703191561278
42.077;-0.2955172931898932;-0.15602519832370879;-0.001925809290863248;-0.01564359502680028;-0.0034104484744011832;0.07572279004555461
42.17;-0.16388709225618842;-0.23550095848402536;9.388237492661313e-05;0.006159949650363311;-0.014939589248662451;0.19565257606904174
42.248;-0.08992920499648598;-0.26135390717231727;9.892191942862793e-05;0.006427656947995901;-0.019759755153896316;0.2277440981690965
42.331;-0.10938915753315238;-0.19890828452068995;-0.00043096988368709465;-0.0032641474756506055;-0.008320372899637097;-0.022759080884184685
42.417;-0.11239820432260086;-0.14438478449076733;-0.00027664238909239184;-0.00246177853523598;-0.0074877385165189655;-0.02170598734223913
42.51;-0.13223867704579656;-0.11253589155525097;-0.0006433795083759552;-0.0022695271469786674;-0.010383464507139197;-0.05390977581700987
42.588;-0.12122985792918937;-0.12751113674377784;0.00021071298259164658;-0.0024952854676742195;0.021149852148246946;0.043775240027781215
42.675;-0.033173347478022946;-0.173431874960146;-6.066537741806249e-05;-0.003559812845268051;0.018862607512811883;0.062276055911179164
42.765;-0.017085545345669105;-0.1925525791630655;-1.4099118245433629e-05;-0.004434928597791103;0.020282552661749144;-0.06177100346457917
42.841;0.015197125164409004;-0.23327080163614092;-0.0002186917652576749;-0.0053787186601113885;0.02016417097864456;0.14207378613060037
42.936;0.02167455661870764;-0.2576200182399943;0.0013840636296085218;-0.01151489703083381;0.020828318026165332;-0.0552436289560179
43.023;0.0240408470587619;-0.2983844214351556;0.00030386736723362045;-0.0035771340868082633;0.020656495922746494;-0.08065817231996378
43.105;0.01184753465848452;-0.3270799999295336;0.0005364749590213895;-0.007586645981150814;0.014569083063185176;-0.07215869396442584
43.199;0.01255649750261513;-0.35563581600737876;0.001087081684430253;-0.013448547552670435;0.024717853092500453;-0.12255652062333088
43.288;0.020726829076008667;-0.36368652526633616;-2.422588710932188e-06;-0.004304786723630496;0.020377060211418767;-0.2970767605129624
43.379;-0.0020065125976931482;-0.36941458526838444;3.1315707032121835e-05;-0.0036600168614543435;0.02009391925743192;-0.20329778929403924
43.461;0.013404268762045339;-0.3679744054740273;0.0012177762874512176;-0.008049211460342438;0.018989163014493608;-0.4226236013040966
43.53;-0.026252972956269313;-0.37066827577021844;-0.0003343751442769905;-0.010445037904284932;0.005835320236854756;-0.2121618516859295
43.623;-0.031646613839434574;-0.3715260331188135;0.0012330130332517846;-0.01003637057068106;0.018968884176214538;-0.07708127901228867
43.72;-0.015914734204007068;-0.3715249792462946;8.893123718976793e-06;-0.002123226140216616;0.020475496572179976;-0.26110829190339563
43.808;-0.04625313457886638;-0.3706265339547655;-0.00031287393142775656;-0.009387088836609634;0.0072617850551541345;-0.14388799295406704
43.888;-0.05059956873665531;-0.36982429906900866;1.6050756032661643e-05;-0.0013460763321383518;0.020055891367493014;-0.027723045782893193
43.975;-0.0532189275136964;-0.3690804779331755;0.0012389996044530193;-0.00905013457700342;0.019563039696232295;-0.07752802035526782
44.07;-0.05517060879087483;-0.36854152517575217;0.0013208613684385947;-0.008816253816277559;0.01926045047653114;-0.07755589715184362
44.157;-0.08212602690609704;-0.3627539810918696;0.0009226211352428451;-0.006120128237254353;0.010711036863593445;-0.018174061102522395
44.235;-0.1607236390073619;-0.33978519893708903;0.001834727546782097;-0.002457726895850665;0.014917023915973979;0.17269640922312646
44.329;-0.154972411141376;-0.3615285155061534;1.852222331650427e-07;-0.0017338379892474034;0.019843846837391686;0.35092036253433584
44.419;-0.14544867022736185;-0.3665955063818011;2.9360500335038378e-05;-0.002143480223720768;0.019738290051751334;0.46129615456872297
44.507;-0.1335112365569682;-0.37731448164390125;-0.0018188374904706162;-0.015402929332575914;-0.0002709220651948656;0.23872321255955273
44.597;-0.13038038977731264;-0.37847663885268706;-0.0019597430819035793;-0.016958810829148168;-0.004960773596308067;-0.008752778902565067
44.685;-0.13190052931977744;-0.37566184075705217;-0.001937447987916408;-0.016956438132838234;-0.004205137572499352;-0.15861891256499647
44.77;-0.13832671718587958;-0.37283973221167876;-0.0019617130894245575;-0.015845270173832113;-0.0024327741625479004;-0.1974780972538573
44.847;-0.1403373173466004;-0.37162913038174955;-0.00014587126561064605;-0.0035018183361127625;0.02202476823610986;-0.15824259391952825
44.939;-0.14936665676961178;-0.3692142466052014;0.001311634656713934;-0.009623929914599148;0.019559479275552953;-0.1395974971028021
45.027;-0.15310530376088557;-0.36761340099378215;2.3510059632735406e-05;-0.0020660600779930363;0.02036093562006594;-0.08629059356295142
45.115;-0.15663379676430214;-0.3650679883790233;0.001346543959325945;-0.008486181686523538;0.021520427872403672;-0.17703597952040748
45.201;-0.1606913163841085;-0.36016047797457124;-0.005650250320059124;0.019053674650116537;0.0027152774310295214;-0.2948008204926332
45.289;-0.17187353023377736;-0.34657305119369514;0.001957947564874123;0.01609900003729212;0.0010449738535889264;-0.4696698965986358
45.374;-0.1805203291672429;-0.33464209406146805;0.0018228680919294949;0.014870150402371446;-0.001366015713505748;-0.5721028174309691
45.466;-0.20069188994587245;-0.3265574410354692;0.0018867557277619902;0.016086591620531707;-0.0006348425795792745;-0.533750770472895
45.551;-0.21559943065331857;-0.32860740238356473;-0.0012599479663524846;0.007501167812151385;-0.021875489166663827;-0.27996854954546924
45.632;-0.22560572881535;-0.32611667926563487;-0.001321536747812764;0.005112875884596821;-0.02135799625209853;-0.2032655957774304
45.724;-0.2282610492562595;-0.32567207484859617;0.0001116512233620032;-0.0015488450913239303;-0.01977084323474282;-0.09171488344963127
45.809;-0.23360897439466885;-0.31905975445670637;-0.0013661470284455906;0.0033310247603631073;-0.023104022469257763;-0.2355806919705987
45.901;-0.22534127291758754;-0.2983515311500147;-0.00019117865104013954;-0.003790827286001474;-0.0192344035160531;-0.00034779754673488827
45.901;-0.18436604267924364;-0.24029869032134776;-0.00016117882909605594;-0.0037573319217159376;-0.019064807660712987;0.005341895572903456
45.983;-0.16429461311236435;-0.21478584959649655;-0.0012742658915950035;0.004266035971825944;-0.021836669361842063;-0.09505896302709349
46.068;-0.1704040556839383;-0.2179813410139624;-0.0012897166225876826;0.0028003561966064793;-0.02291058801757548;-0.16292538216017005
46.149;-0.18036227320103054;-0.22446944277849046;-0.0012867985714314512;0.002219913646931013;-0.023523864275364043;-0.25630742736574746
46.237;-0.20736394895014484;-0.24280323288733513;-0.0012100202943364957;0.0022315430769270866;-0.022860441484748206;-0.31630118843442523
46.324;-0.23707557971113347;-0.25907991766280886;0.0004960590355455003;0.012113739380191859;-0.01730698803237635;-0.4297960532770797
46.415;-0.25881803510051427;-0.26558783789078916;0.0020229314324860382;0.015433614922334735;-0.004084228032021974;-0.44753268932787
46.501;-0.2607172676254776;-0.2621157844843677;0.003113010823610321;0.008817080836757937;-0.00850971916218753;-0.515331812224232
46.594;-0.20929907995332764;-0.2375206183755566;-0.0016975703403873045;-0.002114082773867297;-0.01311480724213297;-0.5088825702380444
46.68;-0.10840256692647175;-0.22169026987508947;-0.00038377514850786545;-0.004738957676272294;-0.008460050626724771;0.060306412524069514
46.757;-0.036317579788565514;-0.19764894853057022;0.0032574630019672093;0.013108222182519839;-0.0057303724684831135;0.01786254062154811
46.839;0.006849121214502352;-0.1724850065712128;0.0014459883409587866;0.001042648805227374;0.02179157932934812;-0.061954564815425585
46.925;0.05131138337104144;-0.15792074790933205;0.001611778416753422;0.00011234187155971219;0.019979662809547008;-0.09889094019963811
47.013;0.051939984294436074;-0.1801033602153761;0.0011703788065984448;0.0019182457011414722;0.021172391274094718;-0.01049121906474964
47.098;0.04942898537085308;-0.20448470152765555;0.0012228119673042472;0.002052718972522723;0.02094543605335822;0.06453979047914166
47.182;0.046053124849773405;-0.23522074374420718;0.0012390868972552986;0.0022350118234131223;0.021005051865170477;0.1473115090399688
47.269;0.058946645047732886;-0.2731046191409409;0.0015004163052386055;0.001495929784126226;0.020509662729921833;0.17152047128085754
47.363;0.08539812229775734;-0.3052543089382525;0.0014310407013441403;0.001124067698180771;0.0207655049209959;0.07178002237946948
47.449;0.10002419476517714;-0.32377355677653025;0.0014063058501219076;0.001150597857932941;0.021103876160691308;0.15555112800163567
47.534;0.12336017858337804;-0.3462424380363535;0.0013498204551375815;0.0007656706869206491;0.02087853839959155;0.1369634640779741
47.612;0.1301746983956167;-0.35257801329627597;0.0014209981152975746;8.632376452885078e-05;0.01970932601668475;0.012195194415432346
47.701;0.13137040994555468;-0.3604486758555144;0.001320367076701498;-4.8594317362463555e-05;0.020629695685391566;-0.0004502986656720485
47.795;0.09313540007266187;-0.35972403003424025;0.0011171364422743304;0.0003190374281887234;0.021048782917657376;0.08666731834107008
47.871;0.017840286989690705;-0.34558262888012536;0.0027354508007742706;0.0058290172566147136;0.01984772697435049;0.015511172584392541
47.96;-0.04500413230679002;-0.3156697960409667;3.803148090301305e-05;-0.012614329461772752;0.01221096714288538;-0.07103516652881384
48.044;-0.1684296095550225;-0.2227623006099084;-0.000553108088184478;-0.01003044192198652;0.011752007633903494;-0.14963702794876071
48.138;-0.222140628045325;-0.1703860579217449;0.0017990017936617545;0.015300264489747101;-0.005023054091217054;-0.18396859452065145
48.228;-0.25359901098482146;-0.1562279800313388;0.00590451887218085;-0.014216053254225864;-0.0021695577794261455;-0.2525668357013427
48.315;-0.28518896227544355;-0.13517401963081557;-0.0006002908173867287;-0.009240424420838243;-0.011311406316329807;0.05978806287054786
48.409;-0.30366865253259123;-0.1186873491885553;0.0013729659406648477;0.01623570699181373;-0.0045499658670882254;-0.031427927518043394
48.49;-0.33393541829740647;-0.11254196545834161;0.00196935585735058;0.014743524936081514;-0.005522912622384374;-0.18588713980427907
48.58;-0.34418310523755963;-0.07125503898211938;0.0010239752460839285;-0.01741158317753805;-0.01624845380889068;0.10610272953896226
48.669;-0.34453313500171684;-0.0763397189358215;-0.00045501167805612737;-0.00793770531552545;-0.009626499712328344;0.05740928887491518
48.732;-0.3513405210538756;-0.04614757505297506;-0.0018820538605419193;-0.01660379160448011;2.6793870451213667e-05;0.2780506268924527
48.825;-0.3454989559662708;-0.11397818876615061;-0.0013590456409575712;-0.0026452603222476057;-0.022229442379326864;-0.09882120380862325
48.917;-0.35542592210505924;-0.09258691743592629;0.00018032608219697006;-0.004466218957281671;-0.01468160654041586;-0.10618413144707826
49.006;-0.35262062884640893;-0.057046471573733784;0.0016610237001114755;-0.01693135466882634;-0.01686443256465071;0.23812788675890895
49.097;-0.3541615007841276;-0.08289044460701145;0.00010176973357418255;-0.0064480205053917775;-0.021364090929856635;0.21432073723776798
49.184;-0.3499071836667782;-0.09572180389581803;-9.713860495112415e-05;-0.005324618554684237;-0.015539748510688924;0.049124213751854426
49.272;-0.3394281659974902;-0.11815045756371813;-0.0013218282895196619;-0.002247956779866963;-0.021575716779672318;-0.07361883849904845
49.363;-0.34445815395758955;-0.12704627929809828;-0.0012607261608345247;-0.0026437771767321067;-0.02301781744060883;-0.1843525408154365
49.443;-0.35463135908978677;-0.1262478848391408;2.66129244909279e-05;-0.006061022906888444;-0.018891135190539865;-0.10620787665381869
49.527;-0.36234075328260373;-0.12169806849870311;-2.7605714603636265e-05;-0.007594126646149631;-0.019547954456343084;-0.08974246042789581
49.612;-0.3652973010994494;-0.12037976091024619;-3.729104516561781e-05;-0.007671478588651567;-0.019444056715424495;0.005414046663914858
49.702;-0.36708695079321946;-0.12130919275893232;-3.744337620522142e-05;-0.0075338622384366945;-0.019348064661387113;0.0035320996066657575
49.784;-0.3672352644354111;-0.12334084036566531;-2.7151139150931823e-06;-0.006009950137611347;-0.018457590271211178;0.20923548883563117
49.88;-0.36669330295241226;-0.12854125875755026;7.63163632730142e-06;-0.005180365443433825;-0.01811701946237049;0.26201034497940723
49.964;-0.35237532716327913;-0.13456509430432967;0.001983314763854981;0.016577755659965547;-0.00429372256658021;0.4304056747801617
50.051;-0.33679099997693923;-0.1774072238490261;-6.144740524090708e-05;0.007477311193841957;0.022336063112248176;0.2921996357362148
50.132;-0.267516907644609;-0.275298324093435;-0.00010293542378355102;0.0051056545187518195;0.019432964937158244;-0.2121748887794945
50.226;-0.27305290713318425;-0.2759197140644416;-0.005621049515869648;0.0185199625181466;-0.0041828198113606895;-0.31056894515681205
50.318;-0.2800007803070046;-0.2610610115200938;0.0018411671603113227;0.013892327320406177;-0.0058258923927972175;-0.5074660157783294
50.405;-0.2961451585001215;-0.2559029262438205;3.671336003790158e-05;-0.006439563048657532;-0.01880036786320952;-0.28935331246247764
50.494;-0.3057111477454722;-0.2525014209005548;-0.0018307791644355921;0.009164734631334609;-0.02743460193894395;-0.09075656883873422
50.575;-0.3111208563977943;-0.24842010474097903;-4.561074551014292e-05;-0.008326839191921459;-0.018619388568277526;0.002770076728012401
50.661;-0.3090224498411153;-0.25178425880162353;0.00013201557208736433;-0.0065034838048707785;-0.017987594323785088;0.11319667461264847
50.749;-0.26930741544763953;-0.24810805413172127;-9.868961957192702e-06;-0.008027176227089977;-0.01898376926431068;-0.17095951628627284
50.835;-0.24581722350110988;-0.2583054459343612;8.847239620969242e-05;-0.007800835944121922;-0.019315865020058425;-0.2405859765134074
50.929;-0.23262574997279672;-0.27629038599357325;-1.638592023334509e-05;-0.00909184385684943;-0.019047869437591017;-0.1364645850891366
51.013;-0.2260343165721027;-0.28778801785769814;7.124148784802184e-05;-0.00846178148865782;-0.01836135996052042;-0.14418987693557883
51.092;-0.20926946864644386;-0.31045212523664034;4.988519046831454e-05;-0.00891032393769057;-0.018475579008643717;-0.023880131348108062
51.177;-0.20141632602530038;-0.3269478790985675;9.268175906455901e-05;-0.008574711914630866;-0.017976151407165113;0.06261705032562047
51.262;-0.20180529979304715;-0.3290174073837004;-5.876597355517876e-05;-0.00924821181556819;-0.018049112219147474;0.09458212226116029
51.345;-0.16926613082121533;-0.323026294057373;5.292323756110693e-05;-0.008983285205475757;-0.018428577240455535;-0.24904172973098707
51.431;-0.1970461721627641;-0.3101789105033264;-0.0011590843711246314;-0.0021966027621431678;-0.021558776913772542;0.005970672034110299
51.519;-0.20234538348966735;-0.3191800834537652;-0.001284223908098633;-0.0015369660275701346;-0.019709232430072707;0.047419015941854666
51.602;-0.20107072574747947;-0.32480214518864353;-0.0013360539663872842;-0.0018422425767523959;-0.020063048921519798;0.14846102851600074
51.686;-0.14745272163963857;-0.33541713044316457;0.00020189842993778654;-0.008443461802678583;-0.01815357778249005;-0.0218395590914513
51.779;-0.13107276389616884;-0.35093230469139375;4.913926660778318e-05;-0.009299983287962443;-0.018163225296676203;-0.02750969938923633
51.865;-0.185589190542063;-0.31443520479444426;-0.0014207804511202787;-0.0015285287169954063;-0.021059646734117914;0.2574257652784506
51.952;-0.13048958045774464;-0.32669745293405966;-0.00030700987007311296;-0.010586333104345199;-0.016514772619486914;-0.0321898105108705
52.042;-0.10151323220025944;-0.32801870412209344;6.255322055674094e-05;-0.009020499833576655;-0.01807683269269849;-0.02392010294468671
52.124;-0.09843344077511965;-0.3412970751878438;-0.0011604296110402572;-0.0020857991866932405;-0.02086725864958962;0.1844742980928171
52.209;-0.10443196557704637;-0.35729980921122506;-0.0012963227747674094;-0.0022526535957476724;-0.02064156185931877;0.21554676314097246
52.3;-0.08233583372334867;-0.36664671610186816;-7.55206662173772e-06;-0.0069223922913914104;-0.014508624854428985;0.053488541943069096
52.393;-0.09596252298675337;-0.3661632153545238;-0.0013054600028991315;-0.001523578069554741;-0.019821115407306963;0.2515412572991443
52.474;-0.09254309438123354;-0.37545931897579177;-0.0013442814072703335;-0.0009092456466616997;-0.020439891510878397;0.16087152934757312
52.561;-0.08771993731347164;-0.3771676997897149;-0.0014236756531736403;-0.0012273848809438027;-0.0232714241493866;0.07750827049007793
52.649;-0.08772458779238576;-0.3791834383299918;-0.0013189775502373603;-5.941083817329768e-05;-0.02059506640848925;0.0037762339735742593
52.735;-0.08787230856685325;-0.38040003771410363;-0.0013221554432019242;-3.3256243971888964e-05;-0.020600546507544556;0.004122766161122565
52.825;-0.08783041586089206;-0.38111051127912376;-0.0013234787203199407;-1.1394387028344867e-05;-0.02059284027723969;0.004109782177142885
52.917;-0.11677707405782692;-0.3678808234110937;-0.00242436997623739;-0.009283026249766619;-0.035110401322077156;0.0501373298805957
53.012;-0.10490713756234302;-0.3570014605680106;-0.0015453541222797621;-0.0012303312861671506;-0.02286840159390933;0.02918022761360304
53.101;-0.09201483361776724;-0.36321272732270315;-0.0014299600885015616;-0.000139219813347726;-0.02042637455249159;-0.0843702610103838
53.186;-0.08692598226859354;-0.37622264384400195;-0.0012729967075172065;0.00025899146412014285;-0.019955477372653792;-0.04381346289758743
53.273;-0.08840022131299753;-0.378955086736291;-0.0013148840350155685;-1.889586505482646e-05;-0.020704552904243154;-0.02703678560056094
53.359;-0.0907427094799061;-0.37918064711554955;-0.0013447784819550124;-0.00025923547846552926;-0.02160443900966322;-0.06969048228064173
53.451;-0.11905528418905338;-0.3667001948826917;-0.0015905721651044054;0.00314884791119787;-0.01321891043627329;0.04126153611354864
53.537;-0.11229665195343701;-0.35874336657379574;-0.0015124886830136352;-0.001268518621084223;-0.021848944254491715;0.01095068784263947
53.626;-0.1262751399684055;-0.3531732231137855;-0.001369122850440481;-0.004867191173023852;-0.02398760100635777;0.10300951980068841
53.712;-0.1627531260603774;-0.3287881486705389;-0.0017368469398125344;0.004656807137346618;-0.012647995828658769;0.3005949593220834
53.805;-0.12135783021573018;-0.3388798761373417;-2.8512288698885992e-05;-0.007314742200284256;-0.019053546965494467;-0.09410671153189216
53.886;-0.14947437163883853;-0.328474879223693;-0.0012117869044842155;0.0006101003599866754;-0.020981337625240855;0.1925115937874651
53.975;-0.1498750272453087;-0.34344132929905113;-0.0013449142551988512;-2.660933797550404e-05;-0.021079598411478974;0.2699581074826974
54.062;-0.14517797755875825;-0.35026690917195774;-0.0013594954383901758;0.00040864148943186364;-0.02103533421235124;0.27329084318290553
54.153;-0.13837675532986687;-0.3570767735540116;-0.0013490992698150372;0.0012238396933607052;-0.02081374776433154;0.21636963536327725
54.231;-0.10895969638670554;-0.3482108470483476;-0.00023875720714457857;-0.006813922543426725;-0.019590773417579838;-0.16207355191632794
54.323;-0.07866803279285539;-0.3587274985824105;0.00010731238256299732;-0.005771165681367096;-0.020025135129767682;-0.2138773279408686
54.413;-0.06996243984661776;-0.3750733008899102;7.087666239957463e-05;-0.006389246856329306;-0.01985034345553933;-0.21952320534637876
54.503;-0.14552232023539474;-0.34035803526774694;-0.00021776686156861372;-0.007604892174681672;-0.01209981177487228;0.2069031291431157
54.594;-0.10594689227271466;-0.34324407697407616;8.832338795176261e-05;-0.006090499174331763;-0.019344196620137553;-0.08880796943908474
54.683;-0.08228099811352885;-0.35983395368126875;0.00015223891963059966;-0.006456430366657162;-0.019792799751053334;-0.1440892173754365
54.775;-0.07316776494558887;-0.3746762959458362;-0.0013029246306836067;0.0008276262565057179;-0.015069259378374661;-0.011197075543692085
54.852;-0.07180110546537095;-0.38033848241355256;-0.0013329402776725509;0.00046364261215686643;-0.020538251977610306;0.09876038533936622
54.939;-0.07120400867696891;-0.38330535017484574;-0.0013263755986441562;0.0007603715661798783;-0.02052139933057242;0.035469404960547436
55.033;-0.07132881188255792;-0.38423462571200195;-0.0013229946113973174;0.000868586847116763;-0.02057794276748234;0.004085298884324497
55.122;-0.07383255937367833;-0.38123716806667346;-0.001403357609546887;0.00044080381907760265;-0.022990085927805524;-0.10907922674903098
55.206;-0.13837308269025106;-0.3552141948650671;-0.002581161006450031;-0.005937379401340979;-0.034184614402559974;0.07648035683973818
55.296;-0.1511349146374219;-0.3469662839145859;-0.0015774749326459983;0.00166194524514398;-0.02523300453909681;0.2583212507387393
55.39;-0.14550835337264073;-0.35404033418642106;-0.0013577269488593263;0.0008253084501930353;-0.02086804610116771;0.2168939069335879
55.473;-0.146606640396245;-0.35598934235725355;0.002040602191789228;0.01660962579537496;-0.004202090381237034;0.013966599485334895
55.568;-0.1469703875300685;-0.35713799161841686;0.0019684432778453377;0.017560057522600953;-0.002839678777642542;-0.00317034934924272
55.651;-0.14208931142597303;-0.3595961845048823;-0.00021179923711948622;-0.006810272584092134;-0.01795497666506077;0.09071447282871141
55.731;-0.1461626658518689;-0.3570274555892523;-0.0012794219081255442;0.001623564384201989;-0.020786088572715754;-0.02541731276841507
55.832;-0.14609280843235664;-0.35789387132484635;-0.0013271397918009937;0.0017060131839406398;-0.020788692767933218;0.006706754222533691
55.921;-0.1458700444080277;-0.3581391026372258;-0.0013278405789729835;0.0017248750320955043;-0.020780819981886144;0.006675362774517357
56.01;-0.14783909751441257;-0.35608259551236426;-0.001302163373639008;0.0017369214670684818;-0.020965484953156317;-0.08710030438702443
56.104;-0.14881354863753662;-0.3569075712776701;-0.001339679523855811;0.0015892670221584863;-0.020836047613013883;0.00762303058679811
56.187;-0.1458201700761804;-0.35780617147578037;-0.0013311924271890764;0.0019663535142189856;-0.019501034892643845;0.10760566879028113
56.278;-0.12862995100153427;-0.3563372511404095;-0.0018668794150867366;0.009203762498891283;-0.027711799249539586;0.04587388397185188
56.373;-0.0568727095974887;-0.32261767522584844;0.00015205759291308444;-0.005671400391085068;-0.01811519292397206;-0.03760331499006352
56.453;-0.05950566655913649;-0.32244146730004;-0.0013269379853377103;0.0014561611494539476;-0.020732416321050953;0.004709373464666611
56.539;-0.11330273549199917;-0.31290448375914565;-0.0011949320766148298;0.0012118384664128322;-0.020930543341159995;0.0051798251294858065
56.624;-0.12142723811704487;-0.32062770157860276;-0.0012217121931261074;0.0014882239047704394;-0.02129870817920756;0.005688835437341953
56.713;-0.11863191422899137;-0.3434713267349133;8.339282321957861e-06;-0.006763073841361048;-0.020630000182444545;0.011194042000948087
56.807;-0.06045354579736792;-0.33722398473559156;-0.0063512496413762574;0.013814662088289104;-0.004328711269310845;-0.00865691408313729
56.892;-0.10465292712298413;-0.30798044653337436;0.0011289734956122436;-0.001477564912762415;0.02100121064422905;0.00796678047209346
56.984;-0.1231548787377993;-0.3175488369495349;0.0011811801616449014;-0.0014909907927986954;0.021252216781085777;-0.07516888488481245
57.072;-0.14172182307051281;-0.3288500380212501;0.0010607836446078769;-0.001282528363980115;0.021401777472489593;-0.07727679042733387
57.156;-0.15246744738943704;-0.3458308821815704;0.0012920875879223596;-0.001187423460203073;0.021141008022260755;-0.08211877014641066
57.234;-0.15730899287167224;-0.3477502330579223;0.0013109099121812787;-0.00043856610175844237;0.0223285430936646;-0.1273670254381827
57.319;-0.16025046808092644;-0.34940390295629536;0.0013029254747307468;-0.0017271348952601151;0.019999206737636444;-0.10214535768896969
57.405;-0.16425381074959614;-0.34921257615197215;0.0013141546438902192;-0.0008051853596922965;0.021054749609474607;-0.08458821095316528
57.493;-0.1674483938144344;-0.3480897872571206;0.0013150298699322297;-0.0006273552714728964;0.0210555645097376;-0.08469612774657052
57.585;-0.16950722972791027;-0.34718536939632744;0.0013152552020688694;-0.0005063811680020711;0.02105732648231016;-0.08472340405303004
57.674;-0.16907447209506618;-0.34798347777022587;0.001327579636830691;-0.00035521838491761116;0.020855808005636967;0.008599765958391806
57.674;-0.1688782971012138;-0.3480391221545477;0.001327976246306921;-0.0003672074560569818;0.02084388307839465;0.0085126182506578
57.758;-0.1685999775639488;-0.3481521281227754;0.001327919723595267;-0.0003830775655313439;0.020844022035396304;0.008513564152221618
57.851;-0.1683276580189814;-0.34827740391642664;0.0013279035502084514;-0.00039912958607325586;0.020843842080924976;0.008513785274135892
57.943;-0.1681471637822299;-0.3483630751455393;0.0013279001798681838;-0.00040987938111513087;0.020843682168733755;0.008513831093809054
58.027;-0.16703397833930442;-0.3489170422367307;0.001330909138923029;-0.00037505956020262877;0.02079187865866142;0.03968769201386693
58.118;-0.162926344253216;-0.3499160906090834;0.0013637045590146955;-0.0008694341826589353;0.019767164400539387;0.13986390087393333
58.209;-0.15862849754332076;-0.35168815383080704;0.0013271168316335536;0.00012120951605302922;0.021903713004569707;0.11755576504711929
58.301;-0.15291325797892125;-0.35379017955758485;0.001348830738681946;-0.0007583158450531223;0.02068579742517217;0.16057970668076202
58.384;-0.1490603304238438;-0.3554232160728654;0.001351068414060326;-0.0009675024178122642;0.020771717562446165;0.16106631573960692
58.467;-0.13818424277493457;-0.3568433681477584;0.0013702418832567318;-0.0009635432821087806;0.02085683723222547;0.2785306985710862
58.557;-0.13554818931841905;-0.35995701804924946;0.0013559146908163223;-0.0017985304798927375;0.020765627836730444;0.1594578305409879
58.651;-0.13427896882396392;-0.3610969977730276;0.0013316571172037987;-0.00242398579444817;0.020788566675036695;0.007048467737864451
58.747;-0.13442917888133304;-0.3622203607815729;0.0013266433306671165;-0.0023644641893274558;0.020724754429803285;0.008533342487594364
58.834;-0.13366724392704635;-0.3628167597049201;0.0013351090741403535;-0.002677498615942429;0.020095940593908443;0.030554485244654043
58.923;-0.13329148150178982;-0.3629432332508103;0.001329160737965609;-0.002457400801529144;0.020721678085368622;0.008209273535510705
59.013;-0.13314702970552303;-0.36310124830329676;0.001327691508529055;-0.0024504113615889645;0.020709962557634277;0.008520149955402033
59.093;-0.13411615950607864;-0.36265943944316925;0.0013234612639569016;-0.002472156890158315;0.020760897244853912;-0.02247153266111677
59.182;-0.13407600276234188;-0.3628776489435905;0.001329393088029399;-0.002745174262855492;0.020134328822835574;-0.0003624098861364422
59.277;-0.13395897609711488;-0.362912841014293;0.0013280895639783622;-0.0024079458391436156;0.020713496673147473;0.008511218969554975
59.369;-0.13367133742013443;-0.3629988879298091;0.0013279845894587751;-0.002423551056380672;0.02071195990047106;0.008514348034561773
59.453;-0.13348234255390126;-0.36306375879570885;0.0013279727410979037;-0.002434181090753938;0.02071079561227724;0.008514541751138431
59.542;-0.13320021560393527;-0.3631647406396817;0.0013279657210960361;-0.0024501885155059776;0.020708982756088002;0.008514667168720735
59.637;-0.1316387034497377;-0.3637177642355937;0.0013323840060258242;-0.0024510471021041915;0.020670725258739493;0.03938787480624253
59.733;-0.12881256361162813;-0.3643338009555423;0.0013390153631679105;-0.0023868117854528785;0.020577933831941116;0.10066139247772665
59.826;-0.12643404524444693;-0.3649335805827784;0.0013462554435356255;-0.002892708252970222;0.019890596293303534;0.09099852352847697
59.916;-0.12291043028736796;-0.3661734847193177;0.00134149558584516;-0.0027285014992331773;0.020595247220948805;0.10055462659039557
60.004;-0.12179212565448956;-0.36654403493634075;0.001324654076736212;-0.002345460797616067;0.02178820843824587;0.05685472095331891
60.088;-0.12099736500057567;-0.36707682178546325;0.0013286258354529318;-0.003148559568761513;0.020631717596657453;0.008225762256300399
60.178;-0.12019768227500521;-0.3675671517251095;0.001335248748356228;-0.0034188330150242887;0.019984558290585458;0.030533163240227333
60.265;-0.11893278778529448;-0.3680032577325751;0.0013324483477228292;-0.0031656748069113574;0.020571630960032616;0.039351194695501406
60.356;-0.1181497856331807;-0.36815147696071654;0.0013260658192558949;-0.0029794462825615017;0.021186738282988126;0.017392175282283
60.447;-0.11692098201667421;-0.36864052970966893;0.0013308676515456648;-0.00325910010304617;0.020541895083591392;0.03963372955054887
60.534;-0.11612984627733108;-0.36879136585799915;0.0013260656112198351;-0.0030954474087583348;0.021170266647905164;0.017395790869684
60.625;-0.11570718936863203;-0.3690377861456323;0.0013277435269687442;-0.0034339883821389626;0.020572120095439583;0.008522135541960118
60.717;-0.115528049690769;-0.3691341173565072;0.0013279055811524468;-0.003445305773863584;0.02056974850258604;0.008518276906367235
60.807;-0.1152484858079236;-0.3692441051889808;0.0013279680257700065;-0.0034615306685670246;0.020566794732569418;0.008517471107655085
60.897;-0.11505925612767363;-0.3693083951050431;0.0013279818875997005;-0.0034722161396719127;0.02056495478614861;0.00851730185862522
60.992;-0.11477393322975728;-0.36940013882153466;0.0013279913108562092;-0.0034881864349616716;0.020562244735389902;0.008517237213737547
61.073;-0.11448794181276185;-0.36948975880702767;0.0013279930458944815;-0.0035041305833054944;0.020559562170843974;0.008517253842133185
61.165;-0.11493918312024803;-0.3691633373628732;0.0013235291155923655;-0.0032485429830277587;0.021197127303141088;-0.013481771324661681
61.247;-0.11480477825284725;-0.3694224164944732;0.0013263659193211836;-0.0034685096659569357;0.020553554312504056;0.008826881776057645
61.337;-0.1468891324492694;-0.35346965235306155;-0.0009202192138049339;-0.009638383193869197;0.010213827535638341;0.04249837085541224
61.423;-0.11131934336100881;-0.3382988564144575;9.868496397857397e-06;0.004034214421444092;0.019352467955210395;-0.0685280689831057
61.51;-0.09436474233000892;-0.3331388777445111;-5.4863652129242364e-05;0.003958003905669966;0.019708418984900954;-0.13906664793190066
61.6;-0.12934514514008183;-0.31658149034225797;0.000991477057929868;-0.0027573367702764884;0.012231045218478448;-0.028251085364490638
61.69;-0.11017382901958786;-0.3056755495596126;0.0001967176935047273;0.005173656963029487;0.0193126336789897;-0.1362702256855706
61.781;-0.0781565737674503;-0.29473360730406184;-0.00011073729175113011;0.004501635452782228;0.020029637380024414;-0.2301518072738052
61.875;-0.10832458715451374;-0.28503779791255496;0.0006421379693040462;0.000348700774038867;0.01650746166547784;-0.11642904423690398
61.965;-0.11082300375436496;-0.2754223095401835;0.0013582534242744413;-0.0027571142996691386;0.01986414039212956;0.03922907519468019
62.051;-0.07675495926939217;-0.2723731456795027;-0.0005703860582368422;0.0007483396236481392;0.016697344339683184;-0.07185100967639481
62.14;-0.05837372080836781;-0.2630937086572619;0.00201446056035871;0.016719589609921308;-0.004341435233548067;-0.2249313279431332
62.232;-0.06502532217817177;-0.2614291940798486;0.001947551421142219;0.01708396583977479;-0.004030955522531571;-0.24336909312898605
62.328;-0.09874917166027267;-0.24658543592950258;-0.0014464513688763048;0.005756121554104174;-0.016558183446924075;-0.08506020561747285
62.421;-0.0937825238106089;-0.2398429813300218;-0.0013368134582170876;0.001404918659840374;-0.019931249085403675;0.0739366840336104
62.517;-0.08694045171389947;-0.23725830457127503;-0.001353268832943075;0.0011783354580489024;-0.02020278631734739;0.1863146699340079
62.606;-0.08088283942311528;-0.23586765083990174;-0.0013680232181385158;0.0010713719935508932;-0.0204648202261438;0.2573556533623785
62.697;-0.03201579018602103;-0.2310413856828705;1.4539141987122246e-05;-0.006048093940679668;-0.019792291682500858;-0.1315157637471771
62.791;-0.03318840428195211;-0.23320438241557595;-0.0008792233527645438;0.0010138226531868789;-0.023377923891669518;-0.19016444902297286
62.882;-0.06692336748296934;-0.22323406050230413;-0.0023931012977374253;-0.006250231872939364;-0.03579223431487394;-0.14952406111024252
62.97;-0.06506212542387407;-0.21244148368105745;-0.0013287502252721378;0.0012728342172552247;-0.020258790086605576;0.01920114236051006
63.058;-0.019607358788037595;-0.20570268585837212;0.0034614602157219954;-0.014535728651361877;-0.011198368217893068;-0.07565462532255435
63.15;-0.010814920167524607;-0.20016972062050414;1.3510705244144494e-05;-0.006991552623979483;-0.019669781540788182;-0.16512646528708963
63.241;-0.041233224965237535;-0.19629382106900378;-0.002334647046526239;-0.007943489394736436;-0.03629906863442852;-0.1392165963075621
63.334;-0.0418003884533482;-0.18634014002738988;0.001305057054102637;-0.00012674172814565053;0.02066256099371374;-0.03578489687568749
63.422;-0.040232371538056304;-0.17959608946920555;0.001327689436421024;-0.0006226385916252461;0.020241391353164988;-0.017383297705042048
63.521;-0.03973784573813152;-0.17758290792963285;0.0013255858946170825;-0.00044451774104610925;0.020407033205439986;0.0018930877230399783
63.615;-0.009862425152998998;-0.17008545985972473;0.001893891425784979;0.002650505611059035;0.0235705167672237;-0.0700884419400435
63.709;-0.04823609924460738;-0.14419022262918046;-0.0005486247687206066;-0.008498775369880354;0.009511064596975309;-0.06257749176925699
63.8;-0.060945990255001165;-0.13473084265008325;0.001288604138716776;-0.0005344800369488353;0.020666051913760957;0.07661438381851321
63.887;-0.0605617707443534;-0.14033054139612136;0.0013474843458637815;-0.00010950571050144766;0.020748425179039767;0.1688695434326343
63.982;-0.031902016954957264;-0.14613781171797496;-0.00025225707512593025;0.0008791414191754181;0.01234410236674651;0.12850334250361595
64.069;-0.040315994429044794;-0.12771359818708308;-0.0007549765562392698;-0.008253350462320737;0.010851703922280317;0.01406623741172388
64.161;-0.03325292208625558;-0.12054934511314844;0.001324465477573145;-0.0009361402226400939;0.020613503641833418;0.01692879517633269
64.255;-0.03275153913543139;-0.11924013574601965;0.001327830356134374;-0.0009469512233876257;0.020633121576400758;0.017525982228636435
64.342;-0.03183166949492197;-0.11862983742087319;0.0013313427013642448;-0.001103881535592118;0.020331402046291063;0.031451826147215894
64.432;-0.03136189514250161;-0.11841572924181623;0.0013263426651469814;-0.0010020307276126465;0.02063484693737882;0.03825888999023119
64.528;-0.03180146299210165;-0.11809699739778216;0.0013209082136251542;-0.0008511101891618265;0.021107130350466505;0.015946146942679477
64.614;-0.03162754269664734;-0.1183203309734414;0.001324554059993775;-0.001121178942389861;0.02065148920559938;0.007090159279587006
64.704;-0.031593063766091146;-0.11838880595717109;0.0013247190793985626;-0.001130877700704489;0.02065029542508025;0.00708500581578895
64.793;-0.03152714197301483;-0.11843970748229728;0.001324792515160331;-0.0011443752760729251;0.020649215272912188;0.007083589902703146
64.885;-0.031455203382561345;-0.118468693384006;0.0013248152921607164;-0.0011575088298858417;0.020648412279895556;0.007083179390725167
64.975;-0.03269699900116776;-0.11691379409883385;0.0013315969558560198;-0.0007370700455909495;0.021640021269917088;-0.037551566037731576
65.068;-0.0068511314481328675;-0.1128943214740637;0.0019096777582134504;0.0003039853731429701;0.023008671719215154;-0.06908243928042654
65.163;-0.0037623398591158097;-0.09512092438365312;0.0013306030284756674;-0.0009646897813361657;0.020831786081214977;-0.08806206955306935
65.251;-0.004099678954013756;-0.09044305803395797;0.001320505457225695;-0.0007064613833339921;0.020710936340179245;-0.07305284870611688
65.338;-0.004503234186086379;-0.0892287049577375;0.0013236929765948035;-0.0005492349151348067;0.020786661484746595;-0.06896653782171526
65.429;-0.005085084378336889;-0.08843017000924329;0.0013228470185036863;-0.0003862567484882358;0.02079504865564204;-0.06825755906581903
65.519;-0.03657867419842064;-0.07205176474948664;-0.0007505752258637528;-0.008468041150490052;0.011235043913261031;-0.043470780144912596
65.615;-0.03484879910274005;-0.06136078064680948;0.0013483769654570198;-0.00039104650202873573;0.02092158472980712;0.008867259053340624
65.704;-0.03330861057250477;-0.058822781420399345;0.0013315920779901525;-0.00032789071915451204;0.020913666876682935;0.008936555521010275
65.791;-0.03292914528499878;-0.05824163100909363;0.0013294488191243892;-0.0003291779275515822;0.020922368571948433;0.008962269585285166
65.885;-0.032686424904178835;-0.05793166625428648;0.0013282400606683072;-0.00034068831732659096;0.020927212862998753;0.008976710610674073
65.977;-0.03258130202499294;-0.0578588281658564;0.0013278819928959976;-0.0003561986670840947;0.02092847096965472;0.008980954315733572
66.068;-0.03253619731817463;-0.05785338950049572;0.001327799902905387;-0.00036725961903767067;0.020928650860509962;0.00898192980887672
66.157;-0.03187850117418638;-0.057940822310615585;0.0013325165303226646;-0.0004927090785686164;0.020761329220141154;0.03525384702026158
66.253;-0.03173972147187858;-0.057987409072400686;0.0013284811702594067;-0.00043134366358313196;0.020944068602993197;0.03458910992901866
66.339;-0.0320208272900262;-0.05786996552969919;0.0013284760614156374;-0.0005216879445232453;0.020939084718449397;0.008739958214438615
66.434;-0.03175177425951157;-0.05809951807318278;0.0013275646844663307;-0.0005164186643766241;0.020929912409466067;0.02452553025510097
66.523;-0.0027080055259714074;-0.0033124049809301545;0.0022335211149784066;0.021791207063195636;0.007631234295374738;0.08877723251125241
66.617;0.0008659937871403796;-0.00014279979026772874;0.0019386781312069373;0.017535609897020566;-0.0026599869772432816;0.2718270678808716
66.714;0.0009172528792381392;-6.886790088393539e-05;0.0019392298068444545;0.017531467971372967;-0.0019504965651030903;0.5486083614294132
66.809;0.0007318143904202004;0.00017812788824115786;0.001960825224838797;0.017433376002951872;-0.0011706515752661411;0.7628792638265868
66.894;0.0006257031646717016;0.0002925765313904309;0.0019698022304024637;0.017408191485333263;-0.00038741779981704705;0.8373645477248405
66.988;0.0005119138932212844;0.0003982777892497357;0.001976942018342911;0.01733657262256669;0.0010198157591007303;0.8954699151917531
67.083;0.0004262545824501342;0.0004647277333472144;0.0019801778849504376;0.01715669806435269;0.0025589378050773852;0.9215169563710204
67.17;0.0003768142470715295;0.0004986401010085087;0.0019812608791522587;0.016959710729783365;0.0036117305937549316;0.9302836897057715
67.262;0.0003078158596069164;0.0005414322182996888;0.00198208669871221;0.016540035705698758;0.005191020321631831;0.9371213361626005
67.348;0.00024111551913136645;0.0005779391865564582;0.0019824352791787815;0.015969989961209283;0.0067401618718835364;0.940185352087558
67.431;0.00019688329168739138;0.0005992986869142085;0.001982539263191941;0.015507926114281468;0.007744071393067439;0.9412161260291221
67.521;-0.0003323069978004613;0.0005331683867959458;0.0020173511573760112;0.014946439786114537;0.008210157027137144;0.8518783556329825
67.619;-0.009406154349202531;-0.0031764724570285284;-0.0008332908280665724;-0.011818649651034841;0.021082142134884182;0.2582097167466847
67.714;-0.004085291188468818;-0.00045584418484212333;0.0019748601187169206;0.014092425282792061;0.010160456309650767;0.005487282079392794
67.807;-0.0010612806696508523;-0.0004972034406660517;0.001969804246868381;0.014142472088756386;0.010151555188199402;0.005261675089963894
67.899;-0.00016545900169146377;-0.0005089429443171422;0.001967561660717689;0.014146468922640335;0.01015201444380225;0.0052092328131869816
67.996;4.4056437653624875e-05;-0.0005115563426341384;0.0019670355106505963;0.014145384700793297;0.01015494487638864;0.0051969510348680486
67.996;0.00016208962096296968;-0.0005129205652403693;0.0019667390173958472;0.014141851349452297;0.010160642222328422;0.005190007065043132
68.088;0.00019720794964437748;-0.0005132366135829449;0.0019666517149216295;0.014137509426292235;0.010166900265614245;0.005187914077474149
68.182;0.0002077772671988073;-0.0005132536517366106;0.001966624687921643;0.014132930818497738;0.010173324711372436;0.005187257563647296
68.274;0.0002103535235175088;-0.0005132123960925889;0.001966619121388241;0.0141298253875552;0.010177638673201445;0.005187081526983219
68.37;0.00021195537711794096;-0.0005131248611692321;0.001966615341235836;0.014125155091024359;0.010184113794312472;0.0051869492610969
68.462;0.0002126012228290132;-0.0005130266871268671;0.0019666139198026233;0.014120464503555228;0.010190591046480608;0.005186872752130618
68.55;0.0002128576805311154;-0.0005129593601930439;0.001966614277818858;0.014117333367467509;0.01019491636747596;0.005186832540422308
68.647;0.00021315423953196708;-0.000512857379872245;0.0019666143633972916;0.014112637452820438;0.010201395952536257;0.005186776897650465
68.74;0.00021341351182770898;-0.000512755021859113;0.00196661381478039;0.0141079359925127;0.010207876417751456;0.005186723692362877
68.831;0.00021357956475998174;-0.0005126866364351521;0.001966613215249718;0.014104803606816929;0.010212188355298666;0.00518668812862654
68.919;0.0002138251550791556;-0.0005125838763568764;0.0019666141619531625;0.014100101168688482;0.010218663349124028;0.005186635746708412
69.008;0.00021406923604934226;-0.0005124810813617018;0.001966613404544771;0.014095391634330653;0.01022513982679453;0.005186583742669553
69.104;0.00021431284125638595;-0.0005123781180115738;0.0019666139875032292;0.014090682300854987;0.010231608241988172;0.005186531431027998
69.197;0.00021447513452203852;-0.0005123094524246709;0.0019666139778950495;0.014087542357898495;0.01023592322442961;0.005186496907747052
69.293;0.00021471849938623042;-0.0005122064013873854;0.0019666123665134276;0.014082826241047163;0.010242385276814758;0.00518644446202474
69.387;0.00021496177429552286;-0.0005121031436772429;0.0019666138793506963;0.014078105685934969;0.010248854622413397;0.005186392857705205
69.479;0.00021512393542877947;-0.0005120343259575708;0.001966613860027153;0.014074963144130396;0.010253164211185552;0.005186358374990152
69.571;0.0002153671268500803;-0.0005119309289490315;0.00196661371535218;0.014070237363026775;0.010259624625291404;0.005186306448147751
69.664;0.00021561026788600695;-0.0005118275016587285;0.0019666128296094874;0.014065512289759965;0.01026608070416918;0.0051862544531760734
69.757;0.00021585335086311356;-0.0005117239232410863;0.0019666126760430926;0.014060778269268577;0.01027253474385413;0.005186202489954927
69.848;0.00021601538411839254;-0.0005116547798580077;0.001966613210669253;0.014057629339747345;0.010276834945030297;0.005186167881646195
69.939;0.0002162583678614401;-0.0005115510311553085;0.001966613918882826;0.01405289754848076;0.010283292518395897;0.0051861166856694155
70.035;0.00021650131514967672;-0.0005114471711030455;0.00196661273400703;0.01404815797621484;0.010289738082890363;0.0051860647141908816
70.128;0.00021666324067147493;-0.0005113779114509564;0.001966612785022968;0.014044999661845959;0.010294039740948112;0.005186030606046647
70.221;0.00021690608933677525;-0.0005112739291156316;0.001966612388287452;0.01404025527257815;0.01030048556191209;0.005185979076462596
70.313;0.00021714889371326845;-0.0005111698022781284;0.001966612150577598;0.014035511415365295;0.010306925332290325;0.005185927345926494
70.408;0.00021739162852451086;-0.0005110655285869242;0.001966613200004037;0.014030769012883974;0.010313369799780633;0.005185876296308481
70.5;0.0002175534233401526;-0.0005109959981995187;0.001966612652686955;0.01402759736004222;0.010317662060107653;0.00518584198614988
70.594;0.00021779606858891797;-0.000510891579133436;0.0019666130769302173;0.01402284241536034;0.010324102792119155;0.005185790961127447
70.688;0.00021803867840787026;-0.0005107871203397476;0.001966612693936922;0.014018088630637068;0.01033053122959158;0.00518573924351272
70.784;0.00021828121774195098;-0.0005106824877730393;0.001966612827798431;0.01401333313167677;0.010336967765050926;0.005185688424586915
70.879;0.0002184428729042404;-0.0005106127154809958;0.0019666129076225045;0.014010155056607652;0.010341257951595711;0.0051856545666057975
70.969;0.00021868532422575015;-0.000510508019353477;0.0019666113831448085;0.014005391132853344;0.01034769044360736;0.005185603781660254
71.061;0.00021892773205959938;-0.0005104031205069261;0.0019666122850943743;0.014000628908130598;0.010354109677707755;0.005185552281201836
71.156;0.0002190892862406496;-0.000510333091469063;0.001966613169604325;0.013997443789473533;0.010358397504312342;0.005185518663924222
71.246;0.00021933159662159535;-0.0005102281200371268;0.0019666121974513374;0.013992676070476488;0.01036482104372339;0.0051854678770223645
71.34;0.0002195738540838563;-0.0005101230317235621;0.001966611748848309;0.013987906007364945;0.010371243387687515;0.005185417239134872
71.432;0.00021981604614460448;-0.0005100177295783155;0.0019666124613764236;0.013983129037646225;0.010377661985405287;0.005185366551346242
71.523;0.00021997748394165723;-0.0005099475293905018;0.0019666123229410766;0.013979938581650269;0.010381937817138693;0.0051853325870678995
71.618;0.000220219590938887;-0.000509842089716767;0.001966612695311125;0.013975159510429564;0.010388350758296343;0.0051852818823256795
71.713;0.0002204616420074098;-0.0005097365817433817;0.0019666120833078857;0.013970373345762285;0.010394763890486767;0.005185231377430786
71.808;0.00022070363205667842;-0.0005096310328064632;0.0019666119190195745;0.01396558611406387;0.010401180855413486;0.0051851814401726315
71.898;0.00022086493501169955;-0.0005095605748488238;0.0019666115850662715;0.013962392842765526;0.010405451407877362;0.0051851477035781655
71.988;0.0002211068411948027;-0.0005094547433322247;0.0019666119054338113;0.013957598295957352;0.010411854617094018;0.005185097088953205
72.081;0.00022134868709027685;-0.0005093488673407161;0.0019666123862005446;0.013952800634402898;0.010418260861492133;0.005185046950473248
72.175;0.000221509899163424;-0.0005092782155344166;0.0019666117951039784;0.013949604696541698;0.010422526740510866;0.005185013291879478
72.269;0.0002217516587469528;-0.0005091721540527688;0.00196661211654966;0.013944804856972085;0.010428924743429938;0.005184962946352377
72.364;0.00022199334504321197;-0.0005090659867870736;0.0019666124610611983;0.013939996428479654;0.01043533093061314;0.0051849134354098195
72.458;0.00022223501406017033;-0.0005089597305150426;0.0019666120255365177;0.013935198547486888;0.01044171985612138;0.005184862909008734
72.554;0.00022239607689720454;-0.0005088888976466172;0.0019666109621935108;0.01393198432977904;0.01044598358233586;0.005184829588355665
72.648;0.00022263763441224185;-0.0005087824378662089;0.0019666117380804293;0.013927180094131512;0.010452378275379497;0.005184779932938556
72.741;0.00022287914511807534;-0.0005086759249638838;0.001966611051002311;0.013922364736197223;0.010458762507543688;0.005184729610667252
72.837;0.00022312058028569218;-0.0005085693003490188;0.00196661144773295;0.0139175429969018;0.010465154628995011;0.005184680144862635
72.932;0.00022336196489238612;-0.0005084625467851175;0.0019666116766173386;0.013912721875700277;0.010471543222577052;0.005184630675068692
73.027;0.00022352287404307786;-0.0005083913474338789;0.001966611864836956;0.013909513532462336;0.010475794596133885;0.0051845972847519
73.122;0.00022376416793542595;-0.0005082844450818836;0.0019666117117838064;0.013904685212374807;0.010482176794318303;0.00518454769852771
73.217;0.0002240054159997823;-0.0005081774446959437;0.0019666113366624658;0.013899858392365945;0.010488553482349334;0.005184497958251231
73.31;0.0002242466056632843;-0.0005080703259822885;0.001966612210887545;0.013895029931958304;0.010494931841371851;0.005184448615209671
73.407;0.0002244073552680659;-0.0005079988480535284;0.001966612092901362;0.013891803141880618;0.010499184750333014;0.0051844158626240255
73.503;0.00022464845693068446;-0.0005078916206317092;0.001966611731609312;0.013886968337979526;0.010505556074568403;0.0051843663482233765
73.596;0.00022488950702950986;-0.0005077842624743663;0.001966611282067649;0.013882132550866557;0.010511923341210906;0.005184316778117569
73.69;0.00022513048212376765;-0.0005076768365872479;0.001966611243304123;0.013877290504262153;0.01051829888532002;0.005184268084642238
73.783;0.00022529111656237878;-0.0005076050571844073;0.0019666112084967264;0.013874057910855104;0.010522535861032823;0.005184234681770018
73.878;0.00022553200769381466;-0.000507497440382786;0.001966611624186907;0.013869217442947623;0.010528904016509012;0.005184185875484606
73.971;0.00022577283574322227;-0.0005073896137765578;0.001966611893861651;0.013864362972093834;0.0105352668063566;0.005184136811943278
74.066;0.00022601362880598556;-0.0005072818585845562;0.0019666110165054945;0.013859516978370698;0.010541625206355982;0.005184087711839892
74.162;0.00022617410893056037;-0.0005072098841013835;0.0019666115354485636;0.013856278587340945;0.010545866512530488;0.005184055277339954
74.257;0.0002264147974507904;-0.0005071018859497405;0.00196661129539164;0.013851423501789596;0.010552222525946505;0.005184006381672215
74.354;0.00022665544329738454;-0.0005069937256926933;0.001966611906905608;0.013846564837044481;0.010558568579219607;0.005183956954512653
74.45;0.00022689600993259755;-0.0005068856202214472;0.0019666107845126546;0.013841703450354705;0.010564928774406616;0.005183908867619907
74.544;0.00022713653482700914;-0.0005067772965309092;0.001966610232075649;0.013836832495982455;0.010571276130619105;0.00518385996282961
74.639;0.00022729685209080553;-0.0005067050396380786;0.001966610090534044;0.013833591703317473;0.010575507480684341;0.005183827555919617
74.733;0.0002275372798774571;-0.0005065965440095412;0.0019666106001722146;0.013828718829101678;0.010581849723949373;0.005183778706963309
74.83;0.0002277776421890038;-0.0005064879182503083;0.001966611779876394;0.01382384622841651;0.010588197237325715;0.005183730554732734
74.922;0.00022801795900706908;-0.0005063792431964887;0.0019666108357384265;0.013818967296686588;0.010594536035065036;0.005183681907268794
75.016;0.00022817814540029412;-0.0005063067023598801;0.0019666111656566564;0.013815720384550811;0.010598760012076401;0.00518364953203511
75.11;0.0002284183614815778;-0.0005061978630156471;0.0019666110089242884;0.01381083542693657;0.010605098170375858;0.005183601249787025
75.206;0.00022865852509581394;-0.0005060889568341434;0.0019666107015689216;0.013805955412087225;0.01061143641328014;0.005183553277550409
75.3;0.00022889864292174837;-0.0005059799143621187;0.0019666103801755336;0.013801068628075475;0.010617763489887475;0.005183504642701627
75.394;0.0002290586763773651;-0.0005059070898095868;0.001966611119222573;0.013797804009166671;0.010621984983499616;0.005183472607041494
75.487;0.00022929868714884543;-0.0005057979202797705;0.0019666106640730137;0.013792914012504733;0.010628316571412822;0.005183424754053652
75.583;0.0002295386503457523;-0.0005056885678694238;0.0019666106023641457;0.01378801697871159;0.01063463901551048;0.005183376398971397
75.679;0.00022977854394068287;-0.000505579176624077;0.0019666105615785854;0.013783120981633812;0.010640970064529735;0.005183328998275921
75.773;0.00023001839034581873;-0.0005054695971978866;0.0019666114109733986;0.013778223605092345;0.01064729008422608;0.005183281005818433
75.867;0.0002301782804384735;-0.0005053965928056767;0.0019666095660554788;0.013774956587977186;0.010651494456876126;0.005183248392409353
75.962;0.00023041801289399566;-0.0005052868637692367;0.0019666107095079807;0.013770050232818472;0.010657818524258978;0.005183201115461123
76.059;0.00023065771761308438;-0.0005051770500172193;0.0019666107982288746;0.013765142927861861;0.01066413043146387;0.005183153107757618
76.155;0.00023089735339860534;-0.0005050671732570978;0.0019666109673886238;0.013760232931605922;0.010670444599249498;0.005183105540684941
76.249;0.00023105707641962758;-0.0005049938313997379;0.0019666111198878037;0.013756957467475853;0.010674653630773002;0.005183073927936762
76.342;0.00023129662315510117;-0.0005048837566867463;0.001966610545164618;0.013752040689010455;0.010680962745190127;0.005183026342007031
76.435;0.00023153610383160045;-0.0005047736066097699;0.0019666109069273793;0.013747119123038165;0.010687270190118899;0.005182978884306944
76.531;0.00023177554009755374;-0.0005046633619913138;0.0019666106928163283;0.013742199730314516;0.010693573515473969;0.005182931370628079
76.626;0.00023193514112791362;-0.0005045897277222528;0.001966610878156487;0.013738917196001028;0.010697765765105931;0.005182899046102294
76.719;0.00023217448634291194;-0.0005044793677991739;0.001966609932143678;0.013733995887650804;0.01070406649216226;0.005182851745334789
76.814;0.000232413746041193;-0.0005043687649744556;0.001966611313180522;0.0137290665853233;0.010710371554618587;0.005182805051415938
76.909;0.00023265297657239223;-0.0005042581882428133;0.0019666106012754207;0.013724135876563926;0.010716665304069655;0.005182757680130408
