25.977;0.0034688530942402433;0.016280346772880233;-0.03068697324247309;-5.235276463792794e-07;-3.142784626579174e-06;-0.08425490464402734;0.9964442337799315
26.073;0.003488110857283274;0.01634335323052876;-0.030686973236753373;-5.245690521190831e-07;-3.14254373744425e-06;-0.08458809424173659;0.9964160046398294
26.167;0.0035074111318169543;0.016406346686482387;-0.03068697323194623;-5.25616535583723e-07;-3.1423083616017747e-06;-0.08492127083246687;0.9963876643907474
26.262;0.0035267539080299747;0.016469327114117558;-0.0306869732241822;-5.266656257533804e-07;-3.142065450239177e-06;-0.08525443438398984;0.9963592130390104
26.357;0.003539672699156716;0.01651130681372877;-0.03068697322198244;-5.273585916074063e-07;-3.1419063255868307e-06;-0.08547653615930126;0.9963401837505391
26.451;0.0035590862894233893;0.016574265465915564;-0.03068697321518548;-5.284027736171345e-07;-3.141658494322262e-06;-0.08580967790993534;0.9963115472415464
26.546;0.0035785423548609753;0.016637211016689586;-0.03068697321038089;-5.29447790862469e-07;-3.141422297490571e-06;-0.08614280653956952;0.9962827996464345
26.641;0.0035980408856679594;0.016700143438925244;-0.030686973204857932;-5.304905100962114e-07;-3.1411784460071503e-06;-0.0864759220154407;0.9962539409715934
26.736;0.0036110634932030854;0.01674209108012737;-0.030686973200893846;-5.311901011908491e-07;-3.1410192616508457e-06;-0.0866979916769392;0.9962346401471077
26.829;0.0036306327775529647;0.016805001561284318;-0.030686973194804967;-5.322356153671516e-07;-3.140776986731713e-06;-0.08703108516154341;0.9962055963532109
26.922;0.003650244500723045;0.01686789884146018;-0.030686973189370526;-5.33282191062018e-07;-3.140535252646181e-06;-0.08736416540954937;0.9961764414962572
27.014;0.0036633425550435302;0.016909823014221847;-0.030686973184635966;-5.339766547633519e-07;-3.140368684979786e-06;-0.08758621153863745;0.9961569432263985
27.099;0.0036830249874717485;0.01697269823269047;-0.0306869731804013;-5.350178519535898e-07;-3.140127686853589e-06;-0.0879192696559809;0.9961276032783212
27.195;0.003702749832122638;0.017035560177723636;-0.030686973172769492;-5.360695630025874e-07;-3.139882039542808e-06;-0.08825231445290734;0.9960981522839799
27.288;0.0037225170789418494;0.01709840882222487;-0.030686973167342313;-5.371128060919476e-07;-3.139636567939749e-06;-0.08858534589810976;0.9960685902496709
27.383;0.0037357187953461143;0.0171403005162188;-0.030686973163053723;-5.378085818428148e-07;-3.139472065060688e-06;-0.08880735942847785;0.9960488205410394
27.476;0.0037555566901824548;0.01720312693289659;-0.030686973158627867;-5.388520938459208e-07;-3.139231671795267e-06;-0.08914036855162003;0.9960190734540862
27.568;0.003775436960380338;0.017265939976796336;-0.030686973152881363;-5.398967812326283e-07;-3.1389864950816156e-06;-0.089473364238887;0.9959892153440371
27.659;0.0037953595959779596;0.017328739621021893;-0.030686973146331155;-5.40943254446465e-07;-3.1387392806649995e-06;-0.08980634645917751;0.9959592462171883
27.755;0.0038086648843420595;0.01737059859260402;-0.030686973142436028;-5.416400237128632e-07;-3.138574233349504e-06;-0.09002832710882269;0.9959392051264188
27.847;0.003828658106302214;0.017433375842788205;-0.03068697313737096;-5.426841965481895e-07;-3.138332691388031e-06;-0.09036128681470197;0.9959090509856047
27.942;0.0038486936666055228;0.01749613962092545;-0.030686973132986142;-5.437277911262702e-07;-3.1380905177431637e-06;-0.09069423296952733;0.9958787858449069
28.032;0.003862074223058728;0.017537974641665035;-0.03068697312780801;-5.444251308292207e-07;-3.137920240128109e-06;-0.09091618952812884;0.9958585474210394
28.124;0.003882180324683864;0.017600715905565358;-0.03068697312335606;-5.454658907147666e-07;-3.1376737446090625e-06;-0.091249113027533;0.9958280972946816
28.22;0.0039023287376277046;0.017663443624825925;-0.030686973116818304;-5.465156170283971e-07;-3.1374298516437296e-06;-0.09158202289210221;0.9957975361853677
28.305;0.0039157845140896565;0.01770525456614409;-0.030686973113938486;-5.472063837894468e-07;-3.1372617557576044e-06;-0.09180395521055347;0.9957771004585096
28.398;0.003936003423069536;0.01776795965090376;-0.030686973106800124;-5.482546590703205e-07;-3.137010950581963e-06;-0.09213684227902211;0.995746354391875
28.492;0.003956264616030863;0.017830651118480492;-0.030686973101946607;-5.492947608570173e-07;-3.1367633778678884e-06;-0.09246971562812754;0.9957154973593172
28.585;0.003976568082823999;0.01789332894190066;-0.030686973097799285;-5.503374510547311e-07;-3.1365192017288664e-06;-0.09280257522639301;0.9956845293672134
28.676;0.003990127207705564;0.017935106564104287;-0.03068697309360483;-5.510317393553649e-07;-3.1363489252723726e-06;-0.09302447396938757;0.9956638223981921
28.767;0.004010501108045912;0.01799776158728906;-0.030686973087813867;-5.520810352184076e-07;-3.136104793820325e-06;-0.09335731057865358;0.9956326694877892
28.863;0.004030917254670749;0.018060402894112842;-0.030686973081986584;-5.531236789476415e-07;-3.1358525569404088e-06;-0.0936901333513837;0.9956014056350365
28.953;0.004044551484259341;0.018102156131457853;-0.03068697307809582;-5.538193129987623e-07;-3.135685796407709e-06;-0.09391200749781878;0.9955805014350122
29.043;0.0040650380187530095;0.018164774517534933;-0.030686973072632236;-5.548642309690614e-07;-3.135438403200963e-06;-0.09424480714083708;0.9955490526924564
29.139;0.004085566772046988;0.01822737911489267;-0.030686973067582293;-5.559063836922228e-07;-3.135186656479188e-06;-0.09457759286294617;0.9955174930246642
29.232;0.00409927605743002;0.018269107839110864;-0.030686973062519322;-5.566059349567091e-07;-3.135017198827001e-06;-0.09479944226167739;0.995496391624167
29.322;0.004119875152562213;0.018331689395287277;-0.030686973058042605;-5.576491204328764e-07;-3.1347724828713813e-06;-0.09513220471286518;0.9954646470951803
29.416;0.004140516438957315;0.018394257090459012;-0.030686973052875183;-5.586919073181594e-07;-3.1345210791081934e-06;-0.09546495315817921;0.9954327916581658
29.416;0.0041611999061197365;0.018456810897457356;-0.0306869730471033;-5.59735618964817e-07;-3.1342711371305456e-06;-0.09579768756631736;0.995400825319534
29.602;0.004175012312896055;0.018498505706747072;-0.030686973043026866;-5.604322027716852e-07;-3.1341016507529048e-06;-0.09601950269063819;0.995379452818324
29.69;0.004195766058400408;0.018561036307158173;-0.030686973037468514;-5.614755061181087e-07;-3.133847197943511e-06;-0.09635221363215465;0.9953473016580934
29.788;0.0042165619568936994;0.018623552947463807;-0.03068697303272748;-5.625185951070649e-07;-3.133597281094298e-06;-0.0966849104516543;0.9953150396134984
29.88;0.004230449302344955;0.0186652229382965;-0.030686973029603572;-5.632110966195265e-07;-3.1334263498671277e-06;-0.09690670046937716;0.9952934699846085
29.97;0.004251315432728551;0.018727716251593904;-0.03068697302281219;-5.642589188692668e-07;-3.133175702541341e-06;-0.09723937368064306;0.9952610231472251
30.061;0.004272223688081174;0.018790195532050885;-0.03068697301739;-5.653014424442135e-07;-3.13292357358424e-06;-0.09757203268401074;0.9952284654428728
30.154;0.004286185922625366;0.018831840576561055;-0.03068697301482665;-5.659929636589484e-07;-3.132752583116257e-06;-0.09779379744376764;0.9952066987171023
30.245;0.004307164363242605;0.018894296409995712;-0.030686973008483408;-5.67038031652583e-07;-3.13249546988172e-06;-0.09812643269635445;0.9951739562489333
30.338;0.004328184900785856;0.018956738138514024;-0.0306869730042131;-5.680819931752017e-07;-3.132248052716287e-06;-0.09845905365660138;0.9951411029310933
30.434;0.0043492475248635976;0.019019165735548852;-0.030686972997970942;-5.691251490365695e-07;-3.1319860895065952e-06;-0.09879166029053327;0.995108138770308
30.528;0.004363312650393045;0.01906077626910427;-0.03068697299323271;-5.698251611694023e-07;-3.13181803023035e-06;-0.09901339007284334;0.9950861010868106
30.621;0.004384445395046792;0.019123180253264413;-0.03068697298839133;-5.708635712615775e-07;-3.1315624533892467e-06;-0.09934597276072939;0.9950529522020886
30.714;0.004405620198061585;0.01918557003375039;-0.03068697298445837;-5.719064413065063e-07;-3.1313120574203155e-06;-0.09967854103835758;0.9950196924917276
30.807;0.004426837048618801;0.019247945583419163;-0.03068697297830808;-5.729524297908295e-07;-3.13105651446718e-06;-0.10001109487268223;0.9949863219623853
30.901;0.004441004970162286;0.01928952136354413;-0.030686972974581405;-5.736461256054885e-07;-3.130884824272808e-06;-0.10023278938899566;0.9949640133799662
30.993;0.004462291876530173;0.019351873135221388;-0.030686972970268005;-5.746878243341217e-07;-3.130630906965957e-06;-0.10056531908037296;0.9949304581668669
31.083;0.004483620802105654;0.01941421060362605;-0.03068697296501001;-5.757295835637027e-07;-3.130370707052461e-06;-0.1008978342424602;0.994896792152357
31.179;0.004497863424582372;0.019455760956556583;-0.030686972960898253;-5.764275404634352e-07;-3.1302017213732102e-06;-0.10111950293016582;0.9948742865895298
31.277;0.00451926235841984;0.01951807452680614;-0.03068697295604183;-5.774692114963243e-07;-3.1299449885015642e-06;-0.10145199380625218;0.9948404359205582
31.369;0.00454070328290474;0.01958037372168836;-0.03068697295061677;-5.785074409785352e-07;-3.1296823670238003e-06;-0.10178447006704706;0.9948064744677937
31.458;0.004562186187488578;0.01964265851508361;-0.030686972945113987;-5.795532401671349e-07;-3.1294289085243594e-06;-0.1021169316816076;0.9947724022377203
31.553;0.004576531440747765;0.019684173695948933;-0.030686972941637296;-5.802469433289348e-07;-3.1292540948421002e-06;-0.1023385646042903;0.9947496258780922
31.65;0.0045980842880286;0.019746434425532727;-0.030686972936605116;-5.812910031367564e-07;-3.1289991507015624e-06;-0.10267100173506669;0.9947153690340718
31.738;0.004619679086472649;0.019808680680931997;-0.030686972931074627;-5.823331204486781e-07;-3.128739363974802e-06;-0.10300342413210149;0.9946810014305766
31.829;0.004634098919765146;0.01985017013013141;-0.03068697292772274;-5.830268553303694e-07;-3.128567067074993e-06;-0.10322503086236488;0.9946580281651257
31.927;0.004655763613006461;0.019912392201876742;-0.03068697292174436;-5.840710622122962e-07;-3.1283057204496108e-06;-0.1035574286318129;0.9946234759772361
32.021;0.004677470228714646;0.019974599727663526;-0.03068697291833123;-5.851099480813268e-07;-3.1280503075310393e-06;-0.10388981158196028;0.9945888130475516
32.106;0.004691964590738359;0.020016063316769174;-0.030686972914204698;-5.858049643616191e-07;-3.1278720622647887e-06;-0.10411139196563056;0.994565642907924
32.199;0.004713741053100124;0.020078246538711996;-0.030686972908064797;-5.868485676886658e-07;-3.1276131617660063e-06;-0.10444375014398312;0.9945307954235177
32.289;0.004735559408981139;0.02014041514252578;-0.030686972903320436;-5.878921738370369e-07;-3.127356032402859e-06;-0.10477609341620642;0.9944958372151753
32.378;0.0047501282483086125;0.02018185274385173;-0.030686972900806152;-5.885847032236801e-07;-3.1271806922220147e-06;-0.1049976472999896;0.9944724702330083
32.471;0.004772016402470998;0.02024399692414996;-0.03068697289540858;-5.896319163283168e-07;-3.1269263530450497e-06;-0.10532996565654519;0.9944373274996601
32.565;0.004793946420908325;0.020306126414008994;-0.0306869728894361;-5.906701584826316e-07;-3.1266560198586033e-06;-0.10566226901863515;0.9944020740604421
32.652;0.004808589685830021;0.02034753789941382;-0.030686972884919866;-5.91367638258089e-07;-3.126481899448177e-06;-0.10588379624844978;0.99437851026754
32.745;0.004830589454019042;0.020409642845615455;-0.030686972880960013;-5.924054516720206e-07;-3.1262216493793423e-06;-0.10621607455072903;0.9943430723331408
32.836;0.0048526310573897904;0.02047173302951948;-0.030686972876840433;-5.934479744552318e-07;-3.1259627273904506e-06;-0.10654833777333637;0.9943075237106554
32.929;0.004867348696045855;0.020513118271095646;-0.030686972872642618;-5.941460153533782e-07;-3.1257877802663956e-06;-0.10676983819449624;0.994283763138973
33.024;0.00488946000031737;0.020575183791457664;-0.030686972866952437;-5.951856142634771e-07;-3.1255218730513675e-06;-0.10710207621095437;0.9942480300514455
33.117;0.004911613110496042;0.020637234477652002;-0.030686972861351518;-5.962277422873457e-07;-3.125257731631634e-06;-0.10743429906076046;0.9942121862938517
33.21;0.004933808015542486;0.020699270302883422;-0.03068697285803046;-5.972642849676853e-07;-3.1249941620275476e-06;-0.1077665067109648;0.9941762318729981
33.304;0.004948627832806751;0.020740619250084046;-0.03068697285302276;-5.97968196573782e-07;-3.124826218574863e-06;-0.10798797001824993;0.9941522007827652
33.397;0.004970892371333167;0.02080263024693073;-0.03068697284920282;-5.990033524042918e-07;-3.124558140982123e-06;-0.10832015226283027;0.9941160619382607
33.489;0.004993198675137231;0.020864626310572114;-0.030686972842331663;-6.000485630909924e-07;-3.1242927915914337e-06;-0.10865231922100459;0.9940798124485658
33.583;0.005015546733226166;0.020926607414282972;-0.03068697283865169;-6.010863486027464e-07;-3.124028882144348e-06;-0.10898447085969155;0.9940434523205274
33.675;0.005030468629883992;0.02096791982547321;-0.030686972835075835;-6.017834355985188e-07;-3.1238514661739198e-06;-0.10920589675833733;0.9940191507728042
33.768;0.005052886253582878;0.02102987593568296;-0.030686972830083144;-6.028229321040172e-07;-3.1235861286441623e-06;-0.10953802279144796;0.9939826062627154
33.865;0.005075345601913871;0.021091817014179663;-0.03068697282526331;-6.038647612646449e-07;-3.1233221558936327e-06;-0.1098701334177293;0.9939459511324802
33.957;0.005090341675555827;0.02113310270199847;-0.030686972822624052;-6.045570136714769e-07;-3.123148414075617e-06;-0.11009153192643571;0.9939214529267245
34.047;0.005112870539986851;0.021195018667472577;-0.030686972816674454;-6.055980325928983e-07;-3.1228737552712818e-06;-0.11042361680049853;0.99388461344493
34.141;0.005135441099154483;0.021256919528947434;-0.030686972812079046;-6.066409824607908e-07;-3.1226121973629566e-06;-0.11075568618109172;0.9938476633611597
34.236;0.005158053341817709;0.021318805259581897;-0.03068697280794909;-6.076791072306852e-07;-3.1223491791537695e-06;-0.11108774003393562;0.9938106026824399
34.332;0.005173151322331714;0.021360053994538865;-0.030686972805248743;-6.083710222607062e-07;-3.1221700269455986e-06;-0.11130910062623715;0.9937858341250695
34.426;0.0051958330126105675;0.021421914447407486;-0.030686972799302156;-6.094150109393835e-07;-3.1219016904998855e-06;-0.11164112852640483;0.9937485891367259
34.52;0.005218556356510955;0.021483759698036068;-0.03068697279364222;-6.104575980342227e-07;-3.1216326399422926e-06;-0.1119731408111481;0.9937112335717907
34.52;0.005233728387685172;0.021524981405801807;-0.030686972789738035;-6.111507829779798e-07;-3.1214516369517364e-06;-0.11219447364266426;0.9936862684338195
34.613;0.00525652112904537;0.021586801258723004;-0.030686972784130857;-6.121902541139345e-07;-3.1211788067594797e-06;-0.11252645982815646;0.9936487285899508
34.705;0.00527935549393492;0.021648605837574792;-0.03068697277926668;-6.132312390798193e-07;-3.1209101402633586e-06;-0.11285843031069527;0.9936110781878844
34.8;0.005302231470888051;0.021710395114631444;-0.03068697277492486;-6.142754756949749e-07;-3.120650046115105e-06;-0.11319038505756682;0.993573317234518
34.891;0.005317505234395685;0.021751579452086976;-0.030686972772573106;-6.14965787157174e-07;-3.120466997235352e-06;-0.11341167946249285;0.9935480818517952
34.981;0.005340450539680299;0.021813343167392855;-0.03068697276742171;-6.160060795277941e-07;-3.1201988380164757e-06;-0.1137436079078823;0.993510136661918
35.075;0.005363437426920778;0.021875091509934115;-0.0306869727626691;-6.170461728057289e-07;-3.119929137490401e-06;-0.11407552052859389;0.9934720809393769
35.164;0.005378785113811478;0.021916248517588544;-0.030686972760172238;-6.177430471338298e-07;-3.1197551328565723e-06;-0.11429678680177466;0.9934466490540271
35.259;0.005401841278628374;0.02197797117796394;-0.030686972754023663;-6.187798777043507e-07;-3.119476140054642e-06;-0.11462867297372697;0.9934084091259587
35.35;0.0054249389949370995;0.02203967839352777;-0.030686972748341902;-6.198245395497504e-07;-3.1192057922516886e-06;-0.11496054323352689;0.9933700586837408
35.443;0.00544036055109707;0.022080807943891913;-0.03068697274716476;-6.205115099933514e-07;-3.1190278185702925e-06;-0.11518178121659445;0.9933444303290069
35.536;0.005463527494392582;0.02214248935825575;-0.03068697274100944;-6.215552359755826e-07;-3.1187552285302773e-06;-0.11551362488087792;0.9933058957122761
35.631;0.0054867359586715184;0.022204155256290013;-0.03068697273747244;-6.225933809637299e-07;-3.1184877478033265e-06;-0.11584545254404689;0.9932672506001357
35.725;0.00550998593232503;0.022265805610740874;-0.030686972732476822;-6.23635471586375e-07;-3.1182191694361534e-06;-0.11617726417248257;0.9932284949996576
35.818;0.005525508969862212;0.022306897198550942;-0.030686972729149442;-6.243270538661709e-07;-3.118034526033978e-06;-0.11639846299966068;0.9932025965537973
35.91;0.0055488281002872225;0.022368521587509328;-0.03068697272412569;-6.253673652075482e-07;-3.1177606985164152e-06;-0.11673024782916798;0.9931636568217896
36.003;0.005572188709402754;0.022430130361134382;-0.03068697272024001;-6.264049698392145e-07;-3.117489818741376e-06;-0.117062016535456;0.9931246066202074
36.098;0.005595590785691518;0.022491723492747032;-0.030686972715616316;-6.27445012342409e-07;-3.117217712596791e-06;-0.11739376908489328;0.9930854459561534
36.189;0.0056112152015556456;0.022532776877284045;-0.030686972711900525;-6.281409369718078e-07;-3.117035638642323e-06;-0.11761492845876206;0.9930592774822307
36.282;0.005634686364022661;0.022594343879101125;-0.030686972705906007;-6.291796940892311e-07;-3.116755732868456e-06;-0.11794665400547812;0.9930199327298531
36.377;0.0056581989628400305;0.02265589516720171;-0.030686972701369823;-6.30220967093639e-07;-3.116485706941553e-06;-0.11827836330740502;0.992980477533779
36.471;0.005681752986277349;0.022717430714787552;-0.030686972696619963;-6.312603099540135e-07;-3.116209652881344e-06;-0.11861005632961229;0.992940911901296
36.561;0.005697478676605392;0.022758445655292375;-0.03068697269330318;-6.319533614012726e-07;-3.116026628512495e-06;-0.11883117595078974;0.9929144734628675
36.656;0.005721101715240125;0.02281995490850619;-0.0306869726895461;-6.329913706594603e-07;-3.1157540752162363e-06;-0.11916284176719845;0.9928747237853611
36.75;0.005744766147526869;0.022881448349792152;-0.030686972684285406;-6.34032051576445e-07;-3.115478540703932e-06;-0.11949449121508449;0.9928348636904023
36.846;0.005768471961744678;0.0229429259520752;-0.03068697268032343;-6.350688853265649e-07;-3.1152051582573876e-06;-0.11982612426136702;0.9927948931850886
36.939;0.005784298822088987;0.022983902207624574;-0.030686972676043672;-6.357651042958605e-07;-3.115017502531493e-06;-0.12004720382987799;0.9927681848460496
37.033;0.005808073580110653;0.023045353351495296;-0.030686972671524933;-6.368046083392484e-07;-3.1147458216492407e-06;-0.12037880946561637;0.9927280303393945
37.127;0.005831889688834722;0.0231067885848367;-0.030686972668153456;-6.378406041959761e-07;-3.114471668200818e-06;-0.12071039860998053;0.9926877654415375
37.218;0.00584779006145927;0.02314773655459697;-0.030686972664050058;-6.385372209582375e-07;-3.114283135989416e-06;-0.12093144886086098;0.9926608608514322
37.311;0.005871675061872069;0.02320914521047769;-0.030686972660474772;-6.395747172874436e-07;-3.114011230702888e-06;-0.1212630104456183;0.9926204119841382
37.404;0.005895601381579057;0.023270537884142826;-0.03068697265483229;-6.406103728339971e-07;-3.113726168208842e-06;-0.12159455544859984;0.9925798527449324
37.497;0.0059195690088404765;0.023331914548713556;-0.030686972651409357;-6.416489668231857e-07;-3.1134524621159275e-06;-0.12192608383826758;0.9925391831407759
37.589;0.005935570369726781;0.023372823417921934;-0.03068697264670464;-6.423475193525597e-07;-3.1132672453251755e-06;-0.12214709351776332;0.9925120087611321
37.68;0.0059596068165526945;0.02343417334135605;-0.030686972642972092;-6.433822398345995e-07;-3.1129901832346037e-06;-0.12247859414190881;0.9924711552316858
37.776;0.00598368453933517;0.023495507183887532;-0.030686972637343345;-6.444242431754471e-07;-3.1127102166583276e-06;-0.12281007806186256;0.9924301913567196
37.87;0.0059997592797651905;0.023536387465476268;-0.030686972635632578;-6.451154163159405e-07;-3.1125280042158238e-06;-0.12303105804543188;0.9924028208072153
37.961;0.006023905769487036;0.023597694447420468;-0.030686972630542514;-6.461556913689558e-07;-3.1122515019392896e-06;-0.12336251405070786;0.9923616730391118
38.053;0.006048093503557096;0.023658985277364184;-0.030686972624705683;-6.471956528746376e-07;-3.111966726891116e-06;-0.12369395326141143;0.9923204149449213
38.145;0.006072322469946477;0.023720259928020605;-0.03068697262039212;-6.482315149694275e-07;-3.1116841786855137e-06;-0.1240253756445039;0.9922790465318396
38.235;0.006088498015246141;0.023761100693742918;-0.030686972618418712;-6.489250480239758e-07;-3.111504945236476e-06;-0.12424631453532506;0.9922514063050183
38.327;0.0061127956759155656;0.02382234832066315;-0.030686972612383814;-6.499669201374091e-07;-3.111221827679352e-06;-0.12457770879726224;0.9922098540433483
38.421;0.006137134536916519;0.023883579696451177;-0.030686972608898716;-6.50998547756287e-07;-3.1109420909078124e-06;-0.12490908614152545;0.9921681914822644
38.515;0.006153383327652017;0.023924391572656793;-0.030686972606072588;-6.51693180029789e-07;-3.1107577106059064e-06;-0.12512999495586427;0.992140355167677
38.605;0.006177790829723883;0.023985595805240567;-0.03068697260096399;-6.527331567987332e-07;-3.110474217761071e-06;-0.1254613440284337;0.9920985087905727
38.699;0.006202239500367535;0.02404678371589674;-0.03068697259724443;-6.537642184528635e-07;-3.110187904632368e-06;-0.12579267609261605;0.9920565521336764
38.794;0.006218561479613416;0.02408756657545069;-0.03068697259372164;-6.544570886611858e-07;-3.1100004385614143e-06;-0.1260135546700752;0.992028519766096
38.886;0.006243078737840552;0.02414872722346233;-0.03068697258900703;-6.554973206057808e-07;-3.1097186522111174e-06;-0.12634485831262754;0.9919863793257758
38.976;0.00626763713257366;0.024209871478447782;-0.030686972584816438;-6.565370504410042e-07;-3.109439608475334e-06;-0.12667614485696435;0.9919441286252356
39.069;0.006292236651622573;0.024270999313052835;-0.030686972580270658;-6.575758411353132e-07;-3.1091571503373775e-06;-0.12700741426862752;0.9919017676719293
39.163;0.006308659172046497;0.024311742067682805;-0.030686972577099875;-6.582674984998235e-07;-3.108969564197772e-06;-0.12722825100833685;0.9918734657884848
39.257;0.006333327204838857;0.02437284247599574;-0.030686972572451725;-6.593057525028399e-07;-3.1086838196945126e-06;-0.12755949179009973;0.9918309210970149
39.349;0.006358036329896316;0.024433926393466306;-0.03068697256912306;-6.60341239521932e-07;-3.1084034212991676e-06;-0.12789071534931054;0.9917882661724443
39.442;0.006374531902906844;0.02447463982974205;-0.030686972565124725;-6.610370668681029e-07;-3.1082160872537945e-06;-0.1281115214703013;0.9917597683191564
39.535;0.0063993094877829275;0.024535696201877236;-0.030686972561134857;-6.620729110949132e-07;-3.1079321100936066e-06;-0.1284427162485103;0.9917169296894187
39.627;0.006424128132319936;0.024596736011064265;-0.030686972556682485;-6.631074330051869e-07;-3.107645063461822e-06;-0.12877389371258238;0.9916739808465298
39.719;0.006448987824460119;0.02465775923093663;-0.03068697255322675;-6.641436540511506e-07;-3.1073611499833706e-06;-0.1291050538290549;0.9916309217978734
39.815;0.006465583750684455;0.024698432147752896;-0.03068697254954412;-6.648361940154362e-07;-3.107170557603163e-06;-0.1293258175853787;0.9916021545437349
39.912;0.006490511828189959;0.024759427658887754;-0.03068697254401653;-6.658755216189098e-07;-3.1068837852225353e-06;-0.12965694871272035;0.9915589118355052
40.005;0.0065154809207581925;0.024820406509485273;-0.03068697254093218;-6.669144705441352e-07;-3.1066063920159356e-06;-0.12998806240191743;0.9915155589414114
40.098;0.006540491015932034;0.024881368672291945;-0.030686972537072615;-6.67948962019509e-07;-3.1063152664569255e-06;-0.13031915861691462;0.99147209586921
40.19;0.00655718718591602;0.024922000830133396;-0.030686972533525158;-6.686405742802967e-07;-3.1061259434581135e-06;-0.1305398797031547;0.9914430592812634
40.283;0.006582265591603898;0.02498293512095995;-0.030686972529099577;-6.696765861708195e-07;-3.1058395039469894e-06;-0.13087094672084093;0.9913994125952952
40.378;0.006607384967253655;0.025043852653049658;-0.03068697252457899;-6.707154342349944e-07;-3.1055528284105704e-06;-0.13120199617428505;0.9913556557511479
40.462;0.0059507438529832635;0.024678236756381304;-0.03068680904032139;-1.125836076982521e-06;-2.9283011629045386e-06;-0.1312709346646723;0.9913465295760212
40.544;0.0011250441375843367;0.02194436163021959;-0.030686795942584985;-1.1647183209992247e-06;-3.261682756322547e-06;-0.12984844588915612;0.9915338527191978
40.636;-0.004466497596690125;0.01876204818294613;-0.030686780687097157;-1.2826431413007032e-06;-3.194203178696879e-06;-0.12737331843286545;0.9918548471119913
40.724;-0.016548171438015888;0.011754660537062096;-0.030686776422811878;-1.2232349968454385e-06;-2.7523739386960783e-06;-0.12203193870388636;0.9925261739254533
40.81;-0.026928662100072824;0.005531649458514677;-0.03068678594271889;-1.1074073643174046e-06;-2.741972177164741e-06;-0.121284344301224;0.9926178055116065
40.899;-0.04630529396286072;-0.006127095086503196;-0.030686802227820276;-9.161720362223826e-07;-2.8166980089887607e-06;-0.12240336923822746;0.992480435671332
40.973;-0.061693259034544756;-0.015360339205380191;-0.030686800474813196;-8.215863960404875e-07;-2.6610431839179373e-06;-0.1245698389117848;0.9922108421226489
41.063;-0.0889093418438658;-0.030405004813116147;-0.03068665009848539;-6.729296358628484e-07;-2.096057379739646e-06;-0.13183990620957287;0.9912710220347434
41.148;-0.10958736386268199;-0.0399770920509169;-0.03068723206349365;-6.885187616052215e-06;4.799509685590034e-07;-0.13619302138486813;0.9906823208669995
41.234;-0.14359323258501525;-0.05356392837520245;-0.030685857475741568;-9.93681540618067e-06;6.189404144672173e-06;-0.14242809194952252;0.9898051517781514
41.311;-0.1678198570255561;-0.06228825152712795;-0.03068565560214776;-6.713685379701135e-06;6.008069121304216e-06;-0.14365008700785506;0.9896285426469191
41.401;-0.2050759266351714;-0.07423866553877219;-0.030686929702640912;-1.1097217142502959e-05;-8.233300886668835e-06;-0.14709695160878203;0.9891220787326851
41.482;-0.22973356248804205;-0.08207062531465623;-0.030684606132874437;-2.822445946250785e-07;5.175702996300986e-06;-0.1535360724296064;0.9881430435094016
41.571;-0.25487620622176294;-0.08560587058424966;-0.030686612453476158;-9.081650409962278e-06;1.2358153884883363e-06;-0.1523570811897305;0.9883255130407907
41.641;-0.2932977312890611;-0.08919800123074609;-0.030687278903053013;-7.391353636996724e-06;-2.3492417613772152e-07;-0.146868348040334;0.9891560485025687
41.726;-0.3191793893400819;-0.09189629482794844;-0.030687262502690105;-7.479649933646546e-06;-5.842880039117292e-07;-0.14218493059349255;0.9898401110562439
41.821;-0.35827726382900354;-0.09630632595779916;-0.030687257059638123;-7.345272626269748e-06;-8.042665299524208e-07;-0.13792645276511112;0.9904424736313733
41.908;-0.38431528161181716;-0.09964153692701275;-0.030687049191620873;-1.0549058280731922e-05;-4.612687695076663e-06;-0.13754115519097512;0.9904960527413386
41.991;-0.42102716517555605;-0.10816329262019708;-0.030686978337637845;-1.0825511975519485e-05;-9.595398976562615e-07;-0.14747615037001938;0.989065612057121
42.077;-0.4429249688670406;-0.11704130260693096;-0.03068692076612014;-1.0780399052211877e-05;-3.4518910430842795e-06;-0.14824424398585873;0.9889507793600896
42.17;-0.46719475304201064;-0.13677112966236948;-0.03068520987805155;-1.1558043370244359e-05;-1.0304348161972719e-05;-0.14210545914822365;0.9898515233309008
42.248;-0.4762086024199378;-0.15345922853222965;-0.030685431046194915;-1.1644184258939182e-05;-1.110586397890012e-05;-0.1349133367890779;0.9908574021005797
42.331;-0.4861567018334726;-0.177918335158071;-0.03068500710752096;-3.15323297846853e-06;5.780583100443143e-07;-0.13187010465654234;0.9912670051442223
42.417;-0.4936338683519494;-0.18943423129605932;-0.030684986743035304;-3.857603527111437e-06;-1.723408093483062e-08;-0.13243319156826688;0.9911919338635488
42.51;-0.5060126094640992;-0.20217671573325868;-0.030685452744339415;-4.560287718609618e-06;-2.176774459763756e-06;-0.13531468720969653;0.9908026722813215
42.588;-0.5151227660778331;-0.2098773331443157;-0.030685316169286474;-1.445743192163073e-05;2.47582182583619e-07;-0.13633736968113028;0.9906624659385013
42.675;-0.5236129596648319;-0.2252285870627619;-0.030685292814328538;-1.3313865989500466e-05;-1.7213570311140117e-07;-0.13294122549070872;0.9911239228208247
42.765;-0.525606397255835;-0.23754601324474872;-0.030685507242271783;-1.353538223939029e-05;1.6341105996116183e-06;-0.13279081306761953;0.9911440862856236
42.841;-0.5260280553532087;-0.2592011570546048;-0.030685673171772468;-1.3950004515988197e-05;3.816805096691815e-06;-0.13131136895325413;0.9913411744573367
42.936;-0.5248702377238833;-0.27593972861580085;-0.030685480638360615;-7.426965138693088e-06;3.846137477915324e-06;-0.1291365682908001;0.9916268182436995
43.023;-0.522267498075504;-0.30439215148142396;-0.03068546599214124;-1.2861145072520651e-05;3.4242764108157275e-08;-0.12875837919280628;0.9916759952838585
43.105;-0.520260956510623;-0.3256009351825119;-0.03068604054853902;-1.1286538543803021e-05;8.768401611230491e-06;-0.1334562766309909;0.9910547018321048
43.199;-0.519275846923835;-0.36068534878684794;-0.030685686748364083;-8.312521118362568e-06;4.039763407530515e-06;-0.1343343067272602;0.9909360695578139
43.288;-0.5181888696519515;-0.38515400516918696;-0.030685556455970826;-1.2457907640083954e-05;2.5494059291094772e-06;-0.14173900068539924;0.9899040637976013
43.379;-0.518169523869867;-0.4227705957123744;-0.03068554597428634;-1.2453879093094722e-05;2.070157081263909e-06;-0.15159279584566418;0.9884430302694789
43.461;-0.5174832375900383;-0.4603223765001007;-0.03068535370269567;-6.2849230871242065e-06;5.089325600098755e-06;-0.16737720715629678;0.985892930524992
43.53;-0.5172946515460477;-0.4854274758850261;-0.030686640011298973;-1.3471817147525325e-05;1.1871329175731534e-05;-0.18102362317991919;0.9834787478783648
43.623;-0.5193427431076293;-0.5107054021021006;-0.030685740165293334;-8.231436447315903e-06;4.707538906609773e-06;-0.18386517845077607;0.9829514718760772
43.72;-0.5218107905606074;-0.5485598248915785;-0.030685575570238585;-1.2303337684361561e-05;3.0160911267883272e-06;-0.19206469449357616;0.9813822664836676
43.808;-0.5235444054846868;-0.5865150428078113;-0.030686644660742713;-1.2735568365911494e-05;1.2151813929297627e-05;-0.20772367190475788;0.9781875463430023
43.888;-0.5269558772752754;-0.611694623736464;-0.03068563426185633;-1.2882703668604536e-05;3.8272098878810315e-06;-0.2089011380557815;0.9779367639772971
43.975;-0.5320080676916012;-0.6493980537386267;-0.030685776343092212;-8.18864944520042e-06;4.972850086454591e-06;-0.2124171069263189;0.977179089314374
44.07;-0.5356948088223136;-0.6744709419150495;-0.03068573179352705;-7.962465722724213e-06;4.82205051692459e-06;-0.21502188202223663;0.9766092310463598
44.157;-0.5415535217084734;-0.7119580667344569;-0.030685802384834766;-9.092845687886183e-06;9.30243881208361e-06;-0.21984288855778072;0.9755352910998947
44.235;-0.5500919033504224;-0.7356670594895909;-0.030685192414437457;-6.357405809357253e-06;4.589255304007879e-06;-0.21655581346314667;0.9762702390188063
44.329;-0.5662399846164612;-0.7717024126319478;-0.030685670754483918;-1.2360081239355971e-05;3.826083985251747e-06;-0.20337833429060329;0.9791002262147472
44.419;-0.5765211952379671;-0.7964866875260352;-0.0306856537572734;-1.2082398635639893e-05;3.423813699364347e-06;-0.19001974471135338;0.9817802689309482
44.507;-0.590669262656432;-0.8343667416645606;-0.030687238478514088;-6.249503633238247e-06;-3.2564482423636704e-06;-0.16851333503017082;0.9856993739814125
44.597;-0.6039981603275889;-0.8729680528843913;-0.030687199865528203;-7.439438715954e-06;-7.61185295705201e-07;-0.16583152889896263;0.9861540974751907
44.685;-0.6128903576247188;-0.8986019679240825;-0.03068726203524727;-7.061835722459959e-06;-8.947628925150542e-07;-0.16889295733461568;0.985634399213064
44.77;-0.626654351310204;-0.936831086056732;-0.03068735895735865;-6.195607434433618e-06;-1.7321140358790782e-06;-0.17698529944585614;0.9842134949992685
44.847;-0.6361666459127796;-0.9620723275046795;-0.03068594037245101;-1.3637549790589362e-05;5.214726988912403e-06;-0.18462119227587698;0.982809755318626
44.939;-0.6511003752979825;-0.999809666192118;-0.030685696077329478;-7.597363038041034e-06;5.19084675114643e-06;-0.1916572570529889;0.9814619176179277
45.027;-0.6613775903849942;-1.0248693609040807;-0.03068562759776976;-1.2642164188376643e-05;3.6954698137350993e-06;-0.19518592487959782;0.980766258878952
45.115;-0.6771065192042777;-1.0622675833112665;-0.030685576116422746;-6.314936613953865e-06;5.96003600002418e-06;-0.20161984086606052;0.9794638531838445
45.201;-0.6878740108836011;-1.0869394924496936;-0.030690284912595022;6.119739590830411e-06;3.771958923648401e-06;-0.20934843583022622;0.9778411079330623
45.289;-0.7047822430842402;-1.12284709240717;-0.03068541013005245;1.407740707320701e-06;2.134865189382259e-06;-0.2300503652913492;0.9731787242961991
45.374;-0.7168203009876309;-1.14604347830611;-0.030685669841313504;3.1252701232108944e-06;-8.967810080028426e-07;-0.24690035309802358;0.9690408740757532
45.466;-0.7363102814096271;-1.1797425210135655;-0.030685471710564516;1.8292646053264633e-06;1.9769919869634286e-06;-0.27410857725471766;0.9616987511004367
45.551;-0.750439331082923;-1.2020492852887146;-0.030687195626218702;-1.5214670482203332e-06;-2.8244220097224807e-06;-0.28713211278971684;0.9578909905592708
45.632;-0.7729826232178387;-1.2354477318439019;-0.030687041793095882;-1.1967128207296791e-06;-3.2200764711705304e-06;-0.29893292768577745;0.9542741245226178
45.724;-0.788448342560078;-1.2575722764745627;-0.03068575083970832;-9.881438006895977e-06;-2.8379300365473934e-06;-0.3049194084095423;0.9523781571778502
45.809;-0.8121338467029785;-1.2904445060856375;-0.03068694897647673;-9.777103074634791e-08;-3.659481576569595e-06;-0.31196679005063715;0.9500930069693704
45.901;-0.8359443690730323;-1.3223708350455778;-0.030685853918803588;-9.419297858547283e-06;-5.138564532440607e-06;-0.3201936866002217;0.9473521008295864
45.901;-0.8500414882001835;-1.3407872085541346;-0.030685675984814233;-8.557001992274916e-06;-5.475734782802317e-06;-0.31993803510641367;0.9474384695530582
45.983;-0.861628802623751;-1.355946999971696;-0.03068705815085581;-1.5456550088644765e-06;-3.4744280122752655e-06;-0.3216009423758586;0.9468753000519651
46.068;-0.8785971104327432;-1.3778795861912958;-0.030686975326739814;-1.0473736166076154e-06;-3.708211437018081e-06;-0.32694023903255154;0.9450450148466422
46.149;-0.8905334277766038;-1.3929147399264823;-0.03068695182877354;-5.698212826064348e-07;-3.625989370834493e-06;-0.33350742074641554;0.942747474297121
46.237;-0.9102776356123878;-1.4167088726889348;-0.030686982760922313;-1.2645081469933272e-06;-3.0456663680531834e-06;-0.3475361133089379;0.9376665984960977
46.324;-0.9329270197151371;-1.4422920764798879;-0.030685181085429128;2.6310143237939086e-06;4.140681273058896e-06;-0.36435429843234024;0.9312604067551727
46.415;-0.9498245063247168;-1.4601400765341568;-0.03068541509945915;1.3550195592019096e-06;2.0136870066197274e-06;-0.37854913929980283;0.9255811953197232
46.501;-0.977169895441063;-1.4870959490534057;-0.030684618449823745;-1.5476934382962307e-06;-2.8601402705732466e-06;-0.400316630060425;0.9163768851768845
46.594;-0.9934231792749941;-1.5041923710947553;-0.03068640040948588;-2.2270824138589764e-06;-4.532232165012812e-06;-0.4166177747051619;0.9090817508751442
46.68;-1.0106214994178688;-1.527323871830852;-0.030685695191770383;-7.559426137614999e-06;-5.627864029574996e-06;-0.42862310742612497;0.9034833876123869
46.757;-1.0161096156232563;-1.5415175993323509;-0.030684371693590777;-2.496814446941526e-07;-4.142434785821805e-06;-0.4268581787616141;0.9043185805937507
46.839;-1.0172290899181724;-1.559942402652413;-0.030685952072888073;-6.294416763989881e-06;6.119616849443657e-06;-0.4277086258560265;0.9039166616958006
46.925;-1.0150844684056768;-1.5711470780563166;-0.03068588774247464;-4.849355955728382e-06;5.531610672492452e-06;-0.43003146255107977;0.9028139017328347
47.013;-1.0096444145344814;-1.587948454093538;-0.030685931268609953;-6.442080845699457e-06;7.741595932404924e-06;-0.4340718755687717;0.9008782419055175
47.098;-1.0061725136727837;-1.601009603539357;-0.030685959970193;-6.438729068632097e-06;7.312011059510892e-06;-0.43319851949079946;0.9012985313513256
47.182;-1.002964191237401;-1.6159360684533606;-0.030685970363899317;-6.253258192718539e-06;7.324539193374236e-06;-0.4301434073088343;0.9027605712790043
47.269;-0.9979095947145332;-1.6419622010938608;-0.03068594985341918;-6.992051029094237e-06;4.631035689158035e-06;-0.4207696856002146;0.9071674992026343
47.363;-0.9906330283097781;-1.6714274505363464;-0.030685910736277064;-6.0467716604651e-06;5.957018687535291e-06;-0.41773367759756946;0.9085695210212373
47.449;-0.98436320891882;-1.6928628825770868;-0.030685884085847718;-5.4951549821565206e-06;6.557943139827711e-06;-0.41455825027865895;0.9100227783152975
47.534;-0.9729091982536421;-1.7270257580403545;-0.030685935051529535;-6.114067293272429e-06;6.412015366747993e-06;-0.40647032764051927;0.9136639823640382
47.612;-0.9642777297480204;-1.750889150167388;-0.03068605900275364;-6.4905577874017905e-06;5.462190018776923e-06;-0.40275499020752686;0.9153078267943372
47.701;-0.9509396499343392;-1.7872591794524961;-0.03068596330773266;-6.1982194090910965e-06;6.665574921700824e-06;-0.40450476848812383;0.9145358889554427
47.795;-0.9433446121710205;-1.8118450635652017;-0.03068603952745479;-6.6573460863463334e-06;8.594997677475977e-06;-0.40340829165349845;0.9150200818053187
47.871;-0.9368439178321782;-1.8480849375693473;-0.030685129028719466;-4.632759580000682e-06;8.588897903219999e-06;-0.3980997555098488;0.9173421305967403
47.96;-0.9374153702397695;-1.870660529356778;-0.030685729973205497;-5.554759370564303e-06;1.3832720047389786e-05;-0.3993396524089712;0.9168030550732708
48.044;-0.9489157928577096;-1.8979868468847538;-0.030685669531619747;-2.932356322941421e-06;1.542803201022354e-05;-0.4050219550836069;0.914306959206606
48.138;-0.969089861669197;-1.917520394548994;-0.03068555562678873;2.0353875644063613e-06;2.2731965390437725e-06;-0.4122356454272;0.9110772594187113
48.228;-0.9850471256326186;-1.9287125238230116;-0.030684681800144227;-1.7552631816984003e-07;4.510345313707972e-06;-0.4191214673483991;0.9079301710965171
48.315;-1.0126185932463396;-1.943843189703757;-0.030685916350418715;-6.770094050405355e-06;-1.4924154343492503e-06;-0.4234246854789952;0.9059313084770569
48.409;-1.0325329209719742;-1.952662444067195;-0.030685312574442413;1.7272437790477488e-06;1.5680217240907516e-06;-0.4216149194620997;0.906774977423575
48.49;-1.0648938859969226;-1.9645971520916576;-0.03068559658219544;1.6051984587529617e-06;1.726749166044705e-06;-0.4271637012088237;0.9041743041936221
48.58;-1.088157850211806;-1.970952275790032;-0.030686332527771143;-3.266203887926802e-06;-4.0806314421251354e-06;-0.4297228501391956;0.9029608363826898
48.669;-1.1114583627893602;-1.9765204929482474;-0.030685692670732654;-5.7783039873632505e-06;-6.466701361261661e-07;-0.42711635468909503;0.9041966708207304
48.732;-1.1468388681621602;-1.9828552465121199;-0.030687073058673825;-7.0551561800984766e-06;-3.5670231353114613e-07;-0.41951847793495806;0.9077467965359248
48.825;-1.182221797651127;-1.9920359100266705;-0.030687030228080454;-1.41312761413061e-06;-3.703711270315509e-06;-0.41529916872110634;0.9096848907417576
48.917;-1.2059916836939981;-1.9997048728674574;-0.03068571209590517;-6.453029833726837e-06;8.493987767394735e-07;-0.42024390308572745;0.9074111867708656
49.006;-1.2419670475722662;-2.0071277241336114;-0.03068606907599905;-4.798196122840468e-06;-4.166588604108136e-06;-0.41511308412344694;0.9097698210806605
49.097;-1.265986287789335;-2.0111913815957636;-0.030685324017292383;-1.485280318274181e-05;-4.594300885844748e-06;-0.4066140346762251;0.9136000364287473
49.184;-1.3016682490518934;-2.0223677240196896;-0.03068573322734334;-6.843269047223439e-06;-3.3425158464804976e-07;-0.4053211910307384;0.91417434445213
49.272;-1.3368611115567628;-2.032385247401787;-0.030686973410569605;-1.5736427353852826e-06;-3.634322223492392e-06;-0.40237516464806145;0.9154748641326865
49.363;-1.3601082573472227;-2.0406605348998013;-0.030686992041081253;-1.2826747272816208e-06;-3.658581665534102e-06;-0.4061910064293373;0.9137881955250305
49.443;-1.3839033720058758;-2.049280588629206;-0.030685883739785924;-9.839856932242805e-06;-2.8257043813449817e-06;-0.41198606108123276;0.9111901477572962
49.527;-1.420603643162374;-2.0618213465487467;-0.030685682452538724;-1.0291880309041098e-05;-3.569571364634437e-06;-0.41600992769972306;0.9093600716639184
49.612;-1.4453164329520873;-2.0700861369495014;-0.030685688112900143;-1.049849948839307e-05;-3.620609186872183e-06;-0.41690200398694754;0.9089514392685342
49.702;-1.482693805402177;-2.082432773131332;-0.030685693128053207;-1.0490245301109531e-05;-3.683650828700772e-06;-0.41665984534617484;0.9090624693344717
49.784;-1.520092285940132;-2.0949019078814297;-0.03068579059583159;-1.0473648698038102e-05;-4.048186755234384e-06;-0.4111461195998762;0.9115694533121868
49.88;-1.5450938264697263;-2.1034635118359315;-0.030685833478208607;-1.0264173495730923e-05;-4.354483685094751e-06;-0.40424121956926967;0.9146524128196649
49.964;-1.58179617229149;-2.116753898825658;-0.030685528449817964;1.3894969576703087e-06;9.314107343316136e-07;-0.3871520727479672;0.9220158743558348
50.051;-1.6054309641491782;-2.1266432121949244;-0.030685511543571655;-1.6207855464472527e-05;4.126752832574971e-06;-0.3742071135436063;0.9273451546720014
50.132;-1.6361764036588158;-2.1503650275877777;-0.030685629289215907;-1.157877463971028e-05;5.063005394899417e-06;-0.37316856460504993;0.9277635594433018
50.226;-1.6545313176841145;-2.1691673282219663;-0.03069036598895649;6.361454186458497e-06;2.670432307322017e-06;-0.3813703302324154;0.9244223445865094
50.318;-1.682824403129667;-2.1966144312270193;-0.03068574808583749;2.63585536229961e-06;-1.0010079620654442e-06;-0.4006489024502487;0.9162316611848018
50.405;-1.7121488599134873;-2.222592059837296;-0.030686008479983762;-1.1622040388597302e-05;-1.2445519177669283e-06;-0.42348600421061494;0.9059026460393558
50.494;-1.7327773282952126;-2.2397370037149433;-0.03068781736923458;-1.1136081112047568e-06;-1.923084311254118e-06;-0.4298267252208426;0.9029113944795403
50.575;-1.764244069292647;-2.2652177689887245;-0.03068588602317933;-1.0550047760463735e-05;-3.154278423230374e-06;-0.4338210482858096;0.9009990554617403
50.661;-1.7854033507961438;-2.2821704674729664;-0.03068584504149255;-9.986631944528252e-06;-1.7891555717204204e-06;-0.43316022404035615;0.9013169366024223
50.749;-1.8151628300265448;-2.307529494352141;-0.03068575188619424;-1.0660517197251982e-05;-4.586807815650723e-06;-0.435621898411869;0.9001297470305899
50.835;-1.8327927201620637;-2.3245979112282598;-0.0306857364149532;-1.0773193307668338e-05;-4.745892901267042e-06;-0.4415353394397007;0.8972438597657179
50.929;-1.857081748621515;-2.3517099901505003;-0.03068588385375836;-1.1395504793434023e-05;-3.825001345706145e-06;-0.45144346866803187;0.8922997223200776
51.013;-1.8726693482180723;-2.3708999766255103;-0.030685827484604897;-1.1349578585068442e-05;-2.989132965260824e-06;-0.4557397336514151;0.8901130799137765
51.092;-1.887356813113117;-2.3913128274074715;-0.03068586966444508;-1.1755536550491688e-05;-3.3845657934603866e-06;-0.45771922412502986;0.8890967954709614
51.177;-1.9081868507834816;-2.423983293081621;-0.030685838442856356;-1.1025414156668836e-05;-1.6751061340686997e-06;-0.45756212918238415;0.8891776525609029
51.262;-1.921929991667777;-2.446276145368463;-0.030685879661674947;-1.13756197177885e-05;-3.1478226102915778e-06;-0.4549381466629865;0.8905230387651595
51.345;-1.9415362009842767;-2.479621141007284;-0.03068582503278916;-1.0420324290166755e-05;-3.7723804316611e-06;-0.4580817753664273;0.8889100556042373
51.431;-1.9603220849754566;-2.5115427883868824;-0.030687254598148236;-2.8202761550291993e-06;-2.1488096142442187e-06;-0.4619248888843398;0.8869190476117981
51.519;-1.973943189894993;-2.5329634442224513;-0.030687375831375853;-3.241363510007511e-06;-2.5880766453312463e-06;-0.4615018751176538;0.8871392332918691
51.602;-1.9876763255769783;-2.554882983609278;-0.03068736823621617;-2.927896268996218e-06;-3.002939953501147e-06;-0.4584423999769597;0.8887241224844609
51.686;-2.004935788888322;-2.5885704643311516;-0.030685818436598497;-1.1233744847285037e-05;-1.7450552853035581e-06;-0.45928163036574715;0.8882907091033538
51.779;-2.019291368555535;-2.62340195097792;-0.030685905826059102;-1.1683589653810798e-05;-2.974090867353136e-06;-0.4604991323159545;0.8876601539952671
51.865;-2.0306164783851637;-2.6457216703782955;-0.030687525722095862;-2.0853953875646015e-06;-2.4435478692967596e-06;-0.4573158282967172;0.889304353514008
51.952;-2.047409294657387;-2.678308540533201;-0.03068606990896873;-1.0033150173282582e-05;-6.166567835979741e-06;-0.4549604598317306;0.8905116393686328
52.042;-2.055137605895019;-2.7005266112613606;-0.03068589073682281;-1.1339221796094324e-05;-2.864304739074118e-06;-0.4557126739894864;0.8901269339979383
52.124;-2.0648667254143596;-2.7345425335603624;-0.03068741878480924;-2.9661669644687193e-06;-1.7097438343165552e-06;-0.45376411178908727;0.8911218383815646
52.209;-2.0717940690521854;-2.7583169052590315;-0.030687383503847816;-3.062649002679824e-06;-3.1811969541573706e-06;-0.44743161358754796;0.8943181487272542
52.3;-2.0785430702253374;-2.7830132748623826;-0.0306859292263593;-1.1340477578442658e-05;-5.626117106725434e-06;-0.4414016429319591;0.8973096396766881
52.393;-2.087814467084485;-2.820147125568323;-0.03068744223209821;-2.5661541108310074e-06;-2.6177176255332274e-06;-0.4358045440985052;0.9000413320118453
52.474;-2.0974518387227006;-2.8580305631776617;-0.030687428035573353;-2.7522497757798873e-06;-3.302288169890466e-06;-0.4270345202079763;0.9042353225417948
52.561;-2.1064749336994244;-2.896477982420046;-0.030687280956091516;-2.3711860856190905e-06;-5.25663027194721e-06;-0.418093266381975;0.9084041064266478
52.649;-2.1124241421859864;-2.922194867090103;-0.0306874145816205;-2.6248993597196214e-06;-3.084510835491776e-06;-0.41758390353982583;0.9086383678273978
52.735;-2.118389656369528;-2.948029723758302;-0.030687418628879554;-2.59209172888289e-06;-3.086967079172565e-06;-0.4174278581947091;0.9087100655251539
52.825;-2.127342710891294;-2.986878047196511;-0.030687423707384684;-2.575336050710217e-06;-3.0824525294207354e-06;-0.4171930230201662;0.908817903392732
52.917;-2.1366525526754208;-3.02561208980152;-0.030688285473785867;-1.3996031231342152e-06;-1.548022369833961e-06;-0.4167663682019629;0.9090136381437799
53.012;-2.148082356496059;-3.0624215465047824;-0.030687325832105414;-2.00427883180662e-06;-6.08626662460948e-06;-0.411622158614444;0.9113545953669878
53.101;-2.1548319256562136;-3.086836956810989;-0.030687445965318548;-2.6366422179570532e-06;-4.2172938295897185e-06;-0.41322522011186463;0.9106288582286219
53.186;-2.1637063074837983;-3.1246512506711155;-0.03068745402747168;-2.776938619486051e-06;-2.4746495239741186e-06;-0.416987616842817;0.9089121670359095
53.273;-2.1696708567458405;-3.1503510605151543;-0.030687430689333835;-2.5630365526941616e-06;-3.058489269062961e-06;-0.4178354464764545;0.9085227237950069
53.359;-2.1787701967866373;-3.189078517820272;-0.030687387229846926;-2.1888757470262027e-06;-3.515593314849682e-06;-0.419255556597349;0.9078682604018584
53.451;-2.1884784104475283;-3.227611176306272;-0.030687054448536782;9.65296510133253e-07;7.314441839098163e-06;-0.42270489589365545;0.9062673837963612
53.537;-2.1964839525395163;-3.252193615657727;-0.0306873866822402;-2.2530704378181198e-06;-5.5159179522733035e-06;-0.42016658774378757;0.9074469893653516
53.626;-2.2073258164447425;-3.2890110173277005;-0.03068775417352305;-3.3645761403019022e-06;2.2877411063509892e-06;-0.42062397008916136;0.9072350719465591
53.712;-2.2172316850296547;-3.312129865390853;-0.03068691006370016;2.583834882399415e-06;3.4654377884990233e-06;-0.41432937730104286;0.9101270060198435
53.805;-2.2313044010277148;-3.346533559664333;-0.030686014327553572;-1.1277559646648113e-05;-4.3614079106391876e-06;-0.4094427667085047;0.9123358047582479
53.886;-2.240771255209232;-3.369040194757224;-0.030687490291515213;-2.7292721502935387e-06;-2.4744939490750888e-06;-0.40794806687192237;0.9130051340063152
53.975;-2.256136916442012;-3.403286945964441;-0.030687375759222146;-2.45282051135404e-06;-3.7737717100634244e-06;-0.3962641824236458;0.9181365354389629
54.062;-2.2661708645523317;-3.4268893192840073;-0.030687382569779653;-2.311519515172961e-06;-3.8059134027471898e-06;-0.3877079699031398;0.9217822573980028
54.153;-2.280602043699245;-3.4629756166192447;-0.030687397421625122;-2.380513666618261e-06;-3.7441509927109624e-06;-0.37577077461833525;0.926712644201562
54.231;-2.28897123271901;-3.487134416951668;-0.030686134907102102;-1.0412988282268607e-05;-7.348892461717109e-06;-0.3738947659008504;0.9274711337122636
54.323;-2.2980752831149234;-3.523117369313677;-0.030685921491979965;-1.088021614405876e-05;-3.7165976134754174e-06;-0.3825194961268611;0.9239474200140722
54.413;-2.3056369032177977;-3.5605451618065476;-0.030685915590358902;-1.090868211937626e-05;-3.5047823521668653e-06;-0.39269991001535204;0.9196666681698601
54.503;-2.3131741266027817;-3.5848923849686374;-0.030685653282626;-4.605246649889515e-06;2.7565778615599596e-06;-0.3931309787151561;0.9194824813696324
54.594;-2.325654313615044;-3.619741842177932;-0.03068598905186065;-1.1185134537936141e-05;-3.5584423962801872e-06;-0.39237631585480076;0.9198047763620518
54.683;-2.3356696842226756;-3.6553090760326543;-0.03068598960684978;-1.1287648442066614e-05;-3.971289602613218e-06;-0.3988644923045297;0.9170098781558833
54.775;-2.341050801748487;-3.680272311913284;-0.03068743599232709;-3.1143384413334154e-06;-1.1416854448774609e-06;-0.4029277889021736;0.9152317722410006
54.852;-2.3459841826832877;-3.70597852459062;-0.030687530842311524;-2.6758640544121183e-06;-3.298208621444076e-06;-0.4007454128185855;0.9161894531628397
54.939;-2.3532783709518066;-3.744940508425286;-0.03068752228874639;-2.5785628476005936e-06;-3.1873644438726083e-06;-0.3982231838275829;0.9172885564779576
55.033;-2.360543107673092;-3.7840897452814097;-0.03068751862060018;-2.5128344912299442e-06;-3.1399728568895402e-06;-0.3975800130910829;0.9175675087830435
55.122;-2.3654264905004516;-3.810195529865258;-0.03068740042165557;-1.3307148104482074e-06;-4.270502345183531e-06;-0.39797059190181994;0.9173981730749781
55.206;-2.37488914500005;-3.8484251113679373;-0.030688423242137802;-1.8537321571048262e-07;8.830813939360731e-07;-0.40142494189872663;0.9158919237665488
55.296;-2.384893188494961;-3.8721234286074986;-0.030687866054560718;-1.7409482846522835e-06;-3.6082330687962225e-06;-0.39593239024610033;0.9182796645564789
55.39;-2.4000524776758603;-3.9079079700890698;-0.030687462152073887;-2.407514024654125e-06;-3.7263305887425512e-06;-0.38511621754801945;0.9228680831851457
55.473;-2.41493702092601;-3.944110470962851;-0.030685590120459225;1.0814875743600932e-06;1.0891326242175327e-06;-0.3810321787971331;0.9245617765832383
55.568;-2.4249179501492875;-3.968363735145527;-0.030685580386937458;1.1248171016683868e-06;3.206381727907214e-06;-0.3810962634168295;0.9245353633032024
55.651;-2.4398832471675354;-4.004852179230805;-0.03068618256190012;-9.978276038080628e-06;-3.918528239403177e-06;-0.38087962743982157;0.924624631559414
55.731;-2.4497831481454706;-4.0291620617489325;-0.03068744929410608;-2.480629579414199e-06;-3.297011893467417e-06;-0.37990301006397315;0.9250263255320407
55.832;-2.4646856859560837;-4.065641470679411;-0.03068749864109007;-2.445256280616522e-06;-3.3832220200358815e-06;-0.37995858351538836;0.9250034998828676
55.921;-2.4795715353100305;-4.102165515082289;-0.030687503480782356;-2.4414319462318677e-06;-3.3822702413927422e-06;-0.37960012080159755;0.9251506624707202
56.01;-2.489561372520776;-4.126438439681924;-0.03068747212365413;-2.2766585668086903e-06;-3.2146596174100023e-06;-0.3810568624506399;0.924551603515865
56.104;-2.504726153190222;-4.162792163388668;-0.030687526556512815;-2.447846271681641e-06;-3.3807661650960483e-06;-0.3833895864321947;0.9235867176383218
56.187;-2.5147549433693435;-4.187097342850071;-0.03068760050114843;-2.7225667691805265e-06;-2.9060810673477816e-06;-0.3818815098767129;0.9242112920747205
56.278;-2.5294000288051346;-4.2235644574214986;-0.030688030921936164;-2.002737531938669e-06;-4.950788505461329e-06;-0.3797807369292891;0.9250765329576386
56.373;-2.538580957746851;-4.258006406233592;-0.030686034781782816;-8.814729190895361e-06;-3.7996073045894606e-06;-0.38465981586827536;0.9230584087499816
56.453;-2.542630206389182;-4.279844917496195;-0.030687583813304775;-2.5303681752799544e-06;-3.24421010085768e-06;-0.384687523719173;0.923046861799488
56.539;-2.55254235099271;-4.311750127099056;-0.030687461063556295;-2.7909908360223264e-06;-2.7681012737313326e-06;-0.3840576440274698;0.9233091172779664
56.624;-2.5604423482513945;-4.333312806241071;-0.030687502771528312;-2.6782245000014624e-06;-2.8339311117869025e-06;-0.383837661958708;0.9234005898021013
56.713;-2.5737374179884744;-4.367030870445956;-0.030686211431168682;-1.0980684045142237e-05;-6.321926131426139e-06;-0.38343440420175556;0.92356811200577
56.807;-2.580189675635202;-4.390290124383415;-0.030691029931518357;6.141631559584887e-06;-2.4195070278130445e-06;-0.38346916530905834;0.9235536796600403
56.892;-2.589458988522506;-4.42239057779432;-0.030686325101619956;-7.474957939551265e-06;6.852415371993187e-06;-0.3837908945505555;0.9234200285662283
56.984;-2.6009578747440316;-4.454224670984568;-0.03068628757931037;-7.419269972777803e-06;6.821000513344119e-06;-0.384922958301689;0.9229487071721292
57.072;-2.609835052510056;-4.476190893584274;-0.030686344720698623;-7.601485586312416e-06;7.480553851058049e-06;-0.3873366232013262;0.9219383603111723
57.156;-2.6249136489591782;-4.510778175673805;-0.03068623379233805;-7.173485213597471e-06;6.263158763186331e-06;-0.3911321893873259;0.9203345100203463
57.234;-2.6354322231961045;-4.534411447573109;-0.030686112848582883;-6.285703380231269e-06;6.516605604001284e-06;-0.3939521367918388;0.9191309557593892
57.319;-2.646243068697072;-4.558081424489308;-0.03068633149824365;-7.580329463684995e-06;6.231243287650347e-06;-0.39827576932399805;0.9172657256613744
57.405;-2.662820248938441;-4.593719189124434;-0.03068622951225864;-6.950694682075123e-06;6.310832503993797e-06;-0.40231620087860737;0.9155007779474932
57.493;-2.6797396045393778;-4.629276642352308;-0.030686233192829794;-6.917140222174935e-06;6.339558986578765e-06;-0.4063035060916227;0.9137381795950184
57.585;-2.691196866342504;-4.6529107003467844;-0.03068623589979468;-6.897491514448841e-06;6.3593345134152405e-06;-0.40895919590316526;0.912552670259761
57.674;-2.70846617937779;-4.688375432338031;-0.030686245342027643;-6.985028483819575e-06;6.137185217990249e-06;-0.4098305895873402;0.9121616565894652
57.674;-2.719959338629023;-4.712036638535936;-0.03068624877593297;-6.989616866670216e-06;6.135134064031897e-06;-0.4095949378265267;0.9122674974043464
57.758;-2.7371749692495917;-4.747537095754532;-0.030686253041901236;-6.992315924184178e-06;6.132557959001224e-06;-0.4092415346408691;0.9124260880960637
57.851;-2.7543625841584705;-4.783049838733129;-0.030686257281483824;-6.9947491128391415e-06;6.129870572328172e-06;-0.40888805834211017;0.9125845471290412
57.943;-2.7658056147438437;-4.806732204548589;-0.03068626010406134;-6.996324950625121e-06;6.128063053716086e-06;-0.4086523716096347;0.9126901112049584
58.027;-2.782918394245441;-4.842282959922322;-0.03068626422254221;-7.006382882009617e-06;6.067465137861553e-06;-0.4077498913612457;0.9130936567565175
58.118;-2.794169993401968;-4.8660393685856596;-0.03068633793557507;-7.133955102830325e-06;5.860714815919841e-06;-0.40527549006492564;0.9141946056871004
58.209;-2.8105234140214015;-4.901823181255523;-0.03068615238006559;-6.640848558526695e-06;5.962362324775504e-06;-0.3981370720965709;0.917325935391952
58.301;-2.8264390935755843;-4.937814082163034;-0.030686258030986683;-6.951504536580827e-06;5.807435018416895e-06;-0.3923995603743257;0.9197948602465587
58.384;-2.8367101402178836;-4.9619296206806505;-0.03068624994236642;-6.9529467498242495e-06;5.76278010302207e-06;-0.38739353185361924;0.9219144490658695
58.467;-2.851391494587592;-4.998257242055532;-0.030686214804629117;-6.588306471511565e-06;5.7030778178557176e-06;-0.37693855460249337;0.9262382663107005
58.557;-2.860706084765042;-5.0226327988149535;-0.030686250712450305;-7.051737646942359e-06;5.61541548465185e-06;-0.3703273743361568;0.9289013057026178
58.651;-2.8744024246236144;-5.059425650894172;-0.030686281776185043;-7.257294743794178e-06;5.773276276654551e-06;-0.36551837267068776;0.9308041250199599
58.747;-2.888117191500886;-5.096320481709671;-0.030686294788612435;-7.280028065581376e-06;5.7922483507418455e-06;-0.3651698643121142;0.9309409058107412
58.834;-2.8972523204898613;-5.120962885943835;-0.030686348656505567;-7.490415871057672e-06;5.692158672757659e-06;-0.3648283233226238;0.9310748060242506
58.923;-2.910866524088398;-5.157976212146899;-0.030686299407624622;-7.275763506632582e-06;5.772587336600058e-06;-0.36359011908994043;0.9315590293770457
59.013;-2.9199289673800064;-5.182658996398055;-0.03068630434241368;-7.283811058005198e-06;5.775925784368538e-06;-0.3633521637957053;0.9316518689824884
59.093;-2.9335639893865855;-5.219659751330311;-0.03068630907633373;-7.268957974311697e-06;5.84975072165828e-06;-0.36404328115702195;0.9313820319060124
59.182;-2.942700994483168;-5.244315556669795;-0.030686364827776324;-7.509806862834832e-06;5.748890246198708e-06;-0.36468083928106765;0.9311325820589725
59.277;-2.956384151497738;-5.281324911026303;-0.030686315914495756;-7.275699777504891e-06;5.783058211078967e-06;-0.3643477386867922;0.9312629731861144
59.369;-2.970037936069231;-5.31834154097621;-0.030686320373382796;-7.278294746978483e-06;5.780389671054051e-06;-0.36398705358702693;0.9314040072571345
59.453;-2.9791242918311136;-5.343024529218795;-0.03068632332323387;-7.279836280305709e-06;5.77852402767006e-06;-0.3637465490146721;0.9314979591998737
59.542;-2.9927298033030465;-5.380057479968583;-0.030686327741593807;-7.282070972785774e-06;5.775703838765555e-06;-0.3633857420214037;0.9316387724913379
59.637;-3.0062397576297974;-5.41712807385435;-0.030686329857157114;-7.28467742464314e-06;5.705564218697969e-06;-0.3619750245381255;0.9321877930572807
59.733;-3.015098130470505;-5.4418808201968965;-0.030686330742114708;-7.263999402129976e-06;5.606792621872657e-06;-0.3596737107617207;0.9330781434063776
59.826;-3.0281853873493514;-5.47904120570112;-0.030686395277918277;-7.4887505783928355e-06;5.5438349193984285e-06;-0.3569234893519108;0.9341336214172151
59.916;-3.040915946551589;-5.516324192194878;-0.030686332306431086;-7.286693127228543e-06;5.540764209117014e-06;-0.3522059197916795;0.9359225341767881
60.004;-3.049206595605514;-5.541248079890521;-0.030686238318972266;-6.932051512542231e-06;5.690446916285691e-06;-0.34923970159353995;0.93703342029536
60.088;-3.0615641666341387;-5.578670615504002;-0.030686349620041842;-7.372157994696928e-06;5.64995116420885e-06;-0.3479121169740958;0.9375271509542178
60.178;-3.069785046524284;-5.603639966767306;-0.030686405869664677;-7.590733580648008e-06;5.551729238157952e-06;-0.3475710155076662;0.9376536615886106
60.265;-3.081994501548846;-5.641149438817516;-0.030686356599642757;-7.3820782019116565e-06;5.5778243450959145e-06;-0.34576213459987754;0.9383221974307806
60.356;-3.0940637645448774;-5.6787032483278;-0.030686309964174444;-7.1647078322500965e-06;5.666525650895676e-06;-0.3440258443427214;0.9389601793158404
60.447;-3.1020535123575743;-5.7037538728555095;-0.030686366416625525;-7.405771346379815e-06;5.5630061723950865e-06;-0.3431923735616768;0.9392651354347771
60.534;-3.1139167472102027;-5.74137283538693;-0.03068631740314297;-7.1799019963690875e-06;5.6467915081978415e-06;-0.341451688545458;0.9398993266866502
60.625;-3.125736928561212;-5.778999506759536;-0.030686375116043416;-7.416085100131909e-06;5.599933791280649e-06;-0.341059460635341;0.9400417247254362
60.717;-3.1336022396297656;-5.804094557469332;-0.030686378022329812;-7.416705997109986e-06;5.597757553065856e-06;-0.3408166209319932;0.9401297946614371
60.807;-3.1453767995031012;-5.841747606629373;-0.03068638247100058;-7.418412022029918e-06;5.594768671619705e-06;-0.34045237502307996;0.9402617615615398
60.897;-3.153210530492655;-5.866855446468645;-0.030686385455210585;-7.4197268633111466e-06;5.592819592174496e-06;-0.34020952468667465;0.9403496579603435
60.992;-3.1649369251817885;-5.9045251610073395;-0.030686389940841975;-7.4217868603692115e-06;5.5899143727969586e-06;-0.3398452100515326;0.9404813837172429
61.073;-3.176634179356618;-5.94220410883941;-0.03068639443256423;-7.423888594079612e-06;5.587023746556434e-06;-0.33948084468597023;0.9406129682313398
61.165;-3.1844222080404307;-5.9673246032914635;-0.030686344672449753;-7.1641991347537284e-06;5.699975347021822e-06;-0.33933954552727397;0.9406639531509261
61.247;-3.1961489675292305;-6.004982499994631;-0.0306864040919239;-7.42983107552801e-06;5.595514150651519e-06;-0.3398641426640839;0.9404745421566153
61.337;-3.204332120680569;-6.0299213687177895;-0.030686325708870463;-6.236059805103054e-06;1.708583240614855e-05;-0.3394651709524838;0.9406186248312262
61.423;-3.2180960847434066;-6.065344387582507;-0.030686215613574368;-1.161625412725212e-05;4.339280953607297e-06;-0.33767918131408453;0.9412612657244974
61.51;-3.225117193762305;-6.088040729272596;-0.030686282583512844;-1.2088489432099275e-05;5.328315302069305e-06;-0.3412624173181376;0.9399680645381835
61.6;-3.235201103907836;-6.121798496830718;-0.030686445408039234;-7.388952043223976e-06;1.1143402655019819e-05;-0.3477479072658404;0.9375880720302793
61.69;-3.2436865115715765;-6.1430725778444275;-0.030686094364372286;-1.0496241818335505e-05;1.6709966113777717e-06;-0.34763667135814685;0.9376293215413352
61.781;-3.2529493251089665;-6.173379026444286;-0.030686270613479276;-1.176806287995674e-05;6.1990780706851225e-06;-0.35727537556150524;0.9339990930619094
61.875;-3.261488033607245;-6.2033069427561705;-0.03068667844383706;-8.272808711424309e-06;1.1220442942656445e-05;-0.36808979854981216;0.9297902451678127
61.965;-3.2728623842865634;-6.231762753568012;-0.03068648755383055;-7.464023749343387e-06;5.65937992981082e-06;-0.3684682730921696;0.9296403238009494
62.051;-3.279908031273754;-6.250438666180823;-0.030686476408785697;-8.616411129645153e-06;1.0815521491144804e-06;-0.36704682230744934;0.9302024672933261
62.14;-3.2864707874633883;-6.277557140810466;-0.03068587040657531;1.45088369023989e-06;7.668551278042448e-07;-0.3750094366325268;0.9270209935238044
62.232;-3.2927859594032673;-6.304281023390013;-0.030685882539393076;1.3247219144966644e-06;2.601871770159512e-06;-0.38642544426355013;0.9223206470730194
62.328;-3.2977089708259064;-6.3218686633115615;-0.030688116496176525;-1.1775429266904375e-06;5.415242967733558e-06;-0.39339080709969354;0.9193713465508593
62.421;-3.3075469173176053;-6.346615234588589;-0.03068783612271249;-2.5490499164533688e-06;-2.9660782569780547e-06;-0.3925188349909068;0.9197439666353272
62.517;-3.316775146053342;-6.370934919914139;-0.03068780965252374;-2.200940412237708e-06;-3.1206970173992872e-06;-0.3864259950249547;0.9223204163165807
62.606;-3.322485049761167;-6.387021888667776;-0.030687778648162974;-1.7635258314686611e-06;-3.1764542224714193e-06;-0.37948050399626043;0.9251997336108265
62.697;-3.327578105402034;-6.410790129680457;-0.030686338464411655;-1.0824011240572206e-05;-4.314127812999523e-06;-0.3783278220591721;0.9256716798736973
62.791;-3.3308573520589624;-6.434565074274417;-0.03068749065565575;-2.499206786115746e-06;-3.214047870163133e-06;-0.3855529987162327;0.9226856914271211
62.882;-3.3336128370862927;-6.4502585190822685;-0.030688634354601466;-1.3038931339905545e-06;-5.436869603022863e-07;-0.3918227257390447;0.920040733659347
62.97;-3.3403294557844116;-6.4724128794482585;-0.030687834312984923;-2.4725050970345494e-06;-3.0498653659657906e-06;-0.39333053424715936;0.9193971344383389
63.058;-3.346338279442304;-6.493840000258729;-0.030685464711970645;-1.3646998739845724e-06;-8.427738338654192e-06;-0.3925947946309303;0.919711545624936
63.15;-3.3474984580036424;-6.507491686112052;-0.030686326262138033;-1.055856162981577e-05;-4.069212871547467e-06;-0.3968161570588857;0.9178981083807592
63.241;-3.348988008208267;-6.527989547669769;-0.030688654331331326;-1.8927322243527398e-06;-1.8052515326542432e-06;-0.40570941591742127;0.9140021169718938
63.334;-3.3518026880568814;-6.540998534111234;-0.030686480640412395;-6.6684507235479455e-06;6.262007840917028e-06;-0.4078184661469113;0.9130630310038294
63.422;-3.35599881289028;-6.559563304554869;-0.030686550675367047;-6.930868656667562e-06;6.282809901582197e-06;-0.40958604987975405;0.9122714879115695
63.521;-3.360100972762996;-6.577748538126497;-0.03068654226917555;-6.927974655026148e-06;6.2476393786390555e-06;-0.4100150288571188;0.9120787663487548
63.615;-3.3637937814346683;-6.595753494529425;-0.030686290276153202;-4.915139466802128e-06;2.1921734816441086e-06;-0.4101164737619888;0.9120331561517202
63.709;-3.364942794344131;-6.606608071958239;-0.030686214741892988;-5.131957748885416e-06;1.80819824926285e-05;-0.4132292108773093;0.9106270471078823
63.8;-3.3705043451515024;-6.620512053722241;-0.030686547594656964;-7.047687259203939e-06;6.744411658848972e-06;-0.4119365682460419;0.9112125238639542
63.887;-3.376772632387454;-6.634592195097062;-0.030686458071886025;-6.395833243942035e-06;6.305517475186771e-06;-0.40613592771822943;0.9138126767208841
63.982;-3.3804875964626047;-6.644245959149905;-0.030685741834178507;-5.336277234853179e-06;-3.697767756777445e-07;-0.4006254959456853;0.9162418959912613
64.069;-3.382956508921249;-6.658460602531267;-0.030686434440124272;-5.512830596313383e-06;1.6548781675675754e-05;-0.39948458736184583;0.9167399108558995
64.161;-3.386427447873185;-6.671057879391712;-0.03068651456859798;-6.998485651068214e-06;6.062124949770589e-06;-0.3973514207923919;0.9176665234760062
64.255;-3.3886753927635724;-6.6792014731370895;-0.030686519868062367;-7.02924976347448e-06;6.071631593074025e-06;-0.3968376756179559;0.9178888054246348
64.342;-3.3919953429566334;-6.691317424816892;-0.03068654935423477;-7.0692519605673414e-06;6.073910439794293e-06;-0.39599919821685214;0.9182508562069212
64.432;-3.395229037105494;-6.703399204605228;-0.030686522635059096;-7.043613381447282e-06;6.0515885233937125e-06;-0.39428464548643544;0.9189883667639115
64.528;-3.3973642902863883;-6.711446002615576;-0.030686482020475116;-6.958097143943272e-06;6.049048121645392e-06;-0.3932194887554939;0.9194446332313122
64.614;-3.4005998825971275;-6.723499978634549;-0.030686526568803718;-7.079422263654676e-06;6.0507917321453464e-06;-0.3929036254958472;0.9195796545082372
64.704;-3.402754598385634;-6.731545429476167;-0.03068652743232578;-7.079576904180432e-06;6.049109086003461e-06;-0.3927108795552097;0.9196619840964729
64.793;-3.405981532243029;-6.743619618433329;-0.03068652882023435;-7.080842877094364e-06;6.046787133679347e-06;-0.3924218105776825;0.9197853676245515
64.885;-3.4092013743468645;-6.755697658253138;-0.03068653024282783;-7.0825271937542365e-06;6.044523380608908e-06;-0.3921327284812709;0.9199086493598893
64.975;-3.4113574989978246;-6.763735104085201;-0.030686436488281094;-6.524559916499928e-06;6.181341330310041e-06;-0.3921407664528181;0.9199052229469172
65.068;-3.4143942565582037;-6.77559314772133;-0.030686353028205687;-5.5826807539789286e-06;2.7056223004129717e-06;-0.39504502747425485;0.9186617583362109
65.163;-3.4148314416074803;-6.786008405820253;-0.03068650968809803;-6.539123194798639e-06;6.4060363476567e-06;-0.39911203897949443;0.9169021650415234
65.251;-3.415243613726971;-6.795396418825826;-0.03068653606418978;-6.707552074021751e-06;6.38952813418581e-06;-0.4030690952692732;0.9151695495114511
65.338;-3.4155411362062353;-6.801499049421612;-0.030686534013009657;-6.641965372002084e-06;6.391796549235503e-06;-0.4052641368999927;0.9141996386226224
65.429;-3.416035636029359;-6.810546171075811;-0.030686536146887357;-6.632431504737653e-06;6.41213176305725e-06;-0.40850039806341193;0.9127581414027098
65.519;-3.4167910733744242;-6.816337218712806;-0.0306863524881143;-4.782548573308302e-06;1.5500969723642166e-05;-0.41067194573662774;0.9117831719886803
65.615;-3.4204381997442495;-6.823005397730911;-0.030686474141013872;-6.879805077563625e-06;6.127071468338688e-06;-0.4108492686315127;0.9117032841775214
65.704;-3.423901477681936;-6.829102913661006;-0.030686481151670702;-6.9404887161384035e-06;6.147719216096225e-06;-0.4104773477715537;0.9118707950584152
65.791;-3.4261538008316434;-6.833076785645674;-0.030686483035466196;-6.955052713666897e-06;6.1513520498619756e-06;-0.4102282285455685;0.9119828948056827
65.885;-3.4295010722744763;-6.838993017247831;-0.030686484537042463;-6.964812189740358e-06;6.151618754774215e-06;-0.40985390127107274;0.9121511823850971
65.977;-3.4328320477149523;-6.844892201992953;-0.030686485472706707;-6.969445866606803e-06;6.149665634522457e-06;-0.4094792570496742;0.9123194275908276
66.068;-3.435047928437266;-6.848822910801939;-0.030686485993015846;-6.9716001106294125e-06;6.147957095385411e-06;-0.40922941169636995;0.9124315253849149
66.157;-3.4383427185125286;-6.85472555595099;-0.030686496602842547;-6.983189565713651e-06;6.120072755352439e-06;-0.4083112175543283;0.9128427846749307
66.253;-3.4415925366903273;-6.860631392924775;-0.030686480790074994;-6.9380719119537125e-06;6.134005765853059e-06;-0.4067114184258677;0.9135566879161117
66.339;-3.4437655067715345;-6.8645637732429305;-0.030686486502603756;-6.988829359631157e-06;6.1216232785436096e-06;-0.4061227724183247;0.9138185233605935
66.434;-3.4470193235561006;-6.870476657796348;-0.03068648577095197;-6.977233693215563e-06;6.118537440503715e-06;-0.4053168182102539;0.9141762832133623
66.523;-3.4502291909640403;-6.874941917530594;-0.03068599408802382;7.544331224260484e-06;-9.169182426260426e-07;-0.403951117792088;0.9147805717092843
66.617;-3.4501500218507086;-6.874941634649035;-0.03068606475575849;1.5847949551337593e-06;3.7767726266018715e-06;-0.3983773767078432;0.9172216012014773
66.714;-3.450036238226805;-6.874952888957904;-0.030686058306645093;1.4533844110612994e-06;3.8313272638402715e-06;-0.37915156481845025;0.9253345832070307
66.809;-3.449932874802237;-6.874947357207516;-0.0306860386335257;1.2076815136589644e-06;3.6360330125119394e-06;-0.34744863198213705;0.9376990178725059
66.894;-3.449880761917011;-6.874929659017894;-0.030686030181825936;1.0650170984826186e-06;3.5351198182596363e-06;-0.32172318195785216;0.9468337732555188
66.988;-3.4498188122607;-6.874891077863035;-0.030686023542888553;8.785107458440665e-07;3.470702347506867e-06;-0.2794289827306687;0.9601663624587595
67.083;-3.4497699829951864;-6.874843809236732;-0.03068602060796723;7.069268137684944e-07;3.4553585001524767e-06;-0.23461021305475147;0.9720895266990407
67.17;-3.4497428627966458;-6.874809051950363;-0.03068601965470419;5.956625538054233e-07;3.4564110359841387e-06;-0.20391120581090644;0.9789893871398405
67.262;-3.449709007537186;-6.874753153485159;-0.0306860189596673;4.3018033517475656e-07;3.463068143851217e-06;-0.15709870599719353;0.9875829061713399
67.348;-3.4496826337563413;-6.874693457364049;-0.030686018691616877;2.649272107824771e-07;3.468654969877243e-06;-0.10969276086131928;0.9939655417581235
67.431;-3.4496690367857346;-6.874651844298365;-0.030686018618835173;1.5464651135577975e-07;3.4696610741721358e-06;-0.07787878193973649;0.9969628354715738
67.521;-3.4496747766840152;-6.874592866677848;-0.03068598845263284;1.5243761706752936e-08;2.996106193333252e-06;-0.03134531803504904;0.9995086147844373
67.619;-3.4498238818929465;-6.874673248751113;-0.03068695748962732;-1.2112334843233646e-05;2.6824905402795113e-06;-0.008115325273324838;0.9999670701287138
67.714;-3.450613039830404;-6.8747284007206195;-0.03068601971070068;-2.955563684261569e-07;3.7211982786402162e-06;-0.006738056214741699;0.9999772990345892
67.807;-3.4508424580013104;-6.874772390215254;-0.030686026329922296;-2.915037927062192e-07;3.7820165028973004e-06;-0.006498107039713179;0.999978887072378
67.899;-3.450894176099585;-6.874818676352145;-0.03068602814681705;-2.91550829837159e-07;3.799644682448412e-06;-0.006264955587200922;0.999980374965913
67.996;-3.450896288011702;-6.874849933730806;-0.030686028574592787;-2.919385830584416e-07;3.8037290578330666e-06;-0.006110691125507825;0.9999813295454146
67.996;-3.4508830607409475;-6.8748970093197475;-0.030686028818741815;-2.9271021269559527e-07;3.805967755096676e-06;-0.005879887922482015;0.999982713302309
68.088;-3.450862891967357;-6.874944155222715;-0.030686028894310803;-2.9356162489728906e-07;3.8065615487080026e-06;-0.005649337097451667;0.9999840423605685
68.182;-3.4508406524860407;-6.874991313256231;-0.030686028921264936;-2.9443300029765537e-07;3.806672208561401e-06;-0.005418862758726437;0.9999853178481295
68.274;-3.4508254409027628;-6.875022749880552;-0.03068602892932071;-2.950214984516642e-07;3.8066548218325976e-06;-0.00526522806515509;0.9999861385833527
68.37;-3.450802416364813;-6.875069897610107;-0.03068602893769974;-2.9590214623635147e-07;3.8065869679209475e-06;-0.005034784940505748;0.9999873253826898
68.462;-3.4507792900350873;-6.8751170351198825;-0.030686028943429745;-2.967866957153223e-07;3.8064980931562234e-06;-0.004804347221020357;0.9999884590500044
68.55;-3.450763845728297;-6.875148454137775;-0.030686028946880682;-2.973765639461616e-07;3.806434795978441e-06;-0.004650724005569547;0.9999891853173447
68.647;-3.4507406535780607;-6.875195573532217;-0.030686028952052823;-2.9826130007112687e-07;3.806339642459079e-06;-0.004420291563166278;0.9999902304562378
68.74;-3.450717436321217;-6.875242681905701;-0.030686028957329553;-2.991436769687903e-07;3.806243476097145e-06;-0.004189861778650542;0.9999912224833271
68.831;-3.4507019453648966;-6.875274081349825;-0.03068602896106814;-2.997318985046702e-07;3.806178583637504e-06;-0.004036243361025771;0.9999918543293009
68.919;-3.450678690319098;-6.875321171296533;-0.030686028966055143;-3.006167949195449e-07;3.8060813399140587e-06;-0.0038058178783058603;0.999992757841626
69.008;-3.4506554131673552;-6.875368250169651;-0.03068602897163253;-3.0149980929452457e-07;3.805984918562973e-06;-0.0035753949672415416;0.9999936082476987
69.104;-3.450632114000418;-6.875415317958498;-0.030686028976610623;-3.0238429943302856e-07;3.8058866768796113e-06;-0.003344974633034006;0.9999944055494152
69.197;-3.4506165690079973;-6.875446690321716;-0.030686028980118324;-3.0297265487573467e-07;3.805822613883935e-06;-0.003191362511847519;0.9999949075824046
69.293;-3.4505932332082665;-6.875493739615153;-0.03068602898580153;-3.038548247173918e-07;3.8057248934438743e-06;-0.0029609464885247388;0.9999956163810501
69.387;-3.4505698754429406;-6.875540777798109;-0.03068602899066084;-3.04740678579045e-07;3.8056257253454553e-06;-0.00273053306244871;0.9999962720803609
69.479;-3.4505542913995235;-6.875572130409585;-0.030686028994394092;-3.053275221852146e-07;3.805561758627038e-06;-0.0025769255584164956;0.9999966797145333
69.571;-3.450530897039179;-6.875619150053763;-0.030686028999355682;-3.0621216471005846e-07;3.805463348162465e-06;-0.0023465164788124527;0.9999972469191301
69.664;-3.450507480729601;-6.875666158561486;-0.030686029005262627;-3.070942296371408e-07;3.805364949842264e-06;-0.002116110017970894;0.999997761029402
69.757;-3.4504840424766123;-6.875713155923211;-0.030686029010035615;-3.0797881156173405e-07;3.8052653653378906e-06;-0.001885706184056109;0.9999982220472258
69.848;-3.4504684047866117;-6.875744481300484;-0.030686029013554862;-3.0856780203262505e-07;3.8051998163696915e-06;-0.0017321050914327664;0.9999984998975636
69.939;-3.4504449299738074;-6.87579146006374;-0.030686029018814176;-3.0945090323665825e-07;3.8051008667471146e-06;-0.0015017056536460677;0.9999988724321419
70.035;-3.4504214332327363;-6.875838427654972;-0.030686029024184717;-3.103350170327952e-07;3.8050019081454365e-06;-0.0012713088643580743;0.999999191879272
70.128;-3.450405756559098;-6.875869733170953;-0.03068602902776916;-3.109228659093294e-07;3.804936123518061e-06;-0.0011177124802051069;0.9999993753519236
70.221;-3.450382223283535;-6.875916682120472;-0.030686029033237278;-3.118059246380383e-07;3.8048365717009424e-06;-0.0008873201232039847;0.9999996063241351
70.313;-3.450358668094898;-6.87596361987202;-0.0306860290384004;-3.126892207120019e-07;3.804737390873267e-06;-0.0006569304363269333;0.9999997842138909
70.408;-3.4503350909989616;-6.876010546415643;-0.030686029043672007;-3.13573372501761e-07;3.804636797879938e-06;-0.0004265434278349376;0.9999999090230612
70.5;-3.4503193607670504;-6.876041824547115;-0.030686029047035816;-3.141625675615571e-07;3.8045691834496856e-06;-0.00027295358085387193;0.999999962740884
70.594;-3.4502957471715114;-6.876088732389799;-0.030686029052042624;-3.150473316445142e-07;3.804469123493431e-06;-4.257105425900634e-05;0.999999999086566
70.688;-3.450272111683832;-6.876135628999028;-0.030686029057271982;-3.159291343924818e-07;3.804368399330922e-06;0.0001878087723723336;0.999999982356646
70.784;-3.45024845430972;-6.876182514364672;-0.03068602906288711;-3.1681292750497645e-07;3.8042687797326815e-06;0.0004181858910074469;0.99999991255299
70.879;-3.450232670570721;-6.876213765024112;-0.030686029066159408;-3.174021654624842e-07;3.804200463027023e-06;0.0005717691280981943;0.9999998365327324
70.969;-3.4502089767319966;-6.876260631629335;-0.03068602907199356;-3.1828353098576896e-07;3.804101227201194e-06;0.0008021417151972089;0.9999996782769965
71.061;-3.4501852610221055;-6.876307486965352;-0.030686029077102054;-3.1916706867283313e-07;3.8039985029863807e-06;0.0010325115723594897;0.9999994669524983
71.156;-3.450169438401091;-6.876338717590578;-0.030686029079959445;-3.197588670799535e-07;3.8039295843617316e-06;0.0011860899565703238;0.9999992965877741
71.246;-3.450145686252059;-6.876385554123065;-0.030686029085775692;-3.206391265914776e-07;3.803829348899723e-06;0.001416455246227543;0.9999989968194787
71.34;-3.4501219122472273;-6.876432379360218;-0.030686029091544314;-3.215204815144693e-07;3.803729750339803e-06;0.0016468177845605063;0.999998643987387
71.432;-3.4500981163922977;-6.876479193292622;-0.03068602909652989;-3.2240522224903776e-07;3.803626221535453e-06;0.0018771775630625665;0.9999982380933605
71.523;-3.4500822403529283;-6.876510396295774;-0.030686029099790714;-3.229942741982061e-07;3.803558167649484e-06;0.0020307492116982493;0.9999979380194081
71.618;-3.4500584080940104;-6.876557191365179;-0.03068602910502253;-3.2387786133578475e-07;3.803454925628548e-06;0.00226110437288624;0.9999974436929545
71.713;-3.4500345540003647;-6.876603975104024;-0.030686029110728777;-3.2476099061948273e-07;3.8033528554757344e-06;0.002491456752995254;0.999996896309522
71.808;-3.450010678077826;-6.876650747502342;-0.030686029115996653;-3.256422995560918e-07;3.803251732577391e-06;0.0027218063438450256;0.9999962958709676
71.898;-3.4499947486717337;-6.876681922796223;-0.03068602911943884;-3.2623088492547826e-07;3.8031829854488168e-06;0.0028753711839619445;0.9999958661044475
71.988;-3.449970836380337;-6.876728676272512;-0.030686029124565674;-3.2711552046623296e-07;3.8030784007403077e-06;0.0031057161075893655;0.9999951772448148
72.081;-3.4499469022753435;-6.876775418382438;-0.030686029129798613;-3.279989510533137e-07;3.802974950196038e-06;0.003336058220280889;0.9999944353350075
72.175;-3.449930934089557;-6.876806573469777;-0.0306860291337182;-3.285870576649298e-07;3.802907302193812e-06;0.00348961806317495;0.9999939112570652
72.269;-3.4499069636414466;-6.876853296614409;-0.030686029138750896;-3.2947038597702076e-07;3.8028025431959334e-06;0.003719955472679521;0.9999930809344191
72.364;-3.449882971395214;-6.876900008367048;-0.030686029143766374;-3.3035466934426546e-07;3.8026985229883925e-06;0.003950290049502956;0.9999921975665386
72.458;-3.449858957356617;-6.8769467087179255;-0.03068602914951695;-3.312356297506668e-07;3.8025961759222076e-06;0.004180621785661088;0.9999912611552743
72.554;-3.449842935893531;-6.876977835946017;-0.030686029153087695;-3.318247238402103e-07;3.802526195562688e-06;0.00433417469401601;0.9999906074134658
72.648;-3.449818885547214;-6.87702451727243;-0.030686029158460387;-3.3270714460048313e-07;3.8024229335272427e-06;0.004564501677320509;0.9999895826006734
72.741;-3.4497948134239325;-6.87707118717141;-0.03068602916403366;-3.3358965783323747e-07;3.8023182586180375e-06;0.0047948257979639995;0.9999885047494288
72.837;-3.4497707195295693;-6.87711784563306;-0.030686029168963465;-3.3447346151786293e-07;3.802213123060863e-06;0.005025147047909483;0.9999873738615794
72.932;-3.4497466038699423;-6.877164492647782;-0.03068602917424805;-3.353571221079779e-07;3.80210812513479e-06;0.005255465419121314;0.999986189938971
73.027;-3.4497305146745494;-6.877195584293321;-0.03068602917765608;-3.3594425341068133e-07;3.8020390722412626e-06;0.005409009396619109;0.9999853711943886
73.122;-3.449706362752393;-6.877242212208269;-0.030686029182928128;-3.368282451409815e-07;3.8019329529702145e-06;0.005639322951678573;0.9999840988846165
73.217;-3.449682189080407;-6.877288828650695;-0.03068602918868696;-3.3771064054887636e-07;3.8018273681990146e-06;0.005869633606283751;0.9999827735450048
73.31;-3.449657993664442;-6.877335433610563;-0.03068602919382246;-3.385937366832402e-07;3.801722727987799e-06;0.00609994135231862;0.9999813951773955
73.407;-3.4496418513100395;-6.877366497200146;-0.03068602919717875;-3.391833324853385e-07;3.8016507571861227e-06;0.006253478229563762;0.9999804468065688
73.503;-3.449617619667125;-6.877413083001355;-0.03068602920252767;-3.400648922529681e-07;3.801545590950803e-06;0.006483781109764638;0.9999789800630579
73.596;-3.4495933662957854;-6.8774596572944064;-0.03068602920832454;-3.409469146917571e-07;3.801440108261497e-06;0.006714081059593811;0.9999774602964598
73.69;-3.4495690912018913;-6.877506220069794;-0.030686029213624517;-3.4182806521943654e-07;3.8013348225550724e-06;0.006944378070939413;0.9999758875086143
73.783;-3.4495528957407435;-6.877537255516485;-0.030686029216732608;-3.4241925973706084e-07;3.801262952489618e-06;0.007097907775195835;0.9999748095280441
73.878;-3.4495285844555985;-6.877583799073871;-0.03068602922234319;-3.433004008657773e-07;3.8011573328512346e-06;0.007328199871029936;0.9999731483755371
73.971;-3.449504251463447;-6.877630331087867;-0.030686029227354188;-3.4418644792342223e-07;3.8010489878611746e-06;0.007558489006427173;0.9999714342066846
74.066;-3.4494798967701983;-6.877676851548624;-0.030686029233316838;-3.4506553553727846e-07;3.8009440279195987e-06;0.007788775173761079;0.9999696670233184
74.162;-3.449463648254746;-6.877707858765943;-0.030686029236497277;-3.456549815464391e-07;3.800871586472596e-06;0.007942297632000609;0.9999684594494762
74.257;-3.449439257406042;-6.87775435995009;-0.03068602924237801;-3.465367390000253e-07;3.800764052688871e-06;0.008172578833830872;0.9999666039126701
74.354;-3.449414844871797;-6.877800849555145;-0.030686029247448458;-3.474208435035689e-07;3.8006559478809543e-06;0.00840285704557807;0.9999646953662444
74.45;-3.4493904106579274;-6.877847327571813;-0.0306860292533127;-3.48299745788191e-07;3.800549874549964e-06;0.008633132259211801;0.9999627338120305
74.544;-3.4493659547703284;-6.877893793990205;-0.03068602925872126;-3.491836303475078e-07;3.8004427485430317e-06;0.0088634044664288;0.999960719251861
74.639;-3.4493496388071674;-6.877924765154394;-0.030686029262480027;-3.4977033224361777e-07;3.800370720239097e-06;0.009016917597005198;0.9999593467648992
74.733;-3.449325146809734;-6.877971212220859;-0.030686029267550815;-3.506544769617572e-07;3.8002612317673665e-06;0.009247184775366906;0.9999572438655391
74.83;-3.449300633154266;-6.878017647663685;-0.030686029272534686;-3.515376767572085e-07;3.800152634547253e-06;0.009477448925687141;0.9999550879651029
74.922;-3.4492760978466426;-6.878064071472908;-0.030686029278009022;-3.524203945832877e-07;3.8000435316568635e-06;0.009707710039764712;0.9999528790654185
75.016;-3.449259728948729;-6.878095014211256;-0.03068602928173597;-3.5300821886802026e-07;3.7999718647709186e-06;0.009861215758397726;0.999951377022504
75.11;-3.4492351575671503;-6.8781414186099115;-0.030686029287030764;-3.5389100949468223e-07;3.7998623717880073e-06;0.010091471793895234;0.9999490797948007
75.206;-3.4492105645491864;-6.878187811349256;-0.03068602929297829;-3.547713910889998e-07;3.7997542675191836e-06;0.010321724771557916;0.999946729572719
75.3;-3.4491859499006514;-6.878234192419859;-0.030686029298147493;-3.556535238323605e-07;3.799644697571011e-06;0.010551974682946719;0.9999443263580863
75.394;-3.449169528120897;-6.878265106646233;-0.030686029300969586;-3.5624447070945016e-07;3.7995706475934723e-06;0.010705472916361473;0.9999426947755923
75.487;-3.4491448774346347;-6.8783114682474835;-0.03068602930710533;-3.5712467220696527e-07;3.79946111747622e-06;0.010935717699398956;0.9999402032440917
75.583;-3.4491202051335565;-6.8783578181541465;-0.030686029312258535;-3.580083391448028e-07;3.79935094745586e-06;0.01116595939447529;0.9999376587249016
75.679;-3.4490955112236725;-6.878404156356605;-0.03068602931788171;-3.588895072534152e-07;3.7992421506860126e-06;0.01139619799360769;0.9999350612198412
75.773;-3.4490707957108717;-6.878450482845525;-0.030686029323229624;-3.5977244624424045e-07;3.7991311644625894e-06;0.011626433488402829;0.9999324107307338
75.867;-3.449054306703644;-6.878481360659025;-0.030686029327355573;-3.6035854323602323e-07;3.7990595341752064e-06;0.011779922089809353;0.9999306143033102
75.962;-3.449029555199082;-6.878527667603673;-0.03068602933210287;-3.6124181019531047e-07;3.7989470490692946e-06;0.012010152392588623;0.9999278755115014
76.059;-3.449004782107437;-6.878573962808897;-0.030686029337533328;-3.621245711770205e-07;3.7988372012570204e-06;0.012240379569662596;0.9999250837404914
76.155;-3.4489799874346065;-6.878620246265177;-0.030686029343125087;-3.630061385195878e-07;3.7987257473617306e-06;0.012470603612433911;0.9999222389921026
76.249;-3.4489634456661094;-6.878651095370782;-0.03068602934680984;-3.635947182968685e-07;3.7986513729971153e-06;0.01262408456238457;0.999920313062196
76.342;-3.4489386150378407;-6.87869735922408;-0.03068602935214431;-3.6447741488671446e-07;3.7985412850382146e-06;0.01285430336351667;0.9999173800222081
76.435;-3.448913762844294;-6.878743611302995;-0.030686029357328566;-3.653596005970038e-07;3.7984283731727602e-06;0.013084519008485226;0.999914394009685
76.531;-3.448888889091443;-6.878789851597501;-0.030686029362908984;-3.662409135594994e-07;3.7983173821477017e-06;0.013314731489558022;0.9999113550264341
76.626;-3.448872294614994;-6.878820671909101;-0.03068602936625594;-3.668308005381291e-07;3.798241634932833e-06;0.013468204714903918;0.9999092996103178
76.719;-3.448847384943088;-6.878866892542086;-0.03068602937227045;-3.6770978119117105e-07;3.798131597739803e-06;0.013698411904379152;0.9999061723465542
76.814;-3.4488224537276277;-6.87891310136525;-0.03068602937736596;-3.685937212355972e-07;3.7980178524768087e-06;0.013928615907634357;0.9999029921169037
76.909;-3.448797500974717;-6.878959298369253;-0.030686029383094275;-3.694735992922812e-07;3.7979062026773713e-06;0.014158816716991568;0.9998997589231702
