29.366;0.0002007091503231427;0.0006679778702843429;0.0013229532595541718;-0.012607672698957807;0.016883067223391997;-0.005174429915211317
29.366;0.0002007091503231427;0.0006679778702843429;0.0013229532595541718;-0.012607672698957807;0.016883067223391997;-0.005174429915211317
29.366;0.0002007091503231427;0.0006679778702843429;0.0013229532595541718;-0.012607672698957807;0.016883067223391997;-0.005174429915211317
29.366;0.00020222923288146786;0.0006675323664477167;0.0013229527178828383;-0.012569990275751536;0.016911019207569808;-0.005174196230915722
29.695;0.00020253310017236386;0.0006674428170851641;0.001322952857637294;-0.012562443863956675;0.016916596578941255;-0.0051741497711798624
29.78;0.00020298885978855521;0.0006673083934516028;0.0013229521724541333;-0.012551131599700055;0.016924951690045882;-0.005174080834433868
29.875;0.00020344444536068724;0.0006671735648061689;0.0013229533423912041;-0.012539795763228908;0.01693331756883614;-0.005174009977936519
29.97;0.00020374817599306367;0.0006670836281080128;0.0013229516865216947;-0.012532250123271395;0.016938873605564862;-0.005173964561384246
30.057;0.00020420364481976336;0.0006669484006751978;0.0013229519839842783;-0.012520925686712174;0.016947212968055663;-0.005173895536422616
30.148;0.00020465899136803538;0.000666812919355975;0.0013229514848078418;-0.01250957806156721;0.016955552516142697;-0.005173825438050456
30.244;0.00020496249735394996;0.0006667223744327566;0.0013229518767499935;-0.012502022440229374;0.016961100668250163;-0.0051737796944976745
30.339;0.0002054176456428203;0.0006665863277972976;0.001322952246759043;-0.012490661711087188;0.016969426344714825;-0.00517370970421166
30.427;0.00020572107645464352;0.0006664955676288666;0.0013229507259795597;-0.012483099377551083;0.016974964210159135;-0.005173664179265093
30.482;0.00020587274651223501;0.0006664501312341251;0.00132295129789518;-0.012479315924759494;0.016977739347608014;-0.005173640771285952
30.519;0.00020602443173172748;0.000666404709649671;0.0013229497730520984;-0.01247553197558707;0.016980508836279294;-0.005173617752867966
30.567;0.00020647932737396862;0.000666267886699662;0.0013229505976213806;-0.01246416387551604;0.016988807011421282;-0.0051735488824085
30.684;0.00020693418012613241;0.0006661310801346754;0.0013229497085749137;-0.01245280078207047;0.01699710890928498;-0.005173479434145636
30.785;0.00020738889807618522;0.0006659938701117406;0.001322949239172647;-0.012441431095390107;0.017005401775100622;-0.005173410137731984
30.877;0.00020784353335708428;0.0006658563904937476;0.001322948990933272;-0.012430059807835007;0.01701367856406955;-0.005173341729394804
30.969;0.00020814651057727564;0.0006657644088932991;0.0013229495543310545;-0.012422462974657504;0.017019193907005487;-0.005173295643254473
31.061;0.0002086009648547005;0.0006656265055287471;0.0013229486500612399;-0.012411072615055335;0.017027459044671487;-0.005173226951446298
31.155;0.00020905530306626597;0.0006654882573885033;0.0013229483620028097;-0.01239967916713498;0.017035720115364035;-0.005173158120130405
31.247;0.00020950951714595548;0.0006653496425056128;0.0013229489199184572;-0.012388286967113903;0.017043970098430554;-0.005173089831075867
31.34;0.0002098122742781601;0.0006652571250218824;0.0013229483102949655;-0.012380684160532694;0.017049471950483338;-0.0051730436942290705
31.432;0.00021026631915882076;0.0006651180366097392;0.0013229484672517423;-0.012369275127661044;0.017057703212488097;-0.0051729757829941814
31.526;0.00021072022738501974;0.000664978710870474;0.0013229498919521115;-0.012357860661123323;0.017065951196380654;-0.005172905952665305
31.621;0.00021102281704165108;0.0006648857441990859;0.001322947784771441;-0.012350249151091086;0.017071430530239327;-0.005172860667291972
31.715;0.0002114765884962379;0.0006647459133577728;0.0013229469900840616;-0.01233883177096461;0.017079643739662233;-0.005172792909044778
31.808;0.00021193026587423055;0.0006646058604007918;0.001322945638461497;-0.012327407482903922;0.01708784374156177;-0.0051727256114313435
31.901;0.0002122326116188352;0.000664512280388368;0.0013229472986774763;-0.012319781944605656;0.017093321347037078;-0.0051726793835851995
31.994;0.00021268607833392552;0.0006643716914209064;0.0013229476100319827;-0.01230834992742745;0.017101521794850614;-0.005172611170009423
32.083;0.00021313946113622387;0.0006642309691351738;0.001322945692950949;-0.01229690691528439;0.017109714135004672;-0.005172542860703162
32.175;0.00021359271243156906;0.0006640897330275641;0.001322946774386274;-0.012285470906540533;0.017117889763302096;-0.00517247576383432
32.266;0.00021389480912607816;0.0006639955074048279;0.001322946192894502;-0.012277827146960279;0.017123347493197185;-0.005172429611545734
32.357;0.0002143479012321805;0.0006638539809278856;0.001322945694972602;-0.012266371386583408;0.017131521613569588;-0.00517236136620106
32.449;0.00021480084708256448;0.0006637120504329987;0.0013229460598288487;-0.012254909770440373;0.01713968537749845;-0.00517229338122002
32.543;0.00021510279039047833;0.0006636172576329431;0.001322946032848419;-0.012247281820037783;0.017145107399275973;-0.0051722498983644526
32.637;0.00021555554541939105;0.0006634748335560006;0.0013229471735694337;-0.01223580682973852;0.017153264252605077;-0.0051721814209005025
32.726;0.0002160081989504005;0.000663332147795966;0.0013229467110580484;-0.012224319765080658;0.017161408005380175;-0.005172113234070907
32.819;0.00021630995624207948;0.0006632370032821071;0.0013229451805559238;-0.012216672866184547;0.017166831841997524;-0.005172068302239772
32.913;0.00021676242661274546;0.0006630938414798668;0.0013229446954128863;-0.012205180677789558;0.017174963594678648;-0.005172000252874948
33.008;0.00021721483307806776;0.0006629504811188383;0.0013229437386767305;-0.012193698431463887;0.017183078454970163;-0.0051719334604817865
33.1;0.00021766710184704138;0.0006628067975790054;0.0013229440810816628;-0.012182203772209622;0.017191195376552157;-0.005171865747892594
33.193;0.00021796853655753757;0.0006627108194049924;0.0013229445293114126;-0.012174534431700756;0.017196605266149936;-0.005171820304512026
33.288;0.00021842059447627895;0.0006625665173612516;0.0013229451847600398;-0.0121630307180655;0.017204701112462053;-0.005171753347844851
33.378;0.0002188726032523392;0.0006624221518611234;0.0013229436870623409;-0.01215152959618019;0.01721279395662776;-0.005171686290551195
33.473;0.0002193244659020832;0.0006622774297696791;0.001322942900319009;-0.01214000555555701;0.017220881685338096;-0.005171618558742567
33.565;0.00021962563641425494;0.0006621807201473036;0.0013229443179441477;-0.012132330522657792;0.017226264264559647;-0.005171574174022326
33.657;0.00022007730246692916;0.0006620355521241284;0.0013229431512348832;-0.012120799143722718;0.01723434415002885;-0.005171506153838649
33.752;0.00022052889888555247;0.0006618900947781902;0.0013229418543729537;-0.01210927625019423;0.017242405161876265;-0.005171439534852014
33.844;0.00022082985505484732;0.0006617928144793776;0.0013229428379237323;-0.012101581947896263;0.017247770815319054;-0.0051713952124681105
33.935;0.00022128124483009124;0.0006616468077511066;0.0013229424205440038;-0.012090054489645386;0.017255818009699907;-0.00517132889324333
34.033;0.00022173252230585686;0.0006615006918113473;0.0013229415224205886;-0.012078506132494657;0.017263876570290184;-0.005171260598343456
34.127;0.00022218365491370187;0.0006613540406968557;0.0013229428416021904;-0.012066951965807933;0.017271908137942566;-0.0051711939398892265
34.219;0.00022248438542579122;0.0006612562308323282;0.0013229414126956678;-0.012059256457241067;0.01727725728265647;-0.0051711498793723595
34.307;0.00022293534485379033;0.0006611091444604733;0.001322941688301881;-0.012047698804594964;0.017285278448919784;-0.005171083264405829
34.405;0.00022338620007924582;0.0006609618504084579;0.0013229406372078428;-0.012036138273484733;0.017293295480578636;-0.005171016445128861
34.5;0.00022383694761752898;0.0006608142878646213;0.0013229411830512077;-0.012024570373441866;0.017301305991065993;-0.005170949551628018
34.591;0.00022413735814134537;0.0006607156346442491;0.0013229412415421082;-0.012016856455639486;0.017306640465110122;-0.005170905140212738
34.684;0.00022458790754459204;0.0006605675496733491;0.0013229412232381708;-0.012005279012277844;0.017314636294034454;-0.005170838440596097
34.78;0.00022503836237436966;0.0006604192007844312;0.0013229410115664407;-0.011993709336376088;0.017322615712892366;-0.00517077288812134
34.87;0.0002253386232619703;0.0006603202687095409;0.0013229392179675789;-0.011985974119825835;0.017327938894991023;-0.005170727991775353
34.962;0.00022578887609159596;0.0006601714213703791;0.001322939009021724;-0.011974387572192451;0.017335909574679727;-0.005170661943953814
35.055;0.00022623899526888068;0.0006600223428418794;0.0013229388108753526;-0.011962786417736826;0.01734388742952491;-0.0051705944370800975
35.146;0.00022653902267137736;0.0006599227350410387;0.001322939545393092;-0.011955058622475694;0.0173491915825521;-0.00517055058454875
35.238;0.00022698894842531183;0.0006597731293466234;0.0013229385525045066;-0.011943445840310488;0.01735714707652012;-0.005170483829806297
35.33;0.00022743877331740637;0.0006596231277716259;0.00132293904796736;-0.011931835543281446;0.01736507922987571;-0.005170418661848321
35.425;0.00022788852576992422;0.0006594731086847892;0.0013229378362784035;-0.01192023190924504;0.017373022974269806;-0.0051703523096187955
35.517;0.0002281882607944038;0.0006593727739173187;0.0013229380120699764;-0.011912487029259159;0.017378308076374426;-0.005170308444244152
35.609;0.00022863780310667346;0.0006592222527467411;0.0013229366714356075;-0.011900858012401016;0.017386237884808052;-0.005170241738388859
35.701;0.00022908721618666828;0.0006590712373496008;0.0013229367582630583;-0.011889232710413786;0.01739414171358624;-0.0051701768549140105
35.797;0.00022938673066798363;0.0006589703869749876;0.0013229379215793573;-0.011881474333820002;0.01739941709570867;-0.005170132619515031
35.888;0.0002298359613683061;0.0006588190796877006;0.0013229367083828648;-0.011869839116070152;0.0174073273700487;-0.005170066180405163
35.981;0.00023028503689193145;0.0006586673595432139;0.0013229374784621047;-0.011858193724382106;0.017415229504043117;-0.005169999683691684
36.075;0.00023073404275445624;0.0006585154316108809;0.0013229363409173534;-0.011846553494311764;0.01742311412968115;-0.005169934319831883
36.17;0.00023103328459269084;0.0006584139227647208;0.0013229367136632368;-0.011838775959792462;0.017428369904476708;-0.005169890039570834
36.261;0.00023148205416427916;0.000658261427203955;0.00132293750537942;-0.01182711994202257;0.0174362471597484;-0.00516982410110084
36.355;0.0002319307406332136;0.00065810873870393;0.0013229373031466364;-0.011815463676666057;0.017444114076634466;-0.005169758557721403
36.449;0.00023222978586834623;0.0006580066193726242;0.0013229370541495106;-0.011807688251392721;0.01744933718408918;-0.005169716220344278
36.54;0.00023267828208949016;0.0006578535381426264;0.0013229357789304936;-0.011796019422048191;0.017457204364686535;-0.005169649546227169
36.631;0.00023312664195199563;0.0006577001018829921;0.0013229355339433523;-0.011784336051950955;0.017465056325282627;-0.005169583228821079
36.727;0.0002335748953094796;0.0006575463324006973;0.0013229341818381951;-0.011772654805694656;0.017472889720727407;-0.005169518038092474
36.823;0.00023387363585473052;0.0006574435767575927;0.0013229350001267663;-0.011764865176378536;0.01747811059684219;-0.005169474405891373
36.917;0.00023432169698775875;0.0006572893514297197;0.001322934386763193;-0.011753178507206802;0.017485933873845873;-0.005169409169714407
37.008;0.00023476962657018638;0.0006571348038123316;0.0013229345158081724;-0.011741490762718118;0.01749375120649644;-0.00516934395124051
37.101;0.00023506818984657851;0.00065703162025294;0.0013229334093454587;-0.011733692456978827;0.017498955057169675;-0.005169300647505301
37.197;0.0002355159249545956;0.0006568766263023565;0.0013229322860486559;-0.0117219831405938;0.017506759177400504;-0.005169235094046724
37.292;0.0002359635019205216;0.0006567212818978044;0.0013229341886585111;-0.011710275114694425;0.017514565448327815;-0.005169169003114754
37.381;0.00023641101141864897;0.0006565657370466267;0.0013229334342368495;-0.011698558409572879;0.01752234921635538;-0.00516910400484486
37.471;0.00023670930068853038;0.0006564618672271086;0.0013229317739665506;-0.011690749885533943;0.017527531465251038;-0.005169061077347398
37.566;0.00023715660265040514;0.0006563059208129699;0.0013229313545082045;-0.011679025372560336;0.017535319409089648;-0.005168994779310635
37.654;0.00023760376053871552;0.0006561494576391304;0.00132293216268931;-0.011667304836970396;0.017543082493824212;-0.005168930206605344
37.745;0.00023790182824133142;0.0006560451158799149;0.001322931022743078;-0.011659483203197034;0.01754825081751754;-0.005168887206719677
37.843;0.00023834878634760117;0.0006558882463860326;0.0013229321745885988;-0.01164774565313923;0.01755600900246337;-0.005168821772446176
37.935;0.0002387956326879786;0.0006557311412071853;0.0013229322558171712;-0.011636002947643585;0.017563758717283443;-0.005168756405341711
38.022;0.00023909348396306484;0.0006556262438738395;0.0013229314195724604;-0.011628176370542993;0.017568917535983806;-0.00516871326988074
38.117;0.00023954015903545213;0.0006554687121547058;0.0013229300349599973;-0.011616429398331199;0.01757664622210666;-0.005168648721319793
38.211;0.0002399867095566787;0.0006553108576060772;0.0013229294006345533;-0.011604678032882574;0.01758436778968594;-0.00516858419311551
38.304;0.00024043310283376046;0.0006551526921834151;0.001322930107083318;-0.011592914281075175;0.017592092283128115;-0.005168518606222488
38.395;0.00024073063093911658;0.0006550470327417815;0.0013229309796745803;-0.011585076021372097;0.017597234830509248;-0.005168475363744549
38.489;0.00024117687479198826;0.0006548884666822531;0.0013229289337315436;-0.011573305195643032;0.017604930156078846;-0.005168411148352321
38.585;0.000241622937811385;0.0006547295126730688;0.0013229295039014618;-0.011561525734186461;0.01761263362403164;-0.005168345591441399
38.678;0.00024206892232126842;0.0006545703007027597;0.0013229292371057112;-0.01154975971444368;0.017620318620222945;-0.005168281519907237
38.768;0.00024236613842667783;0.0006544639620868941;0.00132293021472655;-0.011541898608051143;0.01762544430583948;-0.005168237825181008
38.863;0.00024281194767421634;0.0006543044049537733;0.0013229288028675744;-0.011530115285957257;0.0176331218256428;-0.005168173068081654
38.958;0.00024325758073417394;0.000654144432087085;0.0013229283058508302;-0.011518323920125285;0.01764079293416568;-0.0051681081182845074
39.051;0.0002435546132671236;0.0006540375718496996;0.0013229289811316526;-0.011510461918460812;0.017645889253162995;-0.005168065995675423
39.14;0.0002440000556778372;0.000653877152965073;0.0013229285104443046;-0.011498665018588297;0.017653546167956297;-0.005168001284556793
39.235;0.0002444453850764223;0.0006537164821001017;0.0013229272114288948;-0.01148685547158259;0.017661196180665778;-0.005167936280126719
39.327;0.00024474217847198746;0.0006536090421704751;0.001322928038414298;-0.011478984813170655;0.017666277701198257;-0.0051678942812801
39.422;0.00024518734006631995;0.0006534480105979771;0.0013229264367814859;-0.011467178947970487;0.017673916422970594;-0.005167829574923449
39.511;0.00024563232314515416;0.0006532864839477853;0.0013229262414375083;-0.011455362326275574;0.017681540909793615;-0.005167765231516387
39.605;0.00024607717802690814;0.0006531247373170439;0.001322925901717793;-0.011443529495151733;0.017689162310597337;-0.005167700156169881
39.698;0.0002463736959976542;0.0006530167310942416;0.0013229267100182173;-0.01143564767971033;0.017694230859559894;-0.005167657765880343
39.789;0.0002468183421491418;0.0006528544339526685;0.0013229270687963608;-0.01142382194738497;0.01770183669377567;-0.0051675934591307775
39.883;0.0002472628959208947;0.0006526919585847499;0.0013229257384785682;-0.011411982303951114;0.0177094351516191;-0.005167528835148252
39.977;0.00024755916374913465;0.0006525833979319351;0.0013229267255070328;-0.011404087842960427;0.017714497418478047;-0.005167485746104122
40.067;0.0002480035199101076;0.0006524204464235888;0.001322925426315987;-0.011392245720219595;0.01772207594271814;-0.0051674219023603255
40.161;0.00024844775800499964;0.0006522572690030324;0.0013229232576083903;-0.011380389734174991;0.017729652007344162;-0.005167357353620694
40.256;0.00024889183128466675;0.0006520936599638752;0.0013229240247462364;-0.011368539618537775;0.017737219610635072;-0.00516729325928067
40.347;0.0002491878136193997;0.0006519844997320689;0.0013229246052257459;-0.011360629417976373;0.017742266252964312;-0.005167249827875757
40.427;0.0002496316873340772;0.0006518203768722981;0.001322923884162133;-0.01134877098226535;0.017749813085331682;-0.005167186381461629
40.506;-0.010281295537485833;-0.005791910509434803;0.0012856058936798211;-0.012299872320959561;0.017869838535817306;-0.00274918523565405
40.506;-0.03627456027623968;-0.020781233014047214;0.0011790931529712177;-0.012154277264224427;0.018060621294251112;-0.00492985607109575
40.586;-0.08146064723878281;-0.04679125508473213;0.0011711874858343551;-0.012150273545131412;0.018079345630774134;-0.008990410475349509
40.671;-0.1078853964994918;-0.06190853524239043;0.0011815565766459596;-0.012106716095977245;0.018085123475198233;-0.011159566455327827
40.756;-0.15354166300061636;-0.08783922465318286;0.0011693272940666453;-0.012172061212295448;0.018071502023517354;-0.0022753825818903795
40.838;-0.18321566469092154;-0.10480119681330158;0.0011275944394064986;-0.012296126755829013;0.018134299460558417;-0.0027181888758308036
40.934;-0.2267572899396009;-0.12960766672056553;0.0011760995058252878;-0.012145823173648446;0.01806851238412457;-0.0022498368025065107
41.008;-0.2556666626331682;-0.14586685358674215;0.001219543486199378;-0.011501854816030868;0.018304981075637945;-0.11016859640540091
41.104;-0.3032254793252007;-0.13977838392856326;-0.0009394941600887239;-0.008901989693662953;0.013937012744310145;-0.0763658433010224
41.183;-0.3300706346581582;-0.13006353040899263;0.0012603428810713962;-0.012597719472843497;0.018849539335458163;-0.08025201510848105
41.263;-0.3511410641926123;-0.12434714511531417;0.0012850385557158718;-0.01051779070853574;0.0184453423747712;-0.12798120367707028
41.34;-0.3678776848871385;-0.08830431664504652;-0.006040536179907824;-0.0013284413207476397;-0.01606207267155259;0.007282222077598271
41.421;-0.3604981599156231;-0.08021708452213613;0.0010558706321318985;-0.012107698732163455;0.020047553864004912;-0.12378785795784439
41.508;-0.3587740836166367;-0.07713142722495835;0.0013440750596628278;-0.010043858701727854;0.018433836136007773;-0.1840459843694265
41.594;-0.3571916603813041;-0.08926941925157388;0.000988621579672833;-0.01199853073614512;0.02036823132244973;-0.23133988912498454
41.672;-0.3649315287391008;-0.018137463347230758;-7.245072133519551e-06;-0.017225492185552332;0.02035052384769852;0.08212516450942628
41.758;-0.37568158669865653;-0.016398303223632716;0.001305463529876072;-0.010542118690091883;0.018993056174762286;0.07847421799892966
41.837;-0.3841212620662358;-0.020420006004581614;-1.6262450718081036e-05;-0.003509388194734116;0.020879905544611436;0.13978169372459506
41.912;-0.3658510090925814;-0.0646020270390927;0.0011677642750406417;-0.012219497685741126;0.019792299403369424;-0.12667150177159217
42.0;-0.3614910254102186;-0.02884742445725042;-0.00047561691840173486;-0.01010047773032722;0.006257296728965817;0.07706699875729212
42.092;-0.3732175964447139;-0.02637584528758665;0.001978790222773704;0.01605958502526197;0.004203621079570958;0.18837642250699685
42.168;-0.36678685986266796;-0.06545565560884554;0.0019482267962877805;0.01647640676976975;0.007200266398356264;-0.021916877778636216
42.237;-0.3589345606789763;-0.03838097229623298;5.674800866272439e-05;-0.00023728539938459883;0.0008624632812601882;0.06095546860583613
42.331;-0.36073703914529603;-0.053813987930806974;0.0022565401421334366;0.01636362462967347;0.0059017716611706635;-0.01278321231037727
42.424;-0.36282355110365316;-0.03792187361447501;0.0020025850065141892;0.016228484536816447;0.004988458116980991;0.08384315745320994
42.508;-0.3704578653622556;-0.04507481077479864;0.0020254500468237253;0.016903156597507206;0.005754494042102617;0.09412914083071998
42.592;-0.35816594257507284;-0.06561666935802386;0.0018524175017564548;0.017014754918986942;0.005819692316633326;0.19466055924495126
42.673;-0.29107319108831137;-0.1380858276996244;0.0016402356314873256;0.015896289532120342;0.007660923523799961;0.3187331056187368
42.75;-0.1856954225117674;-0.19894423645212558;0.0017731243038109643;0.015349343366625575;0.006227141409945733;0.21048254386862666
42.838;-0.07926053025749459;-0.23698512391553794;-0.00015387686933472733;-0.00563668786736142;0.01785322479662205;0.1953855258211345
42.907;-0.026364574923336836;-0.26069893416569473;4.602624991897742e-05;-0.005314473426653239;0.019692568950009023;0.17233631256774717
42.981;0.010480951271917338;-0.29922447789018813;2.0204752928838754e-05;-0.005845201873629485;0.019905881344219372;0.24990921927906637
43.066;0.03317321043439961;-0.31568262567403466;0.0019325106128432292;-0.011617589134573074;0.016341992685874496;0.35249403439422217
43.158;0.07633252124850061;-0.3492082100889678;8.191346381942899e-05;-0.006654859754481935;0.02058705029447645;0.314472649809997
43.248;0.1013571011208932;-0.3618085745341722;0.00022221079541523439;-0.006349430104999264;0.020365402623582867;0.139490277202857
43.325;0.09535696849676008;-0.36737337867235664;0.0010309235059712996;-0.01629002519470751;0.017209221854245314;-0.21284810376603933
43.401;0.08996498145934519;-0.3712215833832329;0.0013107854116493124;-0.014203046270527575;0.015678680448497143;-0.21505359603845606
43.484;0.02137418191560234;-0.3743780620947392;0.0015361544535581813;-0.015656231271963812;0.00886110771401469;0.10668737316382583
43.563;-0.04927062484929784;-0.3818793830901463;0.00014681849940459234;-0.008092231764745848;0.022190112668308837;0.31585345061660597
43.648;-0.04052080889066275;-0.388169096221761;4.143974655667609e-05;-0.007496925976666889;0.018249422479552083;0.46667204086708985
43.733;-0.022247846797600834;-0.37820628247171884;0.00018596985576748232;-0.009328643392019121;0.021374570861235714;0.3866600412466563
43.82;-0.014934574695732183;-0.3883209822841331;0.001107102183887829;-0.013276546261714643;0.015751012275437053;0.26516380795914135
43.895;-0.009820154526447546;-0.3936823414014581;0.002508882556956186;0.017970637949414454;0.006014737281718298;0.03405903402278265
43.985;-0.009336834172499683;-0.39814940442612357;0.0019752989309453116;0.014622444076938749;0.009828858151018211;-0.006374694200762931
44.061;-0.010326194673474443;-0.3962842448757427;0.002079089157605962;0.013489981950261605;0.006928998247029626;-0.16480407037216976
44.135;-0.016468903468954965;-0.3912115310156858;0.0019931686370609856;0.013908234408096022;0.006744787515885124;-0.34594608653180836
44.22;-0.0328713149775777;-0.3822565346322205;0.0019169386961060205;0.014329972707796568;0.006061344212737671;-0.5169259023028301
44.305;-0.047129029348098976;-0.38121948351112306;-0.0022765446216615943;0.01639516500993812;-0.01335954563115957;-0.46914106752197615
44.392;-0.06511987092766425;-0.37349579165885943;0.001974109309582518;0.014516584605919416;0.004868170379744921;-0.5820717267609369
44.473;-0.08068661907867754;-0.37569496573103434;-0.002276669361450381;0.015234806817783239;-0.014833770321697871;-0.4679082712530574
44.556;-0.09844808502125607;-0.3794809788642948;-0.002250791222845749;0.013962643717525813;-0.016289462393581106;-0.2666835928616448
44.642;-0.10655664385492966;-0.3793160065472653;-0.001274289807891114;0.011610072450921063;-0.01886739801177108;-0.26486398036734055
44.737;-0.11881701792179086;-0.3714331167127428;-0.0019354548353559384;-0.016294856228128915;-0.003696554962848652;-0.4081524779985723
44.824;-0.1290331532320782;-0.37231699470138274;0.001394990371154925;-0.005538204059111197;0.013634756879923939;-0.2695251728531414
44.909;-0.13710779340279572;-0.37323358692439057;0.0012847233055040927;-0.01010120918129902;0.019209241175215993;-0.13927708767507824
44.993;-0.1412094042022998;-0.36936016614804745;0.0013028019557900165;-0.009699336349760305;0.020647480449921207;-0.24641015960676638
45.078;-0.14765104430133402;-0.3642885959575138;0.0013076033876091484;-0.009568995155911015;0.020412220859222726;-0.3247463811273399
45.149;-0.157462751274159;-0.36507152129905823;0.0012989723564407446;-0.009827884162090347;0.02050509127595602;-0.13810957977586372
45.242;-0.1628574799715392;-0.3622175423828253;0.0012989255697037074;-0.008467496432425045;0.020955708761025548;-0.18985947371201886
45.324;-0.1668383650412312;-0.3532718303133668;-0.0018210878911311401;-0.01667323865867746;-0.0011479668402602588;-0.37017457462995973
45.411;-0.18006365912226902;-0.34205006118390685;-0.001899664810633823;-0.016276236308788945;-0.0006955234072442748;-0.4733661121962241
45.499;-0.19111683269231183;-0.3364095099487149;-0.0018982801864818348;-0.01630668611524354;-0.00018384458185581555;-0.4737810064508192
45.577;-0.20177561180305148;-0.33413773306785116;0.001075723093488839;-0.005398297123840513;0.022967555000544253;-0.3734772575831376
45.656;-0.2148490532219123;-0.3261070993497108;0.0013039543276785624;-0.0053852361769708285;0.021977521559089882;-0.38985018945977873
45.731;-0.2241799177603104;-0.32325028519788235;0.0013061108416975384;-0.004891488368905327;0.021811495468762453;-0.32627428306413486
45.817;-0.23139739169430193;-0.31827032092586127;0.0013081119898225814;-0.004440440646912486;0.02194723433464413;-0.3266564013841675
45.9;-0.24190990156389913;-0.3069597787362289;-0.0019135182054941888;-0.016491946095696253;0.002116441738150057;-0.41059835564617814
45.979;-0.25214854505662615;-0.30251870221092664;0.0001033810576217297;-0.0035067963146281685;-0.0203146586435465;-0.2766968371269988
46.045;-0.2581642887968371;-0.299884227103324;5.425743340614338e-05;0.01620438035525073;-0.014633527572503698;-0.06451054974881837
46.132;-0.25814764006018664;-0.2947565626717063;-0.00180277781741483;-0.016136572551292284;0.0033485986521018542;-0.30437868742401547
46.221;-0.2645313641948525;-0.2892767190547507;-0.0019205457977231847;-0.016446712822072194;0.0031178085807885354;-0.34515374231623586
46.306;-0.27177078004245336;-0.28358363425535393;-0.0019188551079039437;-0.01635878133320625;0.0034862243101079875;-0.34574698735031245
46.381;-0.28048362428057116;-0.2732977284984955;-2.6346315561915094e-05;0.005844357322543655;0.01969893663952021;-0.2765544579752061
46.472;-0.285614576809259;-0.2696944179675742;-7.165035853489056e-05;0.005919825776441716;0.019276646387452974;-0.20683148242900382
46.55;-0.2914765492921965;-0.2670832484998784;0.0002034983968845191;3.125178847531788e-05;0.019366819179527452;-0.02207991787783052
46.634;-0.2937033773218442;-0.2682485918054914;0.0013521590690375534;-0.0004240127690065727;0.021228281339892404;0.009689453023971666
46.72;-0.29447912057691167;-0.2694239381835062;0.0013287074894295814;-0.0004346064213476529;0.021268722834401635;0.00947241693811467
46.813;-0.29464411179099537;-0.2696247218395371;0.001314705633049872;-8.049479035737493e-05;0.021678627731584136;-0.016410492258454597
46.904;-0.29533026387961775;-0.26917327831399457;0.0013278182593896726;-0.00036438755269517303;0.0213526639251454;-0.019795817511287568
46.989;-0.2957305835093479;-0.26684956956701467;0.001300795816096871;0.000604827115440344;0.022464408180071928;-0.13158071718288716
47.079;-0.29886227894277806;-0.26333081451922047;0.0013176970743540063;0.000177306015411844;0.021819367107673165;-0.13935906307468643
47.163;-0.3021735159586568;-0.25816116577152076;0.0013005118694005247;0.001242044641573036;0.02251371264337805;-0.1876843615459387
47.249;-0.3054627311119059;-0.2540157931610998;0.0013152001713049096;0.0008699077483977344;0.02192777759082014;-0.2012149915277855
47.329;-0.3083911959750465;-0.25255264893421436;0.001111421550216583;0.0012769470704597622;0.021953685085427433;-0.07785834546459537
47.415;-0.30865069714208193;-0.24366675951715966;-0.0018461309254875827;-0.01572647187788635;0.006236299678106155;-0.305883431147911
47.502;-0.31034733286335575;-0.23303543765820775;-0.0018795508043315161;-0.014701291376727262;0.006694052079479064;-0.43592938889880584
47.584;-0.32245524290143035;-0.22460189013051943;0.0013257719592169735;0.0030531362971474626;0.021980950398601762;-0.32582883481076447
47.656;-0.32766725658547474;-0.21756512398736466;0.0013073721059315;0.0034972561743895564;0.022133893080049774;-0.326218894538278
47.734;-0.33256679841914705;-0.21029692402230935;0.0013079090395857547;0.003989697542414159;0.022040723889404156;-0.3263506686054758
47.811;-0.3384091940706534;-0.20645783405364918;0.001294024317434781;0.003937359620524591;0.022587192283303845;-0.19941524477515782
47.896;-0.3414272261427149;-0.20594920718251652;0.0013570077625175271;0.0037604808209953733;0.020990234321588346;-0.019710485927359234
47.978;-0.3421705397234427;-0.20573889716574414;0.001325737771739661;0.003843563706238439;0.021015454495419885;-0.0197103627583587
48.061;-0.34337462385747125;-0.20351446347667282;0.0013239141386386416;0.0040737691705375525;0.021156877575386483;-0.07920480878670115
48.134;-0.34438588960706806;-0.20214011168658033;5.4240174964964984e-05;0.01076532864731956;0.017450297682766215;-0.02809558626470735
48.134;-0.3446263666481965;-0.20170954251099926;2.567310540483572e-05;0.010572679568550404;0.017354479509450314;-0.025588866422640074
48.307;-0.34503152252016883;-0.201997516941824;3.1531728308695206e-05;0.010585955187224853;0.017312141132697186;0.004618964966600137
48.384;-0.3437170774928127;-0.20051413378810698;-0.002328661415436366;-0.015865613462261004;0.0086243106587634;-0.13456999526632835
48.48;-0.346621879682375;-0.19810750994114176;-0.001945902587689946;-0.015722314994852323;0.0076170445251889565;-0.09749888217700461
48.558;-0.3470251554322212;-0.19355702326019394;-0.0019162508150911703;-0.014689498691322661;0.008248564674360788;-0.20625922643367364
48.638;-0.3511074277135595;-0.1860488785055425;-0.0019335250347768354;-0.01499527337458849;0.008275155318428153;-0.22010912879535233
48.718;-0.3508662708069613;-0.1769840658743947;-0.0019196156888581111;-0.014094827476052804;0.008804053465097175;-0.3439418639678973
48.8;-0.357029360357774;-0.1726373141367323;0.0010880414101511037;0.006701289978202841;0.021268546846720575;-0.19906083001446703
48.892;-0.3595161158030156;-0.17017455188567737;0.0013033849331891127;0.005925677146550633;0.02150627246820614;0.04048108287455861
48.959;-0.3585792980974011;-0.17328997636128762;-1.2022515602156444e-05;0.011412372605452708;0.016111701579374898;0.2036509133654879
49.051;-0.3577795865836733;-0.1816764742984022;7.36472434007574e-05;0.01170524515147382;0.016367295874802675;0.2078495299082646
49.144;-0.3542890712194468;-0.1870168255716308;4.701941799973257e-05;0.0111653930074556;0.01645074075974458;0.26366262610654523
49.229;-0.3432207538264805;-0.19884405344563652;8.918841841922353e-05;0.010645897538878802;0.016689840533400595;0.45731119736929166
49.314;-0.33546424845835254;-0.2098218263075332;0.00012144088391863112;0.010277847537607588;0.016962822476170356;0.5207366476140917
49.403;-0.3310138704406047;-0.22304556011308954;0.0013874390464753174;0.0022374872878318623;0.0204429599350744;0.2593579639529137
49.486;-0.2906323247524826;-0.2306000704838393;8.527758303552798e-05;0.009749203507130093;0.017950995607734454;-0.15930072270870674
49.571;-0.30511711561133253;-0.20249402913827552;0.00025375826341388053;0.003205415536766504;0.01872685382153222;0.1572437183241375
49.655;-0.2888010879889339;-0.21191070259674752;0.0001302381588327483;0.010164245798113791;0.01813728079589839;-0.15825101037877756
49.745;-0.2705906377073754;-0.2226403865191262;-8.495893856900083e-06;0.009950072532727137;0.01796936685037692;-0.31211021775167713
49.825;-0.2561569933102611;-0.23470748328887087;0.0018453201589377134;0.0027514780512268946;0.026691390938182777;-0.42413339676975736
49.912;-0.25219383518907146;-0.26185988760087964;2.1674286189588693e-05;-0.011558718858184916;-0.01777596470049689;-0.2738094174425646
49.99;-0.26354436697035916;-0.2604860879073037;3.940749707821706e-05;-0.010976524118472787;-0.01678842423577384;0.005816972468281948
49.99;-0.25152964422545815;-0.27858451981984445;-1.5367559011960003e-05;-0.01154698969996293;-0.017158521591642138;0.09271665736711228
50.083;-0.2324623358946928;-0.29913852537694496;0.00016033817011000185;0.010465355203885189;0.017125942994043655;0.19997024902574256
50.153;-0.23131079983028943;-0.3054485727343974;9.458523995210501e-05;0.011626718607526667;0.017303895917537285;0.22164926063141896
50.249;-0.22412834853845418;-0.31160574896356397;0.0013659076277972738;0.003982866865662725;0.020522471706882758;0.22019192700824486
50.327;-0.18731418232954972;-0.3161379647850062;2.5867160580530103e-05;0.010109014135649281;0.016694820221610174;-0.00036527342622953544
50.412;-0.15897084912057283;-0.3345452386787489;4.012723380487584e-05;0.010554893773548738;0.01716670023704971;-0.03359945508451679
50.5;-0.14824436911788533;-0.35035767966225506;-6.213281191059914e-06;0.01031559796396857;0.01699700341773274;0.0038767708652484487
50.587;-0.1474845773620491;-0.36019585671218357;2.533092321641185e-05;0.010553806635893302;0.017183744170117175;0.0007722985004686766
50.674;-0.14460213078575038;-0.3625643537357019;1.6661667500306583e-05;0.010413211622402255;0.017127299376281224;0.10258180097003403
50.759;-0.13250692777953701;-0.36345735301003373;0.0013750760198525068;0.0036665912645702727;0.020227636594248147;0.29256000694007184
50.838;-0.1270758134171065;-0.36646902852808755;0.0013495321784695313;0.0033928585182924627;0.020681862288866433;0.23515475693447216
50.925;-0.12141610952290868;-0.36881281927114906;0.0013629205645069426;0.0027276038647870153;0.020316021472249236;0.22879371688867667
51.003;-0.08214987614045662;-0.3686280174670077;0.00010206129694375532;0.009652095568821515;0.017878579790785675;-0.11131006564485489
51.094;-0.10108247859151812;-0.36037374332671945;0.001659137553176483;-0.0020007673801401655;0.015634430830146057;-0.004918393378440689
51.17;-0.12142799855141777;-0.3640708507818731;3.360375287369375e-05;0.009484631367231744;0.017935994772165856;0.00047284625994537183
51.248;-0.11779505125783556;-0.3693396161146101;0.0012835489818821071;0.0021222741244167785;0.01838009013137116;0.15333556432060663
51.327;-0.11576105409189419;-0.3708977164494281;0.0013004697142857838;0.0022647558094409086;0.021386150584154502;0.020386040684293283
51.418;-0.11476889395437997;-0.37289921512375634;0.0013270127733026257;0.0016142450064905998;0.020459442944294935;0.037838420191953194
51.499;-0.11139639520959595;-0.3745112260114186;0.0013391105967758355;0.0016123834848638951;0.020367535796448066;0.10165204446928042
51.59;-0.11092174527219853;-0.3742011065651636;0.00131032459911487;0.0016810037220000398;0.021063512139826254;0.014618468879589805
51.68;-0.11144606738986987;-0.3743559930630633;0.0013140350706338662;0.0013679923545998538;0.02080152640351506;-0.02266687344968036
51.755;-0.11153293264658354;-0.37509631079165856;0.0013235455136475379;0.0013140981594105196;0.020543248748801497;0.006267209943804253
51.841;-0.10810573593798713;-0.37587834339442017;0.001353637820282071;0.0012194471338748888;0.020008912012155832;0.11493869880731512
51.92;-0.09513016123471991;-0.3751482216081499;0.0013755885966467848;0.0016458377085896481;0.02057644044873157;0.2934305454276748
52.016;-0.08388354749823451;-0.37755576587646517;0.0013761105237225166;0.0010206219636539199;0.020613522555814997;0.2927536113372839
52.105;-0.05546635451758376;-0.3763618319509791;0.00010310656297920064;0.008041581824768645;0.01884615426037665;0.06951139960238505
52.191;-0.06289067902858092;-0.3662441600894612;-0.001260041165057713;0.0019507914150493778;-0.024924733662758804;0.11502669109633336
52.285;-0.06940336858954224;-0.36928617853483536;-0.0013230317802123833;-0.0005599640333736583;-0.0200920860951621;0.2770922609618818
52.368;-0.06580572631862731;-0.3799789728690246;-0.0013832179005366482;0.0004480504827566182;-0.02065317581984561;0.11249377899117592
52.463;-0.05992393991411777;-0.38237951093992123;-0.0013286831437474727;0.0007602638290871581;-0.02037836597193405;0.21644462108588233
52.537;-0.0556065808345573;-0.38372800901094833;-0.0014098072028083941;0.001125123552005714;-0.020739179419344486;0.049131438682660726
52.624;-0.055770609352004855;-0.3855334101871872;-0.0013202942709179964;0.0016755445490727692;-0.020546040781679795;0.003887939696335725
52.71;-0.055759186977541925;-0.38684539245757527;-0.0013230427436932344;0.0016999399721987145;-0.020529202108186758;0.004114454266195589
52.798;-0.055669549520399146;-0.3871637134701345;-0.0013236269033319351;0.0017116743990938743;-0.020524854015522415;0.004109422737963119
52.88;-0.05549431646678858;-0.38736058470721724;-0.0013239557771319013;0.0017248758820060702;-0.02052187862176939;0.0041065649362394515
52.964;-0.05536692963543494;-0.3874189231091638;-0.0013240333036916988;0.001732545310432143;-0.020520793962429267;0.004105903136388785
53.038;-0.051101926949119476;-0.38786308875269765;-0.0013398184161500443;0.0016454869362779428;-0.02037346216467159;0.09935906128910499
53.131;-0.04843594757466483;-0.38804199232729636;-0.0013401869150347627;0.0017895163565533226;-0.02036196745225854;0.09897767593011819
53.211;-0.045785194107208924;-0.3882917024819085;-0.001340038422496597;0.0019271415076679125;-0.020350181986517477;0.0989610943162542
53.305;-0.04383981077300491;-0.3878832657918057;-0.0013648046499859044;0.0021213210153565093;-0.02056526811244338;0.014840792490109035
53.396;-0.045581200804244264;-0.38672887183554655;-0.001350270923749195;0.002280598674578948;-0.020824463336198768;-0.07938866594356982
53.47;-0.051018417421130245;-0.38569971518856827;-0.001302802323154299;0.0023045714443015093;-0.02109215711510075;-0.15127044508901077
53.551;-0.05504336636690937;-0.3857002575039993;-0.0013010786633544395;0.002096653258727199;-0.021109740343034103;-0.15133841573502727
53.643;-0.05699555761297827;-0.387501543972851;-0.001291704094683269;0.0018637075436968562;-0.020566273820418163;-0.034232114525057526
53.722;-0.057718570516913405;-0.38724535692359907;-0.0013198043225795967;0.0016985840225355578;-0.020607847217238996;-0.02732701928110412
53.824;-0.05953050338083228;-0.3855628420695883;-0.0013513606478199043;0.0015378295005836068;-0.020881794503444493;-0.07930045716194171
53.898;-0.061832558191644495;-0.38553345554177004;-0.0013089411640609823;0.0016117714040240238;-0.020851439728987443;-0.08965427882100203
53.991;-0.0756514990670356;-0.3777271856914238;-0.000758734875269187;-0.0009552112082801266;0.008911320270545628;-0.09485070375036407
54.067;-0.06486703814507692;-0.38359305978040437;0.0009346617020396929;-0.002625849369817866;0.02250430272911447;0.011439123005992069
54.14;-0.06511950656239018;-0.3848637029542976;0.0013221656894940623;-0.0011676960379571955;0.02054002992486847;0.005994470828347401
54.221;-0.06505050104059074;-0.3856544165098559;0.0013233803390174095;-0.001200423797695797;0.020560990447145787;0.0060093107090943496
54.314;-0.06494810251162077;-0.38585350832918397;0.0013237209742751612;-0.0012105050505976029;0.020558472500814003;0.006000790038556503
54.402;-0.06476619350624034;-0.38598632017505824;0.0013239163623516518;-0.0012227948491568266;0.02055665578535505;0.005996004530569805
54.493;-0.0677565667655403;-0.3842877535494807;0.0013086319886716218;-0.0013024365116551307;0.020880490524426566;-0.0886662075225854
54.571;-0.0680743085943214;-0.385336200711302;0.0013186216500265808;-0.001112170475383766;0.0206466865450974;-0.02497213154188998
54.657;-0.0691144960502777;-0.3852194083366582;0.0013190430938661204;-0.0010769298177785113;0.020651202764936098;-0.025520044296430563
54.734;-0.06873440578768081;-0.3854840356458036;0.0013240959039071932;-0.0010066725540537709;0.0205643405718786;0.006256133160285877
54.817;-0.06851346320852564;-0.3854228202529107;0.0013240696544950044;-0.0010250940574244199;0.02056614912862126;0.005991851439864368
54.907;-0.06837716356309896;-0.38542420160774526;0.001324026659840337;-0.0010317821838055766;0.020566087509938196;0.0059928992204804155
54.996;-0.07257037558245123;-0.3837166145377036;0.0013093583597922611;-0.001021954471126737;0.020884073919338116;-0.087964166698021
55.081;-0.07473230718364574;-0.3843630312907533;0.00132739077326726;-0.0009908884146395567;0.02031776485384158;-0.031136825983103446
55.163;-0.07859546141092841;-0.3815279677643875;0.0012961818938237227;-0.0006322602689924978;0.02141643198593002;-0.13618370573730731
55.248;-0.08254977824571602;-0.38092571769407985;0.001301051824414525;-0.0005830414284260487;0.02120027459461903;-0.1498575310088775
55.327;-0.1550439741778964;-0.3426244879557754;-9.332164894842608e-05;0.007374476297473595;0.023177228431449363;0.17351735415495015
55.415;-0.1209085220734934;-0.3410727632244632;1.919711117948707e-05;0.007089352464539928;0.018866297313029152;-0.15272076887619068
55.504;-0.1053378169096223;-0.3540944848056097;-1.9957694628213482e-05;0.0073490443294726955;0.018842756378332843;-0.15633974334928882
55.591;-0.0921092451340532;-0.3705874527019624;-1.9249750038003485e-05;0.007655411667013041;0.01894347501928693;-0.15703317984512524
55.669;-0.11759876929557284;-0.3647422055899343;0.001074109108450733;-0.00011458646041197644;0.016041991267927377;0.08006537702440875
55.756;-0.11936174076964068;-0.3550351662632259;0.0013694191410066987;0.0002692965280854747;0.02052809266673452;0.10175387645475586
55.829;-0.10716913980213802;-0.3548572441536995;0.00016562982620500023;0.008374010846353306;0.01857493600158585;-0.1133324074140789
55.922;-0.09281940153792091;-0.3744902645015545;1.6425863029981714e-05;0.007892527902593179;0.018614270046665393;-0.031541105721600446
56.014;-0.12065295326821066;-0.3647733162070277;0.0010984105711054704;-0.004145700969030491;0.016857931457100864;0.14083333966391853
56.098;-0.16049366780869279;-0.3347704923875999;0.0024899456186216018;0.008787779530656499;-0.0059007107179664545;0.27361781462581375
56.179;-0.131150307346307;-0.336928103118655;0.00019802139735736814;0.008286390225832753;0.018924116991557865;-0.06850612831231319
56.267;-0.10468103672497675;-0.35235015964562094;-6.422921307239877e-06;0.007403713743234156;0.018436591010637153;-0.09293430581092321
56.344;-0.12568149476390017;-0.3504227685739172;0.000493601366597269;0.008106004645892076;0.017099990019792878;0.09051431086640835
56.436;-0.12416884262717305;-0.33677724418937277;7.963532378542866e-05;0.007844180258755084;0.01881489964325964;-0.16588541625630618
56.525;-0.10919843635812464;-0.3547308344366818;-1.968659464749833e-05;0.00775796785137362;0.018695256452661502;-0.15594177617170177
56.618;-0.1005978966231831;-0.36820041029382244;-1.7763541329716363e-05;0.008021119505443819;0.01867645258781884;-0.15725813791942644
56.704;-0.10534313524301912;-0.37544105064145417;-9.676426915297622e-07;0.008312811185269277;0.018504526016796242;-0.09675273559769412
56.788;-0.10378467659374425;-0.37735707961263915;0.0013812443660194342;0.0008122749997561894;0.02067862809143345;0.006717085910124861
56.879;-0.10781590617364582;-0.3753147660636304;0.0013092458076775651;0.0009174250939651557;0.020882975812976344;-0.0879777470907289
56.968;-0.1093414482414561;-0.37592308710764305;0.00131895358795398;0.0011196982501481378;0.020637711404631862;-0.025012081330661226
57.059;-0.10699528188568638;-0.37635133566818746;0.0013619346219214483;0.0007820445746060352;0.01964220868706576;0.08914473454146546
57.146;-0.10329281869942668;-0.37707379571278105;0.001340053094029953;0.0011501479989055382;0.020404583721807087;0.10123588018972868
57.234;-0.10390891467180291;-0.37662856416966517;0.001322968685271607;0.0008817810007160443;0.020579957626490532;0.005215011314546753
57.323;-0.09976677395259097;-0.37798821209212674;0.0013394330613410955;0.0009713709889865176;0.02041556519482542;0.10154540693546552
57.405;-0.10038588289288539;-0.37756686249399535;0.0013229636479861087;0.0006899187622883819;0.02058807531712754;0.005214219761277729
57.498;-0.10034113791158476;-0.3781203419615604;0.001323505238092913;0.0006978842160346167;0.020578192937681268;0.0060028169388488825
57.589;-0.0991148447219642;-0.37866799516129834;0.0013289964928550066;0.0007208615485085412;0.020504690902681665;0.0379107167048148
57.665;-0.09465451010769824;-0.37905056553693317;0.001360379227977774;0.0006339330717057135;0.020021825149790458;0.14863297514393162
57.753;-0.09186901176242511;-0.37950972811890626;0.00132930533188185;0.0008138821915984522;0.0208271271192913;0.10741919883174224
57.835;-0.08793437047500162;-0.38071847313447355;0.0013395446999996527;0.0003289250521972209;0.020438361964594417;0.10118696649624594
57.927;-0.08304030478334852;-0.3811467644655485;0.001351522935299903;0.0003211417767839122;0.02040550387647427;0.16529261909912707
58.022;-0.07959867414836994;-0.3815635113313142;0.0013103840758516856;0.0001666001843899057;0.021280674465895717;0.04946344692472981
58.022;-0.07815727708419498;-0.3829662927883491;0.0013280687142574437;-0.00040076390084411;0.020523809926206664;0.03762014664292876
58.107;-0.07580907945905421;-0.38358748578412555;0.0013489683717008813;-0.0005725787217344809;0.020064192670387417;0.09205328830966769
58.196;-0.0678309697801328;-0.38176943816241005;0.0014017925023029308;-0.0004790289565107377;0.0196830186828684;0.26860065777048353
58.273;-0.06403698648465098;-0.3825382206384427;0.00016895226615332452;0.007234150225004423;0.018806378342065624;0.07626516363902577
58.365;-0.05811638705668632;-0.3852387309184642;0.0012880160852475836;-0.0009607956982229268;0.018295593831679054;0.14475905858155258
58.452;-0.05051874979384517;-0.3841765492424969;0.0013866307122102467;-0.0011247082000042504;0.020127657775237142;0.27075890976748546
58.529;-0.048330464784002825;-0.3846652824192236;0.00017344811873360962;0.006516662552477456;0.0198194095139144;-0.013931233353802266
58.626;-0.04802352125615463;-0.3872968545202855;2.453510916599331e-05;0.005674477977082149;0.01935788946126671;0.0006971301130677764
58.718;-0.04816614768203112;-0.3882751416120812;2.3276469641945097e-05;0.005662900714134676;0.019338234514672085;0.0007073196915062044
58.8;-0.04909676630954327;-0.38801102515374997;4.6502147446587244e-05;0.005805317174028379;0.019488801506714403;-0.03502020571215451
58.889;-0.050440761327201745;-0.38825545109967;1.3992041618282304e-05;0.005690986773410235;0.01934207040534451;-0.03194963869371642
58.984;-0.050434641958263776;-0.38838596015537147;2.374698210705814e-05;0.0057744542337445125;0.019307126359558967;0.00055085213978002
59.063;-0.05044914631612019;-0.38828293646382755;2.306619708517858e-05;0.005771622504208924;0.019299537378642505;0.0006974748916610316
59.152;-0.05047134037612106;-0.38823764875319583;2.308879141181089e-05;0.0057733788082380685;0.019299850503549633;0.0006993795613225902
59.237;-0.05048884318319718;-0.38822847758982754;2.3094029575818092e-05;0.005774359423203753;0.01929969535914111;0.0006996048842419611
59.331;-0.04688138671722435;-0.3882785235296647;1.571032787561809e-05;0.005668316492592471;0.0192349502799247;0.10265058062686838
59.425;-0.042618501101566925;-0.38794819892612187;0.0016218593885113598;-0.00265325157138788;0.01878053711079592;0.15781412235023598
59.516;-0.03981917123360563;-0.38728141055742965;0.0013030095622623846;-0.002043238940823914;0.0214168500716258;0.02078190256352438
59.603;-0.039496599114374815;-0.38843040205273005;0.0013226431313013904;-0.0025393851892290048;0.020442604450977217;0.0060206611778357245
59.692;-0.032188958420310505;-0.38781609969459385;0.0013863905902611329;-0.0025569733816567914;0.01947364762313372;0.20969147681639658
59.77;-0.02631549653347909;-0.38777667130241616;0.0013630909088862117;-0.0023999454848652787;0.02035628232382475;0.22906395692262332
59.854;-0.022116963440318344;-0.38901845097178495;0.0013607134128220432;-0.003100170294758853;0.019790969098532903;0.1550389270555103
59.945;-0.02039797834696759;-0.3885961308683107;0.0013190970872856745;-0.0035411168453574828;0.020395315989247913;0.005556351600683952
60.029;-0.020340592405016643;-0.3898799758411604;0.0013220690650706396;-0.003542216465416811;0.020298994460942448;0.006054889226081776
60.113;-0.020176973302623982;-0.3906043366496248;0.001323475172417279;-0.003564095234625222;0.02028771313222705;0.006013340624056264
60.211;-0.020051433646231517;-0.3907780428699092;0.001323796058627114;-0.0035736365797769264;0.02028418158180158;0.006005380937960588
60.292;-0.018497948176056288;-0.39101052036525286;0.0013427696795079145;-0.003634261904726601;0.01979692694884258;0.05925455565555243
60.369;-0.01281023215490037;-0.3903038067745441;0.0013620923328219717;-0.0035868932665394154;0.019703211225643728;0.1555027608823763
60.46;-0.003354330459667627;-0.3888042470203983;0.0013636200000476631;-0.0036024393379301776;0.020169626018851024;0.22915098493767222
60.553;0.0026634917035672457;-0.38864854920165137;0.001363544144416668;-0.003915012929491556;0.020109124538459307;0.22897399480067543
60.639;0.06715724243134419;-0.36690805251863007;0.0020924742051591726;0.020495014891846845;-0.0020590829585862653;0.14654994565647064
60.727;0.12282285567601998;-0.33307316584408114;-0.0014523224528742399;0.0073625141457465335;-0.006545384916780595;0.08042543438985847
60.727;0.14641276770023398;-0.3246908153186507;-0.0012890533790688263;0.004932405669694904;-0.020447621278592846;-0.009438555378021816
60.897;0.12042468785022414;-0.33479038753639695;-0.0013927328679197342;0.011203488102467227;-0.017496225017913546;0.0532321360047423
60.986;0.021086489745792397;-0.31623957579538026;-0.0011243936054677148;-0.0023241161760649393;-0.021863505967807062;0.0016590644938545744
61.072;-0.008433797470722813;-0.28919189237502324;-5.194636369993235e-05;-0.0026608146153699113;-0.019827960699000023;0.07236594959652459
61.161;0.046080299354416064;-0.25843648882232045;0.0013840817938446822;-0.004920576377239621;0.019458664585664576;0.18122392420396208
61.25;0.09061159629783623;-0.2344960927620969;0.0030419439477046557;0.023809170168247882;0.003499989643293363;-0.05017357198854065
61.322;0.10603751403677715;-0.24075286267148782;0.0020074657777901187;0.018008481442508155;0.00026068584888990805;-0.07984850041989815
61.409;0.10684173025864387;-0.24688353686768436;0.0019828387014288688;0.017865549725855707;0.00029379344478324017;-0.09047752827696562
61.506;0.10589195910622456;-0.25112823898377645;0.001967950014073905;0.017907051854900095;0.00011466548077106102;-0.09197294631387833
61.587;0.0704729569012459;-0.2554742792960983;-0.006725292233836727;-0.0021668328952401824;0.014003451518129314;-0.12425095970098643
61.677;-0.024510703636256015;-0.22922947574540534;0.000904532984144221;0.0058862224903603304;0.015783026369199885;0.007942054216914728
61.758;-0.0237570661216004;-0.21995668808527705;2.333239206857773e-05;0.002748867136558755;0.019815327693837405;0.0013424606979622745
61.847;0.005952082498255332;-0.20938084566296042;-0.0019731849760280364;0.004946296869543497;-0.011005200829344981;0.026421051382535247
61.94;0.05622049522951824;-0.18484344509764986;-0.0008007048336334368;0.003061899755760598;-0.02940924473252601;-0.013471751267610427
62.03;0.07307562180701577;-0.17603654434988167;-0.001310921228346505;0.0050316001067073025;-0.02016751124265462;-0.058193235861656464
62.118;0.08786776312363576;-0.18372096235250973;-0.0013008405971700922;0.0046184208230421395;-0.019940729922853746;-0.12957166825860325
62.201;0.026181698950490297;-0.18871170000841922;-0.0011783241184630114;-0.0023676084890215305;-0.024966055710202762;-0.14613871201154013
62.288;0.039463206831313075;-0.16601031731352925;0.0013612093294692895;-0.004424592673672641;0.019483740637569837;-0.059448434235013115
62.369;0.05159451279888128;-0.1652452153300065;0.0013240913886911638;-0.003923359536118171;0.01996560755775222;-0.002938298713922691
62.458;0.023240865399824038;-0.16961394329215754;0.0029317492344193225;-0.0011737193216586586;0.013819773686036117;0.010211365816735261
62.537;0.030792044984945893;-0.1598752384686294;-0.0019252549696988056;-0.014213504087260638;0.0022264803688245693;-0.0019094536343468626
62.631;0.04895153554338926;-0.16146994655228392;-0.0020329775650747917;-0.017403195920692578;0.0005491497745410953;0.003402192682874478
62.722;0.05343528499438887;-0.16935959281536397;-0.001976770609357248;-0.017716589130127736;0.00034221797583178345;0.0028054261410115754
62.811;0.022537132198218793;-0.16669109580967462;0.0011925643429476999;0.0014246992872550873;0.022741221395570936;0.023517474600943524
62.902;0.022994153989201925;-0.15272291236721858;0.0013285700779876765;-0.004406228062448987;0.019934703346157184;0.015567030305711358
62.989;0.023394000088103353;-0.1492188952829512;0.0013273988057047113;-0.004331749022901623;0.019862257400008132;0.05804447745706818
63.071;0.025337205415367523;-0.14450181332459472;0.0013330127311183193;-0.0042694960909628365;0.02003906009030164;0.14675898726063819
63.159;0.02649640569120857;-0.14394451843790151;0.0013293924691376658;-0.004395849639052881;0.02023436586999765;0.1366332372564292
63.241;0.02845898934354097;-0.1434814776879785;0.001329513672065235;-0.004724657680990869;0.020023383838024163;0.1334470389196429
63.338;0.029526969530082988;-0.14445529311250938;0.0013251690944612298;-0.0050530520322192764;0.019836880525557505;0.08543382919542711
63.419;0.030384142046524818;-0.14442777573986587;0.0013253201361256317;-0.005168832861968076;0.019806405789779255;0.08553689551381101
63.512;0.05495255959807095;-0.11524363464935827;0.0013026256015946126;-0.004998677813871332;0.020096911874629152;-0.0821778266099559
63.594;0.05267261368475345;-0.11208720823393188;0.0013175595925725902;-0.005280770916252404;0.019753349889686952;-0.09240434251125734
63.684;0.03041578446505041;-0.07537988296410214;0.0019747812674462606;0.001739742510174609;0.0050791094281525785;0.11488017375751429
63.767;0.01626406088788152;-0.042377900395893474;-0.00022977218160389674;0.024081649789232374;-0.0011891578100457073;0.05720448043060091
63.858;0.01605145465984737;-0.03972165825935731;0.002129775614173901;0.00461180865976726;0.00945790285955893;0.05945047415791907
63.944;0.012925235702474117;-0.03976945957902829;-0.0015564689404005928;-0.016454208779139386;-0.013158710336158407;0.06345924992448763
64.027;0.01715497022904781;-0.0379663579518873;0.002534612102790286;-0.011304445443332667;-0.009328944158074807;0.05840996105437557
64.123;0.013138248151991834;-0.03679760056132957;-0.005728004380982423;0.007719644115675575;-0.0050591238937726145;0.06047530590515944
64.214;0.013330549434910537;-0.03450397409286104;-0.001071442445498303;-0.006272351948618622;-0.006147599769840744;0.057174716528268416
64.3;0.011382487369314492;-0.036565938484423716;-0.0001210587402743859;-0.005086989832552156;-0.015629883432118335;0.04253801038358315
64.393;0.013391249251906007;-0.03432930633575007;-0.0014519930428855744;-0.004022437661262693;-0.005651134556898227;0.05426267006016897
64.475;0.012883185530644072;-0.030863104338389933;-0.0028538284850110713;0.01127767997926343;-0.016461605332284572;0.04026461009999411
64.567;0.010141618865937521;-0.031000761853377135;-0.006166263133048509;-9.868847734305042e-05;-0.01327022621766517;0.06266686410333659
64.654;0.014381638646264055;-0.031128242115465544;-0.0016507579736267611;0.012396600563138906;-0.023779699421066707;0.04817152026344558
64.738;0.00811445489596124;-0.0452587567785975;-0.0013080399401161646;-0.016246479950054703;-0.004793268370567531;0.028603564099653117
64.828;0.011903104978911196;-0.06528795128469356;-7.315625776977146e-06;-0.00048037277361006995;-0.01908911659573173;0.01342187354108016
64.917;0.01156280876919881;-0.06297855027089781;-0.00024606223226630804;-0.004347508647913794;0.008196288259868205;0.05230466001776344
65.005;0.009494920927564017;-0.052255824610865004;-0.0011402162188688684;-0.006630054209524311;-0.005693071286481398;0.029090129262281786
65.085;0.01115268994754576;-0.06319711297614888;0.0006895768043780081;0.0030350206268192695;-0.01822138747106296;0.027794459804620284
65.181;0.012257597023293456;-0.06565679647012461;-0.004512911974232508;0.02370533901384205;-0.000603330306594429;0.04091048266978796
65.27;0.01705975271987547;-0.06732388862062197;0.0018716917206429541;0.017246080084146173;0.0025073568010899674;0.050144865566181786
65.351;0.01755375626034046;-0.06829167747647363;0.0017910770918027092;0.01773501538849199;0.002532214586942844;0.051569635198451806
65.443;0.017991095373500514;-0.06847025475562524;0.0017794385658755879;0.01775005002763398;0.002595282295381749;0.052492365151365135
65.519;0.01821799606971439;-0.06832782047639492;0.001778608492112051;0.017741437600547024;0.0026508472775705156;0.052904307505068825
65.604;0.018533799508862924;-0.06801446335794024;0.0017784648223053603;0.017726600489457577;0.002734881201102995;0.05344226147150802
65.692;0.018739614445373906;-0.06778490196050513;0.0017785833121454252;0.01771601006536947;0.002791022190633356;0.05378173062470776
65.775;0.019046991884995083;-0.0674320130484984;0.0017788770939211804;0.017699475535635417;0.002875489610897968;0.05427903816723422
65.859;0.01925189459851876;-0.06719454228317451;0.0017791183974557897;0.017688096378528587;0.002931990120788995;0.05460529874708841
65.947;0.01955961570589637;-0.06683672966427648;0.0017795332863371632;0.017670520621809974;0.003017019313322421;0.055088069793605365
66.036;0.01976504267115855;-0.06659738959223059;0.0017798442921002676;0.01765847679708966;0.0030739012092946215;0.0554056969260698
66.131;0.020073574068893898;-0.06623732786856831;0.0017803556738691805;0.017639911679956724;0.0031594959744596796;0.055875908754956106
66.218;0.0007374984691006351;-0.0011593777761493417;-0.0022399412783229464;0.010359190600833741;-0.01739882348892007;0.13806530164835848
66.312;-0.00018450022423515972;-0.0003544354154674653;-0.00128848504545409;0.008443107752196786;-0.01895972229658716;0.28707670428021526
66.398;-0.00015467737568589622;-0.0003034300675557929;-0.0012992258391741783;0.009334100482821852;-0.018531110480644958;0.5359152867220421
66.485;-0.00016664905489056914;-0.0003184641454400403;-0.0012940515445808783;0.009996052757061231;-0.01820971283834569;0.7002475095536437
66.571;-0.00017577231605666807;-0.00041627903784823526;-0.0012993634730106003;0.011119034310831446;-0.01766735605961991;0.8335050264141693
66.663;-0.00014959242520381708;-0.0004639084439928068;-0.0013013648895808271;0.01252381145693544;-0.016762186003089947;0.8932207043945576
66.752;-0.00016537586124920622;-0.0009706993739760283;-0.0013259287381266372;0.012662793543144212;-0.01709218447647993;0.7357455495570223
66.847;-0.004924806650702882;0.0012491861601719794;0.0013347305987973137;-0.013853680415929074;0.01583448882805054;-0.009634026487117649
66.944;-0.0013244063045239223;0.000852238715178388;0.0013261650645234096;-0.013805613233841864;0.01592182077373049;-0.005070567360076447
67.038;-0.0005049263164238783;0.0007572818622012583;0.0013243836807292722;-0.013809044250068426;0.015919277585766802;-0.005132922399914829
67.127;-4.363758971839273e-05;0.0007035591251557328;0.0013233898974551392;-0.013804254966603334;0.015923694408584776;-0.005167890404689429
67.222;9.324001339001075e-05;0.00068749247646364;0.0013230941737749447;-0.013795329934672768;0.015931478333802644;-0.005178184120218816
67.318;0.0001340862530428542;0.0006826369608232526;0.0013230069317307035;-0.013785174253553916;0.015940248955166884;-0.005181174926719275
67.411;0.00014383471825756792;0.0006814520147790336;0.00132298651023708;-0.01377817826859249;0.01594627758926694;-0.005181838910913054
67.503;0.0001496099485143984;0.0006807182521194576;0.0013229753561949966;-0.013767568875194855;0.015955406105986412;-0.005182162125971333
67.593;0.00015164750886988875;0.0006804272504091894;0.0013229730376499943;-0.013756905951735841;0.015964569126374468;-0.0051822009288993226
67.688;0.0001523254494126032;0.0006803143319819951;0.0013229706625528424;-0.013749786491786504;0.01597067787525337;-0.005182175358480449
67.779;0.0001529979199580766;0.0006801858147857938;0.0013229702962486106;-0.013739091875388755;0.015979837159039962;-0.00518211092248158
67.871;0.00015352483844676486;0.0006800745541344947;0.0013229705177837693;-0.013728395334782543;0.015988995152097916;-0.005182035297489494
67.966;0.00015400861310454605;0.000679968259668546;0.001322969690178144;-0.01371768526380299;0.015998149622835165;-0.005181956077168408
68.059;0.00015432323242817484;0.000679898118492324;0.0013229697904327134;-0.013710541025340833;0.016004244847696632;-0.005181903037640701
68.153;0.00015479113758313476;0.0006797931800717504;0.0013229702575111052;-0.013699821595902403;0.016013382452658646;-0.00518182327412195
68.153;0.0001552572777500413;0.0006796881924594332;0.0013229706125934349;-0.013689099458243797;0.01602251607094978;-0.005181743291769819
68.338;0.00015556770234951753;0.0006796180774592681;0.0013229700353100948;-0.01368195083861966;0.01602859494362678;-0.005181690592146951
68.338;0.00015587799063499018;0.0006795478252486636;0.001322970261610139;-0.013674796433666812;0.01603467000697324;-0.005181637926167351
68.428;0.00015649834229570353;0.0006794070514890582;0.0013229697816504065;-0.013660476051095098;0.016046828455577554;-0.005181531142925653
68.52;0.00015696347807622665;0.0006793011065371233;0.0013229699661959258;-0.01364973401635506;0.016055934372595292;-0.0051814516813677896
68.614;0.00015727352405172198;0.000679230321170369;0.0013229695603684424;-0.013642565942109256;0.01606199890420993;-0.005181398864910839
68.71;0.0001577385174464238;0.0006791238871918764;0.0013229692474306504;-0.01363181048377846;0.0160710894039564;-0.005181319795095698
68.802;0.00015820342956840753;0.0006790171641962965;0.0013229689979845614;-0.013621049163211784;0.016080169922088116;-0.005181241076624923
68.894;0.00015851331363025191;0.0006789458652104148;0.0013229696848868844;-0.013613870873413045;0.01608622388956412;-0.00518118829090186
68.982;0.00015897809176157191;0.0006788386827531441;0.0013229685586012474;-0.013603101952641533;0.01609528991913355;-0.005181110004020449
69.069;0.00015944277000739106;0.0006787312533263639;0.0013229686235503336;-0.013592325054457994;0.0161043568196255;-0.005181031116554719
69.164;0.00015975250045713676;0.0006786594624245846;0.001322968598763984;-0.013585133945820784;0.01611039987630766;-0.005180978307494914
69.259;0.00016021702900928623;0.0006785515191161173;0.0013229683599018138;-0.013574348271117873;0.01611945748250937;-0.0051808993963935275
69.351;0.000160681480000708;0.0006784433255903602;0.0013229679436489534;-0.013563553407861372;0.016128503366607587;-0.0051808208920194635
69.444;0.00016114583591463668;0.0006783347284328393;0.0013229689069221302;-0.01355275620556724;0.016137537193537548;-0.005180743006632014
69.538;0.00016145537725004703;0.0006782622979085631;0.0013229673762439398;-0.013545554833247448;0.016143557607108866;-0.005180690957455987
69.632;0.00016191958224510234;0.0006781532299006706;0.0013229683078509118;-0.013534741912308499;0.016152582229569896;-0.005180612882806132
69.725;0.0001623837318562737;0.0006780440590567785;0.0013229665456989483;-0.013523933974915638;0.016161602602357456;-0.005180534879327375
69.817;0.0001626930897260224;0.0006779710055648013;0.0013229678343237947;-0.013516716361316156;0.01616761254082202;-0.005180482726521171
69.911;0.00016315707712126801;0.0006778612423272828;0.0013229679848269199;-0.013505894704750887;0.016176615312833383;-0.005180405293261682
70.007;0.00016362097176758335;0.000677751219399168;0.0013229674842597668;-0.013495061904464412;0.016185618404555024;-0.0051803272131372554
70.101;0.0001640847796546188;0.0006776408465805689;0.0013229674704112531;-0.013484223860822304;0.01619460506404924;-0.005180250022104688
70.194;0.00016439393902681972;0.0006775671875894236;0.001322967233073217;-0.013476995577535534;0.016200597498841115;-0.005180198179926255
70.289;0.00016485759848502014;0.0006774563557028702;0.00132296711800442;-0.013466148202399204;0.01620957587210718;-0.005180120855935232
70.381;0.0001653211905246287;0.0006773453474597657;0.0013229661418179104;-0.013455300732232498;0.016218547956988426;-0.0051800436893390655
70.477;0.0001657846561247963;0.0006772339615522044;0.001322966655346956;-0.013444434825459982;0.01622752061053232;-0.005179965689122965
70.568;0.00016609360464240518;0.0006771595249467472;0.0013229666587287413;-0.013437194023027772;0.016233486363895874;-0.005179914897671925
70.661;0.00016655694104976475;0.0006770476827235104;0.0013229667638274462;-0.013426327483029113;0.016242439843470256;-0.005179837872115993
70.753;0.00016702018290263795;0.0006769355681336603;0.0013229671387979948;-0.013415451983952352;0.016251390091073188;-0.005179760545939495
70.848;0.0001674833421005939;0.0006768231791185778;0.001322966838491717;-0.013404569094583272;0.016260329328365554;-0.005179683588187807
70.942;0.0001677920860573805;0.0006767480813036355;0.0013229661863118835;-0.013397321052589168;0.016266279035993533;-0.005179633071920837
71.036;0.00016825508317787612;0.0006766351482215734;0.0013229666095820299;-0.013386424337676462;0.016275205251725773;-0.005179556267957832
71.131;0.00016871800118578394;0.000676522018487066;0.001322966405436593;-0.013375526931000697;0.016284128280532755;-0.005179479338526114
71.226;0.00016902657389302812;0.0006764464006194073;0.0013229661496140313;-0.013368263132001708;0.016290067009856083;-0.005179428712350369
