29.366;0.004080526021167295;0.0182120898176489;-0.03068565012304755;-7.628941011434113e-06;4.672844406612744e-06;-0.09449534313354813;0.9955253035689434
29.366;0.004080526021167295;0.0182120898176489;-0.03068565012304755;-7.628941011434113e-06;4.672844406612744e-06;-0.09449534313354813;0.9955253035689434
29.366;0.004080526021167295;0.0182120898176489;-0.03068565012304755;-7.628941011434113e-06;4.672844406612744e-06;-0.09449534313354813;0.9955253035689434
29.366;0.004149225650747976;0.01842068320495809;-0.03068565010592897;-7.623699362688251e-06;4.681503069235887e-06;-0.09560453943525857;0.9954193950086239
29.695;0.004163021824185164;0.01846238338166609;-0.03068565010144577;-7.6226471755578426e-06;4.683233024865368e-06;-0.09582635999927712;0.9953980654237035
29.78;0.004183751224745243;0.01852492204677995;-0.03068565009683464;-7.6210742117816e-06;4.685829762313757e-06;-0.09615907911557556;0.9953659786347969
29.875;0.004204522784375287;0.018587446767396244;-0.03068565009087099;-7.619495039153173e-06;4.6884238358625566e-06;-0.09649178412811621;0.9953337809577927
29.97;0.00421839390732996;0.01862912215407503;-0.03068565008785664;-7.618446724629783e-06;4.690155148062153e-06;-0.0967135796184776;0.995312254238509
30.057;0.004239235708832875;0.018691623573271508;-0.03068565008268953;-7.616870095490577e-06;4.692751444081083e-06;-0.09704626105350862;0.9952798717624585
30.148;0.004260119641610065;0.018754110976137155;-0.030685650077693985;-7.615292105445701e-06;4.6953461934688394e-06;-0.09737892829945403;0.9952473784156434
30.244;0.004274065664384798;0.018795761444058662;-0.030685650074171778;-7.614239114810154e-06;4.697074038545166e-06;-0.0976006985649572;0.9952256545927629
30.339;0.004295019792298911;0.018858225425432057;-0.030685650068418502;-7.612656242312458e-06;4.699665241624116e-06;-0.09793334209147948;0.9951929764757959
30.427;0.004309012602226133;0.018899860254160662;-0.0306856500655028;-7.6116054523982715e-06;4.7013979131658405e-06;-0.09815509651386518;0.9951711294789023
30.482;0.004316016023423122;0.01892067531783285;-0.030685650064049493;-7.611079595321852e-06;4.702261033547303e-06;-0.09826597134327265;0.9951601875054705
30.519;0.004323024121545673;0.018941488813224945;-0.030685650062879155;-7.610555323507579e-06;4.703126297536237e-06;-0.09837684458283938;0.9951492332157444
30.567;0.00434407647375036;0.019003919878031593;-0.03068565005689297;-7.608967677123618e-06;4.705714903992305e-06;-0.09870945475259046;0.995116296451026
30.684;0.004365170904452681;0.019066336791074074;-0.030685650052246622;-7.607389609492933e-06;4.70830952463892e-06;-0.09904205057252352;0.9950832488482304
30.785;0.004386307403034469;0.019128739524854794;-0.03068565004772699;-7.605807436806877e-06;4.7109011063237865e-06;-0.09937463201122274;0.9950500904138411
30.877;0.004407485958945225;0.019191128052538524;-0.030685650042217343;-7.60422543718889e-06;4.7134930021077e-06;-0.0997071990363555;0.9950168211544383
30.969;0.004421628356204977;0.0192327124988273;-0.030685650038501086;-7.603164106518064e-06;4.715216677700299e-06;-0.0999289023632611;0.9949945800819383
31.061;0.004442876984058668;0.019295077289306732;-0.030685650033245304;-7.601580156649424e-06;4.717805048329876e-06;-0.10026144529453182;0.99496112612876
31.155;0.0044641676409031845;0.019357427801785988;-0.03068565002825346;-7.5999947378506175e-06;4.7203952960105655e-06;-0.10059397372622356;0.9949275613681258
31.247;0.004485500315920103;0.019419764008437406;-0.030685650022966852;-7.598406185548891e-06;4.72298205789582e-06;-0.10092648762657638;0.9948938858065819
31.34;0.0044997454376183455;0.019461313519175426;-0.030685650020095274;-7.597348599562304e-06;4.7247094695307206e-06;-0.10114815547089946;0.9948713738794539
31.432;0.004521148119409797;0.019523625823737567;-0.03068565001442932;-7.595758010373538e-06;4.727295136879424e-06;-0.10148064508030319;0.9948375136644388
31.526;0.004542592790942228;0.019585923750978104;-0.030685650009538115;-7.5941683805963156e-06;4.729882605199064e-06;-0.10181312007190675;0.9948035426661791
31.621;0.004556912560966837;0.019627447701448114;-0.030685650006508407;-7.593110146591525e-06;4.7316070720839375e-06;-0.10203476192953322;0.9947808337910116
31.715;0.004578427191607963;0.01968972160629661;-0.030685650001447035;-7.591519456451338e-06;4.734194826284312e-06;-0.10236721248663834;0.9947466781687043
31.808;0.004599983783312141;0.019751981061417907;-0.03068564999662904;-7.589928843738414e-06;4.73677934421613e-06;-0.10269964834019474;0.9947124117807903
31.901;0.00461437815086662;0.019793479324142483;-0.030685649992970115;-7.588866142434938e-06;4.738500996106419e-06;-0.10292126405788979;0.9946895059890206
31.994;0.004636004653822193;0.019855714637007298;-0.03068564998797481;-7.587273407177344e-06;4.741086665587732e-06;-0.10325367533307395;0.9946550550065926
32.083;0.004657673088971434;0.01991793542788828;-0.03068564998323016;-7.58568267985751e-06;4.743669933336462e-06;-0.10358607181825039;0.9946204932763145
32.175;0.004679383445671538;0.019980141670282607;-0.030685649978211195;-7.584086351375414e-06;4.7462536107283686e-06;-0.10391845348090871;0.994585820804867
32.266;0.004693880301139584;0.02002160440277812;-0.030685649974916858;-7.583022190281829e-06;4.747975091711973e-06;-0.10414003300519915;0.9945626443043348
32.357;0.004715660502875725;0.020083786337644075;-0.030685649969896336;-7.581428159782285e-06;4.750560351146507e-06;-0.10447238989129623;0.9945277872791464
32.449;0.0047374825970791495;0.020145953651700365;-0.030685649965193386;-7.579830113160228e-06;4.753139932713387e-06;-0.10480473186868206;0.9944928195305824
32.543;0.004752053928159588;0.020187390391814383;-0.0306856499617022;-7.578766193932993e-06;4.754861458291474e-06;-0.10502628488799888;0.9944694461885587
32.637;0.004773945819087697;0.02024953327854213;-0.03068564995670816;-7.577165675814602e-06;4.757442366088839e-06;-0.10535860194447116;0.9944342939160234
32.726;0.0047958795733844956;0.02031166147252997;-0.030685649951196405;-7.575564372594999e-06;4.760021049421524e-06;-0.10569090400523945;0.9943990309380377
32.819;0.0048105253283367904;0.020353072092436753;-0.030685649948627318;-7.574501731450627e-06;4.761744161940069e-06;-0.10591243036508648;0.994375460786374
32.913;0.004832528830784503;0.020415175738789454;-0.03068564994354963;-7.572899732666112e-06;4.764322309394223e-06;-0.10624470736049058;0.994340013314277
33.008;0.004854574167406971;0.020477264620357667;-0.030685649939047908;-7.571300904354437e-06;4.766901447123932e-06;-0.10657696927317803;0.9943044551547057
33.1;0.00487666132727399;0.02053933871040305;-0.0306856499340945;-7.569699264297169e-06;4.769480484761392e-06;-0.1069092160704819;0.9942687863144184
33.193;0.004891409330254412;0.02058071320628731;-0.030685649930708606;-7.568629937380596e-06;4.771198679196084e-06;-0.10713070552192733;0.9942449456015985
33.288;0.004913566170980533;0.020642762583520092;-0.030685649925238503;-7.567022311884199e-06;4.773773073235899e-06;-0.10746292705480912;0.9942090923084359
33.378;0.0049357648056203435;0.02070479709737903;-0.030685649921352625;-7.565421622073945e-06;4.776353223323324e-06;-0.10779513338486511;0.9941731283526477
33.473;0.004958005223155344;0.020766816720906873;-0.030685649916452853;-7.563815847986676e-06;4.778930184701997e-06;-0.1081273244799985;0.9941370537409556
33.565;0.004972855375389866;0.020808154850857092;-0.030685649912802683;-7.56274475518905e-06;4.780645802224106e-06;-0.10834877673016986;0.9941129425276719
33.657;0.0049951654062281685;0.020870149596924337;-0.030685649907902585;-7.5611390021468104e-06;4.783219273850566e-06;-0.10868094236096167;0.9940766835045893
33.752;0.005017517190357999;0.020932129380370246;-0.030685649903960395;-7.559533510657637e-06;4.78579723885319e-06;-0.1090130926690437;0.9940403138437999
33.844;0.005032441570553521;0.020973440910324933;-0.030685649899693863;-7.5584573092541545e-06;4.787510200708272e-06;-0.10923451767949069;0.9940160059411913
33.935;0.00505486291874146;0.021035395696659527;-0.03068564989579053;-7.55684975916737e-06;4.7900851588909286e-06;-0.10956664237754259;0.993979451899314
34.033;0.005077325990492617;0.021097335448707302;-0.030685649891248716;-7.555243908156045e-06;4.792660527085309e-06;-0.10989875166563612;0.9939427872379192
34.127;0.005099830774694505;0.02115926013955446;-0.030685649885537684;-7.553629924138536e-06;4.795230991947886e-06;-0.11023084551136601;0.9939060119638062
34.219;0.005114857132116226;0.02120053488572028;-0.030685649882925835;-7.552557494208374e-06;4.796946406235017e-06;-0.11045223281289074;0.9938814336663075
34.307;0.005137431412065125;0.021262434414432596;-0.030685649877672687;-7.550943934038888e-06;4.799518389987493e-06;-0.11078430084757512;0.9938444740529888
34.405;0.005160047374541257;0.021324318810068434;-0.030685649873744416;-7.549332657492168e-06;4.8020891079623765e-06;-0.11111635335189368;0.9938074038452946
34.5;0.005182705008388314;0.021386188045645953;-0.030685649868791416;-7.547720123904912e-06;4.804660818247804e-06;-0.11144839029286384;0.9937702230501156
34.591;0.005197833242742856;0.021427425766903072;-0.030685649865284784;-7.546641193174256e-06;4.8063743667875024e-06;-0.11166973959095906;0.9937453744192394
34.684;0.005220560303815597;0.021489269676083257;-0.030685649860802893;-7.545026598253908e-06;4.808944525035976e-06;-0.11200175051987708;0.9937080093268998
34.78;0.005243329006103748;0.02155109835277983;-0.030685649856272403;-7.543412702030979e-06;4.81151238782932e-06;-0.11233374579784355;0.9936705336654459
34.87;0.005258531269460801;0.02159230899557682;-0.03068564985316919;-7.542337579670808e-06;4.813227863840747e-06;-0.11255506727132579;0.9936454884673374
34.962;0.0052813693487833106;0.021654112226147364;-0.030685649848648848;-7.5407208770368805e-06;4.815795671253631e-06;-0.11288703639047414;0.9936078285394704
35.055;0.005304249039204923;0.02171590015293187;-0.030685649844159724;-7.539103187787044e-06;4.8183629384181195e-06;-0.11321898977030027;0.9935700580609996
35.146;0.005319525277943313;0.021757083589084267;-0.030685649840976374;-7.538024411851687e-06;4.820075215721338e-06;-0.1134402832631321;0.9935448163284462
35.238;0.0053424742950646704;0.021818845949970772;-0.03068564983591137;-7.5364042349164035e-06;4.82263928201698e-06;-0.1137722103375818;0.9935068616143756
35.33;0.005365464893001026;0.021880592935338294;-0.03068564983126685;-7.53478017228314e-06;4.825204351965098e-06;-0.11410412158441867;0.9934687963682567
35.425;0.005388497060387867;0.02194232451830592;-0.030685649827295654;-7.533164978571648e-06;4.827773451993621e-06;-0.11443601697040853;0.9934306205970764
35.517;0.005403874927127721;0.021983470336624417;-0.03068564982406477;-7.53208214281883e-06;4.829483150814282e-06;-0.11465727173342959;0.9934051086835575
35.609;0.005426976351653914;0.022045176189440036;-0.030685649820040954;-7.530463270279977e-06;4.832048943011483e-06;-0.1149891406115367;0.9933667487194061
35.701;0.005450119315095209;0.022106866567701507;-0.030685649814955092;-7.528837631257641e-06;4.8346127353576906e-06;-0.1153209935408023;0.9933282782487899
35.797;0.005465571028956768;0.02214798487666074;-0.030685649811403475;-7.527752682808376e-06;4.836320362226663e-06;-0.11554221995006446;0.9933025698793667
35.888;0.005488783198556096;0.022209649404999948;-0.030685649807330455;-7.526131606381126e-06;4.8388851173507475e-06;-0.11587404622364947;0.9932639152469508
35.981;0.005512036876562434;0.022271298387377698;-0.03068564980260545;-7.524504794341428e-06;4.841446795906568e-06;-0.116205856459816;0.9932251501267894
36.075;0.005535332051498384;0.022332931797211963;-0.03068564979848334;-7.522881387075449e-06;4.8440096967675255e-06;-0.11653765062502931;0.9931862745259523
36.17;0.005550885216334011;0.02237401207243278;-0.030685649794925957;-7.521795017030895e-06;4.845717084953372e-06;-0.11675883779051446;0.993160296084046
36.261;0.005574249527129154;0.022435619467682626;-0.03068564979028373;-7.520166197411149e-06;4.848276983685512e-06;-0.11709060509707922;0.9931212363643933
36.355;0.005597655304022375;0.02249721121853111;-0.03068564978555975;-7.5185396429904e-06;4.850837769997797e-06;-0.1174223562439143;0.9930820661828853
36.449;0.005613282186397097;0.022538263681244064;-0.03068564978232962;-7.517450292365183e-06;4.8525426060716584e-06;-0.11764351468125869;0.9930558913643187
36.54;0.00563675704783685;0.02259982929820296;-0.03068564977876853;-7.515824199923017e-06;4.855106189899769e-06;-0.11797523882090206;0.9930165370954763
36.631;0.005660273344562475;0.0226613791992768;-0.030685649774012853;-7.5141942636521875e-06;4.8576652379880335e-06;-0.11830694671221588;0.9929770723836341
36.727;0.005683831064973978;0.022722913357585278;-0.03068564976980425;-7.512564387946142e-06;4.860223489340118e-06;-0.1186386383215446;0.9929374972359284
36.823;0.005699559219173783;0.022763927369980983;-0.030685649766606274;-7.5114736816570804e-06;4.861927235066646e-06;-0.11885975699912592;0.9929110524543718
36.917;0.00572318595302081;0.022825435229895438;-0.03068564976252692;-7.509842079858909e-06;4.864485635896221e-06;-0.11919142139741423;0.9928712932627285
37.008;0.005746854079419657;0.022886927275260666;-0.03068564975786077;-7.508209406481104e-06;4.867042640913709e-06;-0.11952306942455429;0.9928314236542234
37.101;0.005762655820468919;0.02292791317296135;-0.030685649755380212;-7.5071203406523816e-06;4.8687477972343665e-06;-0.1197441589976598;0.992804782576052
37.197;0.0057863929085502155;0.022989378801038643;-0.03068564975093087;-7.505485384926028e-06;4.871304026948961e-06;-0.12007577966502903;0.9927647289553421
37.292;0.005810171357900887;0.02305082854282822;-0.030685649746156465;-7.50384857923541e-06;4.8738574706548125e-06;-0.12040738387204687;0.9927245649368346
37.381;0.005833991157012404;0.023112262371649872;-0.030685649741627657;-7.50221289488983e-06;4.876411811190409e-06;-0.12073897158496444;0.9926842905277299
37.471;0.005849893989252114;0.023153209403540344;-0.03068564973882476;-7.501122151691158e-06;4.878117738053347e-06;-0.12096002088002401;0.9926573795971305
37.566;0.00587378267824023;0.0232146166509374;-0.03068564973476242;-7.499487593820675e-06;4.88067277728717e-06;-0.12129158102810389;0.9926169212196817
37.654;0.005897712685460315;0.023276007913355577;-0.03068564973061765;-7.497846160352794e-06;4.883225730372056e-06;-0.12162312459272034;0.992576352470801
37.745;0.005913688972365659;0.023316926528077594;-0.030685649727567845;-7.496754356884492e-06;4.884925974097793e-06;-0.12184414440620636;0.9925492453243093
37.843;0.005937687817256032;0.02337829109042672;-0.030685649722771345;-7.4951134277231545e-06;4.887478646556672e-06;-0.12217566025670192;0.9925084926391183
37.935;0.005961727948717101;0.023439639596268755;-0.030685649718274352;-7.493472797228143e-06;4.890028879203609e-06;-0.12250715943403112;0.9924676296017622
38.022;0.005977777634398737;0.02348052966685513;-0.030685649715580292;-7.492379280435065e-06;4.891732756414574e-06;-0.12272814960578125;0.9924403262737141
38.117;0.006001886550921599;0.02354185135264889;-0.030685649711689016;-7.490738762967952e-06;4.894282521660116e-06;-0.12305962091947786;0.9923992793322097
38.211;0.006026036722587686;0.023603156910787418;-0.030685649707194618;-7.489096337417402e-06;4.8968334604827005e-06;-0.12339107546992167;0.9923581220579145
38.304;0.00605022813745092;0.023664446314431764;-0.030685649702738522;-7.487451468483351e-06;4.899381783048502e-06;-0.12372251322358459;0.9923168544580779
38.395;0.006066378654444262;0.023705296928934534;-0.030685649699637968;-7.486353797483801e-06;4.901082162203351e-06;-0.1239434623776633;0.9922892814365027
38.489;0.006090638781686579;0.02376655934892829;-0.030685649695916795;-7.484710299633155e-06;4.903630465167551e-06;-0.12427487206154529;0.9922478299769772
38.585;0.006114940120347949;0.02382780554290761;-0.030685649690829316;-7.4830623170945365e-06;4.9061775899936235e-06;-0.12460626485846107;0.9922062682113816
38.678;0.006139282658472611;0.02388903548397549;-0.0306856496872112;-7.481416546420927e-06;4.908726622091199e-06;-0.12493764073455807;0.9921645961470381
38.768;0.006155533899896372;0.023929846402125806;-0.030685649683717973;-7.480315930984468e-06;4.910422400884411e-06;-0.1251585485683425;0.9921367534973183
38.863;0.006179945077285616;0.023991049195949802;-0.030685649680045748;-7.478671853376575e-06;4.912973314872964e-06;-0.12548989616778478;0.9920948976180306
38.958;0.006204397422102733;0.02405223566522401;-0.030685649676123763;-7.477022237815779e-06;4.91551851113963e-06;-0.12582122675656068;0.9920529314595096
39.051;0.006220721850223583;0.024093017562588935;-0.03068564967281034;-7.475920602807497e-06;4.917214519974439e-06;-0.12604210434849775;0.9920248927579056
39.14;0.006245242780827134;0.024154176765378715;-0.030685649668501798;-7.474271160682473e-06;4.9197595360461265e-06;-0.1263734065102372;0.9919827428170965
39.235;0.006269804846865753;0.0242153195726601;-0.03068564966498292;-7.472620911333425e-06;4.922305709334636e-06;-0.12670469157040198;0.9919404826167648
39.327;0.006286202404603508;0.02425607232222158;-0.03068564966120394;-7.471515937744041e-06;4.923999486433848e-06;-0.12692553875987897;0.9919122478981925
39.422;0.006310833002771715;0.02431718774378266;-0.030685649657948937;-7.4698689060690475e-06;4.926546710874715e-06;-0.1272567952421225;0.9918698039483987
39.511;0.006335504704140033;0.024378286698407657;-0.030685649653884556;-7.468214544369833e-06;4.929089793635952e-06;-0.12758803453256415;0.9918272497587709
39.605;0.0063602174965636795;0.024439369159320178;-0.030685649649359135;-7.4665597797650475e-06;4.931630193465912e-06;-0.12791925659716785;0.9917845853367341
39.698;0.006376715513855569;0.024480081623359306;-0.03068564964652753;-7.465456196422572e-06;4.933323952339467e-06;-0.1281400617200837;0.9917560811521664
39.789;0.006401496764307756;0.024541136534995272;-0.03068564964226366;-7.463800153022921e-06;4.93586496325576e-06;-0.1284712549989544;0.9917132330260208
39.883;0.006426319073494592;0.024602174881645546;-0.030685649638429402;-7.4621448562782005e-06;4.938408107017183e-06;-0.12880243096083774;0.9916702746873616
39.977;0.0064428900839030205;0.02464285789671321;-0.030685649635294826;-7.461038710498396e-06;4.940100420122059e-06;-0.12902320529831995;0.9916415745693985
40.067;0.006467780797004227;0.024703868575274356;-0.030685649631453385;-7.459382882674171e-06;4.942640883697818e-06;-0.12935435232331238;0.9915984325597457
40.161;0.0064927125361193185;0.024764862617190374;-0.030685649627653494;-7.45772601083218e-06;4.945182069847557e-06;-0.1296854819404117;0.9915551803575082
40.256;0.0065176852891736916;0.024825839996180578;-0.0306856496237256;-7.456066273646655e-06;4.9477205953267315e-06;-0.13001659411584238;0.9915118179701358
40.347;0.006534356570639265;0.02486648231160465;-0.03068564962071427;-7.45496035050109e-06;4.949412485455415e-06;-0.13023732585935174;0.9914828485016429
40.427;0.006559397652891073;0.0249274318591093;-0.03068564961650878;-7.453298178444824e-06;4.951951312442558e-06;-0.1305684088889966;0.9914393024891248
40.506;0.006436882285363939;0.024877438502539078;-0.03068559444572056;-8.114246783200794e-06;5.023160898416267e-06;-0.13075752606733304;0.9914143781919231
40.506;0.00483665943861558;0.02396599028216501;-0.030685626320187644;-8.26679545613252e-06;5.1281130447502285e-06;-0.1309232358524762;0.9913925086560214
40.586;-0.0012402224754924735;0.020478280408426763;-0.030685633191602342;-8.287070142610708e-06;5.181744673805523e-06;-0.1313426782235382;0.9913370268387751
40.671;-0.007696339426569652;0.016772915150641124;-0.030685626944792238;-8.23856495961761e-06;5.1544756495596995e-06;-0.13171970532295285;0.9912870013952528
40.756;-0.02110339716738194;0.009095292576586665;-0.0306856348527152;-8.32300806228982e-06;5.161129854501697e-06;-0.13216824437175095;0.9912272973863157
40.838;-0.03250873232082275;0.002573218351682404;-0.030685662623849842;-8.458666740763182e-06;5.303460751491292e-06;-0.13228431477962221;0.9912118138741135
40.934;-0.05350765705465389;-0.009429954091311123;-0.030685632583731304;-8.294425445502621e-06;5.1414381230618655e-06;-0.1324612688615684;0.9911881820100316
41.008;-0.0699745092175855;-0.01887608565024946;-0.0306856177497693;-7.65754791983674e-06;5.491740412054771e-06;-0.1350673617381943;0.9908364182367776
41.104;-0.09878058729936436;-0.033304849965699664;-0.030685612389960707;-1.0764425670100262e-05;5.937167999048205e-06;-0.1400901687284957;0.9901387501125785
41.183;-0.12040793610531722;-0.042316936501330886;-0.0306856692286291;-7.836254052503048e-06;5.615850767390665e-06;-0.1427923887362482;0.9897526628537311
41.263;-0.14361232804707036;-0.05092871074396689;-0.030685615234147052;-6.871382570137073e-06;5.74637693343972e-06;-0.1459821391059119;0.9892872257245748
41.34;-0.18028142317768467;-0.06286660743496977;-0.030690505131047187;-1.355130183339716e-06;-6.1669519811861446e-06;-0.15265046135862959;0.9882802419390614
41.421;-0.20511420249698858;-0.06818309150562718;-0.030685807306921047;-7.591890834520831e-06;6.4144186452859275e-06;-0.15483382798390333;0.9879405273664349
41.508;-0.24168538599048883;-0.07652782595173832;-0.030685566537095445;-6.759892999170337e-06;5.321179885707367e-06;-0.1634810711346343;0.9865464709311274
41.594;-0.2659544759733004;-0.08230554297110304;-0.030685838162295913;-7.512256655811282e-06;6.853098813602816e-06;-0.17070144371361715;0.9853227983816714
41.672;-0.3026716967082751;-0.0883055556669613;-0.030686107599666487;-1.1518239133897992e-05;7.6053895748949536e-06;-0.17517572504993592;0.9845371832301294
41.758;-0.32787055527319725;-0.08943428544374057;-0.03068558317707147;-7.655048488828967e-06;5.189438385497251e-06;-0.17260973966607893;0.9849902931942417
41.837;-0.3537068668724069;-0.09066145073969387;-0.03068534124857656;-1.2503961232157847e-05;3.824538031498556e-06;-0.16868070742152588;0.9856707456208678
41.912;-0.39230577092716556;-0.09506147559159113;-0.030685777981395462;-7.2634469860658794e-06;6.328613060956886e-06;-0.16716316117524013;0.985929245662736
42.0;-0.41697119344200484;-0.09755075843382834;-0.030684958749471636;-7.540775463509152e-06;4.569615139389901e-06;-0.16720279745455738;0.9859225245655086
42.092;-0.45451814169093235;-0.10011287216710407;-0.030685296453640296;2.407689929297483e-07;3.504534818912216e-06;-0.16152430493129066;0.9868687343837192
42.168;-0.4798898084531005;-0.1027874654374129;-0.03068524298962646;-5.191354228718521e-07;1.4783011369282462e-06;-0.15665598897373167;0.9876532291833037
42.237;-0.5045233033206391;-0.1068887580878996;-0.030684196061136135;-2.384511593358181e-06;2.7270263180045967e-06;-0.15805807723231785;0.9874298173584289
42.331;-0.5412829836041355;-0.11091291709783341;-0.03068510382731309;-9.013942693414493e-07;2.1311641960635395e-06;-0.15319355611047722;0.9881962023610856
42.424;-0.5658179576844843;-0.11374452484345642;-0.030685294226435074;2.6915476566444263e-07;3.5400819465562035e-06;-0.15150596305589625;0.9884563435710758
42.508;-0.603521688051959;-0.11758033918093924;-0.030685295010001657;3.168918848317401e-07;3.2979271703721286e-06;-0.1472198269123076;0.9891037976637911
42.592;-0.6284740810580365;-0.12096176362344702;-0.03068532624897901;4.0860556189343055e-07;2.9830308383091233e-06;-0.1423755527675348;0.9898127105493613
42.673;-0.650952712462072;-0.12773035463012478;-0.030685140720806924;-2.6744101483152943e-07;2.327332516759505e-07;-0.1340274133322393;0.9909776246088221
42.75;-0.6750260480411749;-0.14521983232112448;-0.03068534453639011;7.133875767617692e-07;6.098533566935696e-07;-0.1189232671570519;0.9929034477368944
42.838;-0.6830543721862554;-0.16052469840528838;-0.03068555641692703;-1.2697924357023825e-05;2.7774632958741588e-06;-0.11250943554411658;0.9936506562895195
42.907;-0.6857721005955336;-0.17751113606314317;-0.030685503075633426;-1.3422459081604357e-05;2.2376691934710703e-06;-0.10600251094732518;0.9943658619882787
42.981;-0.6860721926590078;-0.2061864857887437;-0.03068551375564721;-1.3314027719051221e-05;3.622012543408958e-06;-0.09569515627679755;0.9954106875429746
43.066;-0.6844293627288279;-0.22712943802989405;-0.03068531750167158;-6.7858438405739285e-06;3.6062632428007404e-06;-0.08533523285952237;0.9963522961150632
43.158;-0.6788646356325977;-0.2612433304661115;-0.030685436595308875;-1.3138339605919341e-05;2.892518965661729e-06;-0.07084966624676328;0.9974870047332643
43.248;-0.6727547845982425;-0.285429943987472;-0.03068543689715546;-1.2638500737042064e-05;-8.15975433386227e-07;-0.06162802195730976;0.9980991868292609
43.325;-0.6627472704664576;-0.3227436807529212;-0.03068584837047452;-9.301833760990661e-06;4.5241618794173316e-06;-0.06462875278736956;0.9979093767502923
43.401;-0.6564965542829663;-0.3478065013949765;-0.03068574341786164;-8.84285197355572e-06;4.070154603586449e-06;-0.072808699068201;0.9973459245644082
43.484;-0.6517644104342816;-0.37315660485028473;-0.03068629461574794;-1.1310227557264944e-05;5.862733464932861e-06;-0.07754984013941268;0.9969884764289199
43.563;-0.6542978922009633;-0.4116542639591681;-0.03068570049435424;-1.3484680909525297e-05;1.7291154930252506e-06;-0.0658808560829623;0.9978274964225778
43.648;-0.6573160335747029;-0.43793609249824184;-0.030685604623698993;-1.2470469115859183e-05;2.6786897157020424e-06;-0.05286346702614256;0.9986017492931243
43.733;-0.660288863077585;-0.4774584575818116;-0.030685705335688804;-1.2713473447824182e-05;1.1775839920547987e-06;-0.03154449711362046;0.9995023484408778
43.82;-0.6615649773689007;-0.5034241336952863;-0.03068550431933752;-8.158453988980536e-06;2.7161275751091392e-06;-0.019128981478531648;0.9998170242567669
43.895;-0.6623313090119622;-0.5300297602527801;-0.030684805679485786;-1.8576719878687809e-06;-8.798620335511139e-07;-0.012224472442713167;0.9999252783429732
43.985;-0.663278857925075;-0.5704648437920565;-0.030685199694382336;-8.929028139638689e-10;3.055740306318423e-06;-0.012462871724387344;0.9999223353936265
44.061;-0.66393857430619;-0.5975329279526146;-0.03068542084016758;1.962490102324022e-06;-9.288086949737744e-07;-0.01398771159126066;0.999902167174232
44.135;-0.6648463006540918;-0.6243459816074715;-0.030685451231695658;2.050432554864036e-06;9.719426227756199e-08;-0.02253152223110914;0.9997461330266477
44.22;-0.6673567746680843;-0.6637961527419746;-0.03068547771774193;2.082454609362453e-06;9.503921730582697e-07;-0.044898518533826114;0.9989915530314697
44.305;-0.670066277515624;-0.689579262066591;-0.030687585906360462;1.0219950209752768e-06;-2.301813695623223e-06;-0.06330868767776981;0.9979939929970401
44.392;-0.6758476876117997;-0.7283249267467947;-0.030685544453855376;2.672357276846848e-06;1.0556552046334796e-07;-0.08837144888035227;0.9960875900319381
44.473;-0.6807924164130266;-0.7536730788578461;-0.030687600508400043;9.610818501321732e-07;-2.2285863084768715e-06;-0.10747175248745905;0.9942081383751513
44.556;-0.6899403577845055;-0.7920729650136742;-0.030687663700902753;3.2083668657606864e-07;-2.130589967013514e-06;-0.12885427410211295;0.9916635397356178
44.642;-0.6969627213555543;-0.8178860256931552;-0.0306869345160294;-4.618836101090107e-07;-3.1989725492582727e-06;-0.1376570530665799;0.9904799522103303
44.737;-0.7084420174007895;-0.8561815575489676;-0.030687328494681802;-6.41561185040102e-06;-8.54383171107336e-07;-0.15524782408685336;0.9878755554594957
44.824;-0.7168239527728658;-0.8814243492605626;-0.030685332558764766;-7.131731132986652e-06;4.507636130518961e-06;-0.16779513337156862;0.9858218871305493
44.909;-0.7304211016694211;-0.9195037432352791;-0.03068568812369979;-7.696422591007313e-06;5.0754635049517556e-06;-0.17574487198161057;0.9844357469571958
44.993;-0.7398696332643513;-0.9447612512455796;-0.03068559409993931;-6.591912728908392e-06;5.8648896375457975e-06;-0.18216944009919955;0.9832671534308943
45.078;-0.749658642421823;-0.9696775419664753;-0.030685645209815336;-6.785417908365858e-06;6.053776837200799e-06;-0.19215407414799715;0.9813647699533725
45.149;-0.7652340041564478;-1.0069091655680338;-0.03068574319138801;-7.720576052294084e-06;5.488671324303692e-06;-0.20282395221413732;0.9792152185901242
45.242;-0.7815687514946555;-1.044042961941186;-0.03068561776367283;-6.666787247920136e-06;5.809471244330142e-06;-0.21023469827580094;0.9776509456665436
45.324;-0.7927716763648688;-1.0684385949196702;-0.030687495660963196;-4.957433244592127e-06;-3.291230573456081e-06;-0.2189798569339459;0.9757293796036791
45.411;-0.810356203553178;-1.1038393142052787;-0.03068733124202212;-6.243176038362487e-06;-9.877312252457433e-08;-0.24107311937039608;0.9705069557082215
45.499;-0.8229714172379294;-1.126926518431674;-0.030687332865192256;-6.24662757838983e-06;1.7094952035693184e-08;-0.2566078472449914;0.9665156039574687
45.577;-0.8363497731972092;-1.1498385772660054;-0.03068566736699823;-5.732909048004177e-06;7.291380462337676e-06;-0.26900047433342616;0.963140044190024
45.656;-0.8575580911214942;-1.1834983143831124;-0.03068567579379395;-6.0161034490314165e-06;6.930808156657106e-06;-0.2880554777517888;0.9576137225692618
45.731;-0.8724954264737811;-1.2055975043191927;-0.03068569056973123;-6.248557171504174e-06;6.730363977235405e-06;-0.2993641653177534;0.9541389293175614
45.817;-0.8879727505501841;-1.2274069231048135;-0.030685691215440486;-6.147313912264593e-06;6.810780046710103e-06;-0.30998182759950865;0.9507424816814974
45.9;-0.9120543281700126;-1.2593073736113256;-0.03068734071656061;-6.479187158836823e-06;5.526729854825014e-07;-0.3286348662366734;0.9444570528358178
45.979;-0.9288761486104425;-1.2801032027565464;-0.03068565780196448;-9.526963439841242e-06;-3.1438995041428436e-06;-0.3395666127404549;0.9405820088707452
46.045;-0.9460869734593433;-1.3005765997081864;-0.03068566986421726;4.183478955282413e-06;1.0052511740175757e-05;-0.3465414215657997;0.9380346704789756
46.132;-0.9723730311709368;-1.3311541114458654;-0.030687422078866086;-5.745998472576847e-06;-1.588334500711802e-06;-0.3523664215954072;0.9358621185284233
46.221;-0.9901168986205203;-1.351018708651459;-0.030687330617314015;-6.653065468187989e-06;8.223646088647314e-07;-0.3629649545187724;0.931802791231195
46.306;-1.0083521419686934;-1.3705111921817514;-0.030687330228025868;-6.632914319939397e-06;9.026512633452176e-07;-0.3738342190586549;0.927495539943991
46.381;-1.0366134433184273;-1.3989288412231653;-0.0306857067370263;-1.1309214578847613e-05;6.543949720139519e-06;-0.3874843208041157;0.9218762937402455
46.472;-1.055815608239194;-1.417363758782792;-0.030685762352464094;-1.1056212761616172e-05;7.583360505472343e-06;-0.39560475389108635;0.9184208613261274
46.55;-1.0852101444572448;-1.4446511570352265;-0.0306861232444273;-7.4504610608546036e-06;9.602358091902444e-06;-0.4039322914822607;0.9147888847981132
46.634;-1.1051336589494307;-1.4628359470633217;-0.03068575692435788;-6.752611992399372e-06;6.191333326303865e-06;-0.40392307068636024;0.9147929562930465
46.72;-1.1351387529674668;-1.4902638389341458;-0.030685768582520964;-6.776285163943912e-06;6.226231940417567e-06;-0.40352910802307734;0.9149668075364351
46.813;-1.1551669498695187;-1.5085933023938654;-0.030685736713932453;-6.416708011087438e-06;6.396521228789456e-06;-0.4034613000067457;0.9149967100021602
46.904;-1.1852508072363603;-1.5360723307911224;-0.030685769668255584;-6.669712815322345e-06;6.327271807091602e-06;-0.404428331808566;0.9145696935422805
46.989;-1.2053400347924317;-1.5543105544926743;-0.030685683872132004;-5.549363942134827e-06;6.902471903726403e-06;-0.40670654532073997;0.9135588573895114
47.079;-1.2356609547930832;-1.5813726085230855;-0.030685755908081626;-6.1357618136435604e-06;6.818683560249403e-06;-0.4122262075963486;0.9110815296594429
47.163;-1.2663256023335216;-1.6080018248493917;-0.03068568905436598;-5.278037628473394e-06;7.142598557059216e-06;-0.4191130218832458;0.907934069637779
47.249;-1.286968537637789;-1.625414979560933;-0.030685757284811432;-5.836607823039208e-06;7.101875759622255e-06;-0.42527483599453697;0.9050642594784732
47.329;-1.3078108913277962;-1.642679814528099;-0.03068584932804616;-6.54180742769876e-06;7.1019678705911355e-06;-0.4285452461789947;0.9035203217881442
47.415;-1.339316705662628;-1.6681191876142663;-0.030687550296267324;-5.912370573652021e-06;-1.789822855682382e-06;-0.4362964694896164;0.899802973251776
47.502;-1.3603429860773062;-1.684360418490398;-0.030687475331788835;-5.82068433880765e-06;-9.704105964950916e-09;-0.4477225429777604;0.8941725361895471
47.584;-1.39270104118238;-1.7077673908635165;-0.030685729796955823;-4.8727534747005095e-06;7.67796746533174e-06;-0.46361063234547434;0.8860390406147657
47.656;-1.414793707240922;-1.7228039927520657;-0.03068574988543017;-4.843617836980474e-06;7.822561568664719e-06;-0.47344601571006256;0.8808228369675789
47.734;-1.4372295894935911;-1.7373538533442174;-0.030685750705487392;-4.752017269962037e-06;7.873923883908168e-06;-0.48322929693362415;0.8754938300756063
47.811;-1.4600376299124551;-1.7515708958422989;-0.030685825289855105;-5.441549586236017e-06;7.80554418579388e-06;-0.49011244922513353;0.8716592149596103
47.896;-1.4946879095009953;-1.7726703345627244;-0.03068578673426262;-5.986730795437626e-06;6.915973140907047e-06;-0.492117368226692;0.870528859835194
47.978;-1.5179293833718508;-1.786667620343936;-0.030685799684718747;-6.016242300609576e-06;6.975970838368396e-06;-0.49273234163661705;0.8701809233834289
48.061;-1.5528697253741681;-1.8075498789634532;-0.03068579411543191;-5.766869543283478e-06;7.174003627069807e-06;-0.4955463890046203;0.8685814735876874
48.134;-1.5762442026989048;-1.8213561642426153;-0.03068569336623949;-1.12304630159255e-05;7.030867837381419e-06;-0.4961752081357772;0.8682224154304368
48.134;-1.5996664034027868;-1.8350890077128255;-0.03068572901981161;-1.0890452038481729e-05;7.536246562264643e-06;-0.4969934170903339;0.8677543103859966
48.307;-1.6348347721856304;-1.8556844808626187;-0.030685728977897696;-1.0924063219338726e-05;7.492163612044626e-06;-0.49702386933465614;0.8677368686048432
48.384;-1.658275069634838;-1.8694004511742301;-0.030687855839606287;-7.775441872991596e-06;-1.4208847382593997e-06;-0.497862782713542;0.8672558155044289
48.48;-1.6934747507497028;-1.889770902485432;-0.030687338230104298;-7.060939137642305e-06;1.9410550444079996e-06;-0.5025913207870084;0.8645241258726941
48.558;-1.7170625994591064;-1.9031018587750774;-0.030687439324696097;-6.5920763233450335e-06;7.364147946751766e-07;-0.5069458886804247;0.861977880172117
48.638;-1.7526529337406724;-1.9224794246945938;-0.03068736628844685;-6.751588458818449e-06;2.0309577932007856e-06;-0.5164582839550435;0.8563123500712242
48.718;-1.7764796654189794;-1.9348131485906652;-0.030687421483846983;-6.3415144405420325e-06;1.642535323469702e-06;-0.5251028164639076;0.8510387958834537
48.8;-1.8005684078756687;-1.9467545567190265;-0.030685867632979216;-5.138694783181238e-06;8.184774943688387e-06;-0.5319620948866524;0.8467681675112777
48.892;-1.837070722113758;-1.964243131395315;-0.030685872942870424;-5.949454623987943e-06;7.403537832153723e-06;-0.535233440347828;0.8447041874190159
48.959;-1.8614702916638877;-1.9759846104560197;-0.030685814206697273;-9.581242035719112e-06;8.989573325484647e-06;-0.5320504435339368;0.8467126580858045
49.051;-1.8980634609887495;-1.994075577092408;-0.03068572549717797;-1.082201610780646e-05;7.476271399272021e-06;-0.5231442160143275;0.8522441722169438
49.144;-1.9222854656623656;-2.006640300908676;-0.030685763844723195;-1.0274011899629237e-05;7.954522861654528e-06;-0.5166780987999164;0.8561797370013344
49.229;-1.9577744204656402;-2.0263486402481234;-0.03068574039571436;-1.04300371583654e-05;7.293585022861925e-06;-0.4998716354981994;0.8660995022873372
49.314;-1.980824839883506;-2.040261627027575;-0.030685713788234613;-1.0820104430317155e-05;6.6181231507502956e-06;-0.4851467461373697;0.8744327501594668
49.403;-2.0149511533795734;-2.0624791077709204;-0.0306858445218713;-6.901422029125631e-06;5.8713113844441254e-06;-0.4698356556449277;0.8827539048922974
49.486;-2.0358492294369035;-2.078171272264901;-0.030685694280010625;-1.1079494108856127e-05;5.795435282800505e-06;-0.46974859807119734;0.8828002347381895
49.571;-2.0656814942388255;-2.1003154986318653;-0.030686161653765084;-7.0075097663944085e-06;9.24632410775795e-06;-0.47323157231321916;0.8809380675344656
49.655;-2.0859462834345774;-2.1144530769165253;-0.030685638127030734;-1.1794791092042159e-05;4.9632048555089335e-06;-0.47304298319770033;0.8810393497929988
49.745;-2.1142761305623177;-2.1368102723902314;-0.03068576769417461;-1.0594263220307257e-05;7.142322177705142e-06;-0.48345147128705157;0.8753711639911004
49.825;-2.1319171735059963;-2.1524158823792443;-0.03068583692358256;-5.963293153834913e-06;7.833780989722686e-06;-0.4953233942259067;0.8687086594685229
49.912;-2.157667885155579;-2.1779039520608916;-0.030685823000728946;-1.11482807457028e-05;-2.374366387427358e-06;-0.5102757635338531;0.8600108400596016
49.99;-2.1752864923425443;-2.1956839049147168;-0.030685823583515293;-1.1157176812881997e-05;-1.2432038803327991e-06;-0.5127462155104333;0.8585402252391557
49.99;-2.201634354738995;-2.2230449060031527;-0.030685850180176256;-1.1453655836461658e-05;-1.6962451668026718e-06;-0.5108439027314081;0.8596734885455525
50.083;-2.218082231175569;-2.242745664075154;-0.030686040649030633;-8.069976463654997e-06;7.933059715361291e-06;-0.5072653906993743;0.8617898950849638
50.153;-2.2338788113063384;-2.263313738225723;-0.030685730770223338;-1.0557312083250331e-05;7.695373110972695e-06;-0.5008428255757803;0.8655382509736891
50.249;-2.2570335138653435;-2.2948160259167456;-0.030685911108829088;-6.078021884860291e-06;6.504700377739224e-06;-0.4901697844702782;0.8716269742918169
50.327;-2.270814914283583;-2.316276436930958;-0.030685815579615385;-1.0932455387822484e-05;7.550005783770536e-06;-0.48843045526756645;0.8726028249957688
50.412;-2.2881087674400895;-2.34940681066998;-0.030685836414081694;-1.1367720473949702e-05;7.45514180612942e-06;-0.48849766444315984;0.8725652019469801
50.5;-2.2984248396532374;-2.3727499051989867;-0.030685857146407824;-1.1553102095581346e-05;8.491353637006655e-06;-0.4890366597878961;0.8722632315866125
50.587;-2.3133928548152163;-2.409150175267302;-0.03068584557667986;-1.1187913620052469e-05;7.812087304121212e-06;-0.48903333048691416;0.8722650981706643
50.674;-2.323267435666914;-2.4337692310194705;-0.030685848871813685;-1.1133639009920712e-05;8.243960784690306e-06;-0.4871937345583273;0.873293916625548
50.759;-2.3374178946244144;-2.470812127202187;-0.030685994885050104;-5.842403485014322e-06;6.485355471677047e-06;-0.4778843547557742;0.8784227589284466
50.838;-2.346225060292492;-2.4956250225075114;-0.030685965607697215;-6.318755983219558e-06;6.122393503244339e-06;-0.4695800235566002;0.8828899146548068
50.925;-2.354679273408996;-2.520636908457116;-0.030686019302816295;-6.2323629000973244e-06;6.339454205712862e-06;-0.46273585943969725;0.8864962065962683
51.003;-2.3661120448096113;-2.558421163850012;-0.03068594757844336;-1.0993119763134151e-05;4.96624803809381e-06;-0.4566290208598443;0.8896572020520418
51.094;-2.3718050788063705;-2.583337158283183;-0.030685746074470104;-5.1375604504640615e-06;5.532763954966723e-06;-0.4599610214287359;0.8879391075457979
51.17;-2.383313278467977;-2.6200161847474104;-0.03068587038074664;-1.1550715541063946e-05;7.3987126121747865e-06;-0.45979776747870466;0.8880236555596023
51.248;-2.3914570586273753;-2.6450119346682146;-0.03068608589022081;-6.234988399781247e-06;6.518848625135159e-06;-0.45767164874038974;0.8891212863596748
51.327;-2.4032934541420143;-2.6828300414378154;-0.030685963481247046;-6.574860114239478e-06;5.983063668172729e-06;-0.45133833570864224;0.8923529047639882
51.418;-2.411121397054453;-2.7081300524861582;-0.030686071783804038;-6.651692597414184e-06;6.467746653708457e-06;-0.4504877661401267;0.8927826009012506
51.499;-2.422690350028735;-2.7462533091079337;-0.030686074710114548;-6.6130658395486695e-06;6.3403729021693935e-06;-0.4474503785710194;0.8943087602348075
51.59;-2.4302300191234782;-2.77172515974563;-0.030686013960028007;-6.62819409856733e-06;6.1558839366984566e-06;-0.44504541917206936;0.8955079981731762
51.68;-2.4377821333489953;-2.7971827530467803;-0.030686052842750215;-6.633905165945736e-06;6.451062914303241e-06;-0.4450980313391234;0.8954818492925537
51.755;-2.449170796156705;-2.8354036390478234;-0.03068608151809836;-6.663857002417442e-06;6.488896533326401e-06;-0.44561227331648756;0.8952260618319817
51.841;-2.456651083967167;-2.8609432653957634;-0.030686127570884136;-6.562407273558201e-06;6.515407224367318e-06;-0.44386788698168445;0.896092237897918
51.92;-2.4669802918415713;-2.89920272425363;-0.03068603308903018;-6.184292952560162e-06;6.112807751598136e-06;-0.43279884255382534;0.9014905223065062
52.016;-2.476118379183806;-2.9376061230215953;-0.030686038455031282;-6.276402115235416e-06;6.022794978551058e-06;-0.4193623876495372;0.907818917928687
52.105;-2.4811473467849523;-2.963315063881185;-0.03068591817259604;-1.1375897638427852e-05;4.149960977939962e-06;-0.4119498735480699;0.9112065087218683
52.191;-2.486646526388811;-3.0010845092175624;-0.03068766644506664;-1.9078244948392698e-06;-3.3081802159202135e-06;-0.4096811832659967;0.9122287695875355
52.285;-2.4911963665501533;-3.026069094293601;-0.030687511633200604;-2.4439749788218984e-06;-2.6660053470866383e-06;-0.4040352620943425;0.9147434104552354
52.368;-2.498022405699512;-3.0643725126749586;-0.030687348417531762;-2.6300608187102015e-06;-4.17459251736856e-06;-0.3937510067848224;0.919217136824371
52.463;-2.502298924639203;-3.090319375380216;-0.030687511816398616;-2.41452334910067e-06;-2.9757812370985302e-06;-0.3889528406587746;0.9212576663066554
52.537;-2.508041448071047;-3.1294256832257275;-0.03068730067850954;-2.265166857344816e-06;-4.491200177837323e-06;-0.3795984578822286;0.9251513447799405
52.624;-2.5118210969214454;-3.155583541066549;-0.03068744306139287;-2.4761501532450937e-06;-3.1963260088353266e-06;-0.3792065433272026;0.9253120541101184
52.71;-2.517501513003902;-3.1949921261125267;-0.03068744747448275;-2.4448815353465814e-06;-3.1932888531684267e-06;-0.37896746567290485;0.925409995593997
52.798;-2.5212838572815555;-3.221312228666743;-0.030687450808134377;-2.437349303106775e-06;-3.1910668939123205e-06;-0.37880819128218524;0.9254752045308378
52.88;-2.526943788989709;-3.2608181222758326;-0.03068745563542597;-2.4325856397230226e-06;-3.190227662550262e-06;-0.3785696097492294;0.9255728229362731
52.964;-2.530706641981773;-3.2871630553165483;-0.030687458808480908;-2.4310995611178226e-06;-3.190310817071385e-06;-0.3784106325128738;0.9256378304634693
53.038;-2.5361173309806766;-3.3267141183249813;-0.030687481650265542;-2.4933863745558807e-06;-3.3442412680954973e-06;-0.3751273414411854;0.9269732885503592
53.131;-2.5394912353376613;-3.353092939733406;-0.03068748577561734;-2.4832120419962774e-06;-3.34962044736305e-06;-0.371967968787581;0.9282455656660339
53.211;-2.5426845516108725;-3.3794867309579986;-0.030687488815557384;-2.4729962887673203e-06;-3.358882134048895e-06;-0.36880689491524526;0.9295060377671452
53.305;-2.547178104657625;-3.419096777859849;-0.030687408170191645;-2.23665387589515e-06;-3.805143110723051e-06;-0.3646899280256307;0.9311290224115983
53.396;-2.550184355835524;-3.445464534832596;-0.030687381810130296;-1.9443846372450763e-06;-3.60190028603103e-06;-0.3651474165442732;0.9309497108728745
53.47;-2.5550851407803834;-3.484873576175136;-0.030687404058268385;-1.9901321267020612e-06;-3.042187581912637e-06;-0.3706702592457576;0.9287645336130506
53.551;-2.5586952080255716;-3.511111093891704;-0.030687407574581;-2.005369832584318e-06;-3.014905644496611e-06;-0.37541861921065467;0.9268553610660374
53.643;-2.564431904805895;-3.5505695928943024;-0.03068752015753217;-2.496916176386076e-06;-2.784825537039433e-06;-0.37976582901794753;0.9250826531160993
53.722;-2.5683294633876925;-3.5769158340847946;-0.030687482517293845;-2.3766703543055285e-06;-3.1410542338585024e-06;-0.3806040612265118;0.9247380972807224
53.824;-2.5742574293751854;-3.6163914525502983;-0.0306874015192422;-1.9927737020490368e-06;-3.563427929950636e-06;-0.38177919182440473;0.9242535629756777
53.898;-2.5783793168316373;-3.6426102440998456;-0.030687461533398963;-2.2500357654177254e-06;-3.055728995785163e-06;-0.3845576381057492;0.9231009819949969
53.991;-2.5857469381999882;-3.681535016757143;-0.030685673187658073;-9.808418197755825e-06;6.426887767274985e-06;-0.388718676852933;0.9213564945927257
54.067;-2.5903498589087244;-3.7074273690340935;-0.030686448442289935;-8.068801008645534e-06;8.303421196842276e-06;-0.3907013347108288;0.9205174995192239
54.14;-2.5947870474836985;-3.7335562774881;-0.03068618798282139;-7.051383722019049e-06;6.064921955520061e-06;-0.39048894666953665;0.9206076158942043
54.221;-2.6014365142543627;-3.772857071255755;-0.03068619344983354;-7.044890771111178e-06;6.070905738601037e-06;-0.390251206943185;0.9207084203986087
54.314;-2.60586289622938;-3.799086844446088;-0.030686196354270518;-7.042683059176657e-06;6.069660678156302e-06;-0.39009291165323057;0.9207754993436048
54.402;-2.612487924952609;-3.8384481798786765;-0.0306862009256466;-7.042393398972693e-06;6.067807915138099e-06;-0.3898556538379335;0.9208759792090268
54.493;-2.617019989340734;-3.8645987042635266;-0.03068618124025787;-6.965363731796162e-06;6.321433392246288e-06;-0.3918129565520107;0.9200448940076215
54.571;-2.6216280001466656;-3.890780519683683;-0.030686199978546894;-7.004601116792526e-06;6.156478217870612e-06;-0.39319006311237015;0.9194572171573423
54.657;-2.6286323975549526;-3.930074172817933;-0.030686205833053794;-6.998462865867128e-06;6.172239855553723e-06;-0.3944255816561244;0.9189278864242574
54.734;-2.6333172238002667;-3.95628196727253;-0.030686214289749415;-7.007246037987162e-06;6.10096930526333e-06;-0.3945452524531762;0.918876511659938
54.817;-2.6403258346752225;-3.995593542332775;-0.030686219677644296;-7.011964545361572e-06;6.102080815934892e-06;-0.3943073177465725;0.9189786390798759
54.907;-2.6449863604669037;-4.021799822422859;-0.03068622283699734;-7.0134014272369065e-06;6.100876143274342e-06;-0.39414957225100367;0.919046307107505
54.996;-2.6522112651520926;-4.060952787885769;-0.030686202442179625;-6.91522524717852e-06;6.355011501431816e-06;-0.3974925311443818;0.9176054095286417
55.081;-2.6597704419703923;-4.100089720180286;-0.030686264430588743;-7.0166344929410215e-06;6.433468584549083e-06;-0.40121354981781243;0.9159845453674242
55.163;-2.664991663455017;-4.126126891383606;-0.03068615721929662;-6.6496931651243204e-06;6.4039917761301295e-06;-0.40376126526290795;0.9148643837138193
55.248;-2.670469115202723;-4.152038440587578;-0.03068618363891665;-6.710314256178435e-06;6.62222660429753e-06;-0.408356917781088;0.9128223417573912
55.327;-2.6835783954340875;-4.188752840717147;-0.03068617734237304;-1.0977589005781425e-05;7.191484263678162e-06;-0.40638863174779083;0.9137003227612068
55.415;-2.692567302264365;-4.211995910232607;-0.03068604094042831;-1.1593157878013892e-05;6.344313490126845e-06;-0.408129882232186;0.9129238736359622
55.504;-2.703922281289043;-4.247346635192363;-0.030686055086260967;-1.1821704710368487e-05;7.212506534620172e-06;-0.41600779282058836;0.9093610482755294
55.591;-2.710294785577419;-4.272091239095779;-0.03068605177038316;-1.1850485629990128e-05;7.361832606721068e-06;-0.4207090417250589;0.9071956249983529
55.669;-2.7204458291765503;-4.310106485603784;-0.0306863357814594;-6.5896919192311e-06;6.6458474957685655e-06;-0.4252222792217216;0.9050889531785773
55.756;-2.7286588637555265;-4.334491925736606;-0.030686223550207926;-6.6934265598436715e-06;6.079439187209469e-06;-0.422153527716699;0.9065243509992352
55.829;-2.7365126850688557;-4.358543743617872;-0.03068600944314306;-1.1288165427387127e-05;4.029820959938929e-06;-0.42074358658678734;0.9071796041591901
55.922;-2.7463026113878395;-4.395926698306813;-0.03068608500599579;-1.1852456274475577e-05;7.030776616996869e-06;-0.42348738662412766;0.9059019997661746
56.014;-2.7564914715317776;-4.434119495846899;-0.030686455091078826;-6.697831670028492e-06;7.009703619703709e-06;-0.4238309910512662;0.9057412935990633
56.098;-2.766562112634955;-4.4576445382260355;-0.030684780613772653;-4.196546132557583e-06;2.1694631781562905e-06;-0.4170680476592447;0.9088752629483258
56.179;-2.7762279189615606;-4.480678260806423;-0.03068600095185965;-1.1389855822761963e-05;3.5816380613068665e-06;-0.4136930061027158;0.9104164412834062
56.267;-2.7882131258800067;-4.515638884183926;-0.03068610177082013;-1.2077518203249393e-05;7.234365978080587e-06;-0.41764338485396135;0.908611029478249
56.344;-2.7956075137768974;-4.539796979343667;-0.030686280527253067;-8.682796136169864e-06;6.60741997678609e-06;-0.4192931797553395;0.9078508849429007
56.436;-2.8098523645620896;-4.574147415432935;-0.030686059806146915;-1.1466297862891616e-05;5.499375266126024e-06;-0.4183275203945425;0.9082962542688562
56.525;-2.8215236558740138;-4.609458445351915;-0.03068609773137189;-1.178751755724436e-05;7.390922985314087e-06;-0.4254334835562623;0.904989696557708
56.618;-2.828525650089185;-4.634077835277996;-0.030686094218424213;-1.1770028218596341e-05;7.485934897774619e-06;-0.43016080518274163;0.9027522813540615
56.704;-2.8390065858930558;-4.672120175377372;-0.03068610602049077;-1.1560471180572289e-05;7.24758509064511e-06;-0.43592289537484347;0.8999840160257522
56.788;-2.8460325650417078;-4.697768757901654;-0.030686287222208154;-6.677132973542567e-06;6.3204010218440386e-06;-0.4363613255393598;0.8997715229373516
56.879;-2.8568538250010356;-4.7360788317792455;-0.03068628362752409;-6.617914968853559e-06;6.671498328392895e-06;-0.43963482641448587;0.8981766080872955
56.968;-2.867955368938393;-4.7743855343784185;-0.030686306066734777;-6.663864314082671e-06;6.52874755199429e-06;-0.44233043616525575;0.8968521534538583
57.059;-2.8753555474164596;-4.799951872413569;-0.03068640778316322;-6.579647148412208e-06;6.786110148017529e-06;-0.44228380253391003;0.89687515180587
57.146;-2.886103139874227;-4.838370431975816;-0.030686324562017503;-6.677540991800591e-06;6.2687593535391105e-06;-0.43770957169967795;0.899116416688405
57.234;-2.893176451000818;-4.863972322009256;-0.030686326869769263;-6.742705827364312e-06;6.435297351264601e-06;-0.4367365815855529;0.8995894386986147
57.323;-2.9035656037376785;-4.902474092427392;-0.030686331536628905;-6.706185807238938e-06;6.234101492906336e-06;-0.4335113735479961;0.9011480948882337
57.405;-2.9103993219858357;-4.928139337378091;-0.030686334466529738;-6.772331578611331e-06;6.403515569207479e-06;-0.4325344376401679;0.9016174134123821
57.498;-2.9206477030421585;-4.966680348108573;-0.030686336689156768;-6.760762206777726e-06;6.392038914732856e-06;-0.4323057928178764;0.901727065918253
57.589;-2.930840400301248;-5.0052741064910204;-0.030686344012779497;-6.762634931047847e-06;6.320125583058258e-06;-0.4313782353956708;0.902171168870542
57.665;-2.937440888007334;-5.031044981004871;-0.03068638228217191;-6.587456752028365e-06;6.372417919268668e-06;-0.4286061347980068;0.9034914394334407
57.753;-2.943769561907531;-5.056834291468386;-0.030686304956165318;-6.799499016001076e-06;5.9205756272500385e-06;-0.42409928708309175;0.9056156991872032
57.835;-2.952945539129;-5.095612117574798;-0.030686355142835964;-6.8041466917974085e-06;6.131771882287445e-06;-0.4194665846876326;0.907770777369815
57.927;-2.9587498717258147;-5.121516626158787;-0.030686349356074068;-6.71575651423796e-06;6.036755037837164e-06;-0.4150167039141385;0.9098137916028205
58.022;-2.966966516585938;-5.160442091346703;-0.030686278286996313;-6.891977957619369e-06;5.6893441911454675e-06;-0.408273572721857;0.9128596221419056
58.022;-2.975011500961986;-5.199442154639767;-0.030686367963409726;-6.940827937482694e-06;6.1347876286384804e-06;-0.40655887909270283;0.9136245824982352
58.107;-2.9802727595736687;-5.22550411238738;-0.03068641257620266;-6.8826738046658115e-06;6.25692005098778e-06;-0.4050101306069657;0.9143121972385627
58.196;-2.9851974919585222;-5.251563177070337;-0.030686420263748772;-6.155402991552644e-06;6.4328038100710674e-06;-0.39985564492783005;0.9165781271337862
58.273;-2.9917468599951405;-5.290518492219854;-0.030686119012685198;-1.1714196618790812e-05;3.979054624401048e-06;-0.38803908792221997;0.921642916802075
58.365;-2.9980376887575098;-5.32972809477847;-0.030686419098586916;-6.691565131681936e-06;6.09849918888714e-06;-0.3854926072518304;0.9227109242185318
58.452;-3.001751380485918;-5.355901595992851;-0.030686383020383012;-6.468094073381515e-06;5.996364211461744e-06;-0.3788766347754548;0.9254471867931924
58.529;-3.006727419220743;-5.395014817980209;-0.030686151138747536;-1.1462684567176308e-05;4.00771551879066e-06;-0.3693028651903509;0.9293090947659678
58.626;-3.0099745968929943;-5.421285154625542;-0.030686202830952983;-1.2073732007486647e-05;6.251402289347764e-06;-0.36938068326280843;0.9292781664536437
58.718;-3.0148934311342828;-5.460850776299468;-0.03068620675429444;-1.204640559989308e-05;6.2608781638053066e-06;-0.36941346550850196;0.9292651351022938
58.8;-3.0182221625507477;-5.4872450698126345;-0.030686198576862896;-1.1882770406851382e-05;5.781267177949774e-06;-0.36976686023126837;0.9291245712497794
58.889;-3.0233053620447157;-5.526838510171051;-0.030686214088080567;-1.2038775412747826e-05;6.339321878161119e-06;-0.37135740623699975;0.928489998140965
58.984;-3.0284524116898264;-5.566453218177053;-0.030686218845486106;-1.2009669475953906e-05;6.267189127807556e-06;-0.37207738621406766;0.9282017121749979
59.063;-3.0318902563139867;-5.59285793005406;-0.030686222270451487;-1.2019696380441679e-05;6.29548910425399e-06;-0.3721002526305213;0.9281925456542927
59.152;-3.037048860662408;-5.632457796051227;-0.030686227050441432;-1.2020761094991159e-05;6.296122694409497e-06;-0.3721332046302218;0.9281793349496108
59.237;-3.0404893258578114;-5.658856191354806;-0.030686230214312535;-1.2020814670390396e-05;6.296412524438203e-06;-0.37215515818116957;0.9281705328521282
59.331;-3.0454518965841624;-5.698475943855396;-0.030686236271996254;-1.206293134230017e-05;6.722360413670608e-06;-0.37019195294440227;0.9289552829843347
59.425;-3.048513332753723;-5.724873498493446;-0.030686321320626063;-6.498095921112718e-06;5.38335958217017e-06;-0.36658577572913464;0.9303842587672381
59.516;-3.0526152275570815;-5.764443919939737;-0.030686328092477736;-7.1121384679016885e-06;5.28589675810722e-06;-0.35994542970947935;0.932973358436743
59.603;-3.0553073325585194;-5.790818982184071;-0.0306864352945275;-7.249473500430341e-06;5.834512758873627e-06;-0.35977086480734916;0.933040687617199
59.692;-3.0590550680075306;-5.830478530569152;-0.030686507481539227;-6.7562403800129115e-06;6.077844521890984e-06;-0.3556289459588632;0.9346272266062021
59.77;-3.0610561443185484;-5.85684790202614;-0.030686414155718454;-6.952545879625147e-06;5.494942395474013e-06;-0.34846916990491134;0.9373202427917844
59.854;-3.0636362724859745;-5.8964904900088015;-0.03068648562389705;-7.140351260936522e-06;5.726365458113513e-06;-0.3421164361592062;0.9396575674286607
59.945;-3.0657196658665407;-5.936097460100595;-0.030686448872483472;-7.407519990732799e-06;5.623724305274902e-06;-0.3368618987715261;0.941554066992196
60.029;-3.0671116382066366;-5.962570222304593;-0.030686455416821225;-7.389332974739624e-06;5.6512486750353e-06;-0.3367069850556115;0.9416094764435103
60.113;-3.0691881517190085;-6.002379882740928;-0.03068645924366876;-7.37787477176218e-06;5.650253829715033e-06;-0.336463306944054;0.9416965769258763
60.211;-3.070562441278265;-6.028946043821655;-0.030686462201928458;-7.375812626063083e-06;5.649186443507183e-06;-0.3363012688123281;0.9417544565909429
60.292;-3.0718982789420752;-6.055524146993635;-0.030686509506493223;-7.373098675271465e-06;5.754895174128565e-06;-0.3357248176641253;0.9419601088777106
60.369;-3.0735407186042334;-6.095388839854333;-0.030686507831531075;-7.191592782279452e-06;5.638173137928635e-06;-0.3308248572767919;0.9436921710623027
60.46;-3.0743567941379992;-6.135102050280109;-0.03068644678774319;-7.1046707691541796e-06;5.283698526765485e-06;-0.32060970484110396;0.9472113898614747
60.553;-3.074385800636555;-6.161543167906269;-0.030686450290774797;-7.14707246093183e-06;5.228802928932039e-06;-0.3132712664305095;0.9496636844433948
60.639;-3.071520390766991;-6.200556808670261;-0.03068578003769379;9.032111154996487e-07;3.103571284531393e-06;-0.30398195723744614;0.9526777890050987
60.727;-3.0648727510798346;-6.224331861281303;-0.030687024108924977;-2.205037445208675e-06;-1.8495005795566899e-06;-0.29813067945230187;0.9545250640821465
60.727;-3.0510500313557607;-6.257386994607644;-0.03068783708962742;-1.857710368285323e-06;-2.913272040425997e-06;-0.3000873349305953;0.9539117314522945
60.897;-3.041643535081181;-6.279852796305843;-0.030687836327777322;1.2844206978609564e-06;-1.0092830726893989e-06;-0.2996599456739564;0.9540460769564608
60.986;-3.034646004587246;-6.313340291575444;-0.030687486036724665;-4.440778141426242e-06;-4.50071331233791e-06;-0.29746973135029053;0.9547312495621001
61.072;-3.034885801229685;-6.333814069862739;-0.03068633222987853;-1.0245448237386547e-05;-4.892435256100669e-06;-0.29562506101990393;0.9553040474990532
61.161;-3.031936393783142;-6.361418601335759;-0.030686496251914833;-6.930734287273722e-06;5.464382123422854e-06;-0.2894993762596508;0.9571782023570002
61.25;-3.0269422976085365;-6.3780425278691295;-0.03068536584799939;-2.1926995662910326e-06;1.257790759549333e-06;-0.2874000105352745;0.9578106461811406
61.322;-3.0168046009272924;-6.402194931745798;-0.030685831540768524;7.656039829971263e-07;2.7641091669333138e-06;-0.29017480304197835;0.9569736588179021
61.409;-3.009563200395553;-6.418804075022165;-0.03068586113669495;7.29365983894088e-07;3.3365098414865927e-06;-0.29305927414862626;0.9560942745481829
61.506;-2.9987039706056438;-6.4442448329565405;-0.03068587322194126;7.967214324458283e-07;3.3994380795820728e-06;-0.29755815671195396;0.954703694012961
61.587;-2.9922964526441715;-6.461454952364942;-0.03069218702729538;-7.062906789901935e-06;8.388291163985654e-06;-0.30132156348342554;0.9535225824591971
61.677;-2.9903687432761497;-6.486508690866463;-0.030685829473837252;-8.205359436484081e-06;3.472480867196398e-06;-0.3028072798865898;0.9530518092781203
61.758;-2.9920089612171523;-6.501711212890144;-0.030686332465038615;-1.2333860987948451e-05;5.246856529088524e-06;-0.3027762665788562;0.9530616623371836
61.847;-2.9937387303200325;-6.523799467301048;-0.030687422557958848;-8.104379739620753e-07;-2.471805129721558e-06;-0.30249086999706215;0.9531522824615456
61.94;-2.9907712340656545;-6.544099624005299;-0.03068765901350146;-4.752328008895997e-06;-6.043727773239024e-06;-0.29983256777878536;0.9539918402376766
62.03;-2.986163847442894;-6.556221778296705;-0.03068788797706489;-1.8483265779824675e-06;-3.1498499205302318e-06;-0.30094828471556556;0.9536404615542596
62.118;-2.977762745447121;-6.57439662627347;-0.0306878711981676;-1.979764820002832e-06;-2.9750753888645625e-06;-0.30579230329853047;0.9520982445265872
62.201;-2.9740068726884834;-6.587281911604291;-0.030687624723593772;-3.991219258055027e-06;-5.239143728567592e-06;-0.3104426827329579;0.9505921000587926
62.288;-2.9719873834187354;-6.605363915317764;-0.030686489234040562;-6.922321574482356e-06;5.589148873529248e-06;-0.31577823962015994;0.9488330218237748
62.369;-2.968861601271456;-6.616543996736052;-0.030686559566964252;-7.10459935312997e-06;5.924035373294329e-06;-0.3172655638208672;0.9483367344608444
62.458;-2.9640988755530056;-6.633710964145145;-0.030685514164587136;-3.987160409742213e-06;1.6034375832574157e-06;-0.31717457202138205;0.9483671709019587
62.537;-2.96282208872931;-6.644978710021331;-0.030687501689535362;-8.009936755730876e-06;2.292838783319224e-06;-0.3169874055063695;0.9484297468346955
62.631;-2.958737492267649;-6.6611995604608065;-0.030687891255379476;-7.716241985995248e-06;7.348670289220989e-07;-0.3168227991377138;0.9484847462592446
62.722;-2.953421967992943;-6.678127861872402;-0.030687878657231944;-7.62633055047193e-06;8.289432788481972e-07;-0.31663570420322074;0.9485472211571138
62.811;-2.9504490503736016;-6.689683491931131;-0.030686508865903503;-6.976010107936707e-06;5.877223094110202e-06;-0.3163981116010746;0.9486264991513086
62.902;-2.94805409676386;-6.705816088906225;-0.030686563670673385;-7.252962816964422e-06;5.643959250678346e-06;-0.31562578069799835;0.9488837476078509
62.989;-2.9464848490117808;-6.716071515400631;-0.0306865791007965;-7.222042526244035e-06;5.732879426509608e-06;-0.31448585515641964;0.9492621591644278
63.071;-2.94400794316598;-6.731038046712086;-0.030686556569553568;-6.94849637229501e-06;5.84631454558858e-06;-0.30923914483890025;0.9509843065039744
63.159;-2.942249625190021;-6.74082849678363;-0.030686536652592862;-7.2644709790330355e-06;5.451545135966646e-06;-0.3044249741721408;0.9525363169023002
63.241;-2.9394537212357816;-6.755498051302991;-0.03068655386524046;-7.20296186647158e-06;5.564570657967964e-06;-0.29799056019220166;0.9545688167719973
63.338;-2.936521772386624;-6.770214155453625;-0.030686573451632025;-7.382729531885204e-06;5.459661721328205e-06;-0.2934369165656354;0.9559784390414565
63.419;-2.934492295615435;-6.780040876102483;-0.030686574375355113;-7.396429465426741e-06;5.437455899915716e-06;-0.29069563513692404;0.9568155766019215
63.512;-2.9291916489941356;-6.79280903875521;-0.030686595358587934;-7.151000888189159e-06;5.835675867081029e-06;-0.29163494810213103;0.9565296947613677
63.594;-2.9255429199326883;-6.80053321102936;-0.030686582790226888;-7.091691332440836e-06;5.783044873541096e-06;-0.29437802721859496;0.9556890587461763
63.684;-2.9224032067888728;-6.807654536821643;-0.030687351376920226;-9.752920268735528e-06;-4.650036450061564e-07;-0.2953035244172221;0.9554034898258595
63.767;-2.9203210393470416;-6.812876718858068;-0.030687164682773407;2.6581515749204653e-06;-5.111901869503894e-07;-0.2917630737778719;0.9564906213718778
63.858;-2.918648261456393;-6.817058382694142;-0.030685963558489522;-5.443840142580521e-06;-6.247612198679533e-07;-0.288945210001302;0.9573456353832077
63.944;-2.9175999983712484;-6.819726730436172;-0.030687129908134318;-6.100637229166128e-06;-1.4778217329100833e-05;-0.287197648219174;0.9578713434495063
64.027;-2.916000531529853;-6.8235771933540885;-0.03068598748160158;-6.559151944618568e-06;-1.2087118379706729e-06;-0.28453604041437197;0.9586653439343823
64.123;-2.915002490683069;-6.826179625956712;-0.030691880696641045;4.5328795622253405e-08;-2.6307634068591852e-06;-0.28289424654548995;0.9591511065856811
64.214;-2.9135148538613955;-6.829854049659594;-0.030686662218099917;-5.7418287369665305e-06;-5.388409359164189e-06;-0.2804573512731859;0.9598664876194111
64.3;-2.9120432182095777;-6.833426141755491;-0.03068771314664345;-1.5961580803100467e-05;-4.746318781561364e-06;-0.27806300369406567;0.9605628379753895
64.393;-2.9111090431011952;-6.835793405803631;-0.03068704071556497;-4.0567650165878315e-06;-4.579436099566985e-06;-0.27655470962296447;0.9609981751012483
64.475;-2.9097743393860314;-6.8390670513074205;-0.03068936237852514;2.0955688644892365e-06;-4.532497868096486e-06;-0.27440849048303323;0.9616132176326863
64.567;-2.9089142925280056;-6.841176190296338;-0.030692568978804978;-5.331161342306286e-06;-5.386086499851316e-06;-0.2730341750495843;0.9620043342925031
64.654;-2.9075422052109485;-6.844402569294505;-0.030689736977525126;-2.373451870665264e-06;-1.975153928582321e-06;-0.2708447858190239;0.9626230321289391
64.738;-2.9068973767500954;-6.846958470533021;-0.030687195708909598;-4.470938371104296e-06;-6.964900618385302e-06;-0.2698421217595171;0.9629045795175256
64.828;-2.905903032458748;-6.85283030080691;-0.030686646298037794;-1.244846929894931e-05;-6.983531011073109e-06;-0.26831632942966016;0.9633308606899605
64.917;-2.9044873848738746;-6.859537018147643;-0.030686819946887725;-1.4264182787879025e-05;1.4789544040121373e-06;-0.26612613083545095;0.9639382149706993
65.005;-2.9038529800567714;-6.863435284512281;-0.030687183279136214;-8.950432447301182e-06;-3.3982861127589163e-06;-0.2651721117882344;0.9642010947090393
65.085;-2.9028369004099033;-6.869196959990285;-0.030686844471643774;-1.4359046544336069e-05;-4.11517224843118e-06;-0.2636308136822236;0.9646236539988702
65.181;-2.901992287968631;-6.873585336532426;-0.030690032023232124;-1.779023145982369e-06;-1.4644393372600173e-06;-0.26235042587116286;0.9649726700999931
65.27;-2.9005149642496475;-6.880361004368009;-0.03068580716643631;2.4459393316663365e-06;-2.93055320536375e-06;-0.2601135126808428;0.9655780447515687
65.351;-2.899388030134937;-6.884985801299156;-0.030685857563875114;2.8054442351012458e-06;-2.99114306452416e-06;-0.25840804590498173;0.9660358594766301
65.443;-2.897652144212975;-6.8919781574161805;-0.03068586143369901;2.873939898125678e-06;-3.0812285190624484e-06;-0.2557953288991882;0.9667309603481222
65.519;-2.896473832949948;-6.896637190533702;-0.030685861286749744;2.8912464566269292e-06;-3.1198661218870817e-06;-0.25403148605391673;0.9671959491618778
65.604;-2.89467936368459;-6.90360253050006;-0.030685860830202596;2.9109483492947923e-06;-3.1674208851887086e-06;-0.2513600155659899;0.9678936628350033
65.692;-2.893465744125985;-6.9082275512993006;-0.030685860480903587;2.922747777947275e-06;-3.1964481091229336e-06;-0.2495631657524837;0.9683585215615333
65.775;-2.891619649378596;-6.915135711187177;-0.03068585993326111;2.939780696755754e-06;-3.2381319764524942e-06;-0.2468448943389898;0.9690550026286668
65.859;-2.890371827913264;-6.919721289304613;-0.030685859560595254;2.9509060384825984e-06;-3.26501928669954e-06;-0.24501761846144818;0.9695186262388734
65.947;-2.8884744247534377;-6.92656966312335;-0.030685858992915302;2.9673497477616665e-06;-3.3041707120224876e-06;-0.24225436267809103;0.9702127724080473
66.036;-2.8871923467090097;-6.931115181403332;-0.030685858609171075;2.978162761117352e-06;-3.329515128725419e-06;-0.24039745550627944;0.9706745403924796
66.131;-2.8852434665242868;-6.937903267179376;-0.030685858027091527;2.9941736121799094e-06;-3.3664191287721027e-06;-0.23759025393375566;0.9713654673784712
66.218;-2.884462504539389;-6.9407930523583445;-0.030688257882351452;-6.51609828167315e-08;-3.003946237562645e-06;-0.23424636014760755;0.9721772691996915
66.312;-2.88446325780415;-6.9408327521570055;-0.03068778828091282;-1.240892515002191e-06;-2.6284362493997837e-06;-0.22718738829414453;0.973851061811629
66.398;-2.884465900922648;-6.940878104751036;-0.030687798415908386;-1.1415110963556003e-06;-2.5961049207418218e-06;-0.20664358063719063;0.9784162869522349
66.485;-2.884465789553997;-6.940906032563157;-0.030687794680545267;-1.1930335011953225e-06;-2.7445258521177743e-06;-0.18579012366127687;0.9825894513686638
66.571;-2.884473115571528;-6.940950424912609;-0.030687796548222325;-1.2776583287906624e-06;-3.1470326672182932e-06;-0.14668073003580917;0.9891838875682449
66.663;-2.884483176168115;-6.940997109167984;-0.030687797210789028;-1.2173051854866933e-06;-3.364348449107525e-06;-0.10271818050521113;0.9947104982762062
66.752;-2.8844999031223706;-6.941042761662444;-0.030687798720178974;-1.5326742701476849e-06;-4.555701681794728e-06;-0.07444511324873426;0.9972251125449456
66.847;-2.88479510931694;-6.941020647561361;-0.030686484455146747;-7.780365833342847e-06;4.304162645252904e-06;-0.05717144690348037;0.9983643751556356
66.944;-2.885073177119776;-6.940922580595798;-0.030686478412982214;-7.796718264939363e-06;4.356537953230358e-06;-0.05753094891391787;0.9983437232923819
67.038;-2.8851310258958316;-6.940871999816995;-0.030686479453410534;-7.796813553058333e-06;4.372424990441394e-06;-0.05775159096914051;0.9983309840231468
67.127;-2.885153661053569;-6.940803560477231;-0.030686480041737327;-7.7959343823107e-06;4.383024997282497e-06;-0.05808452354272855;0.9983116687912783
67.222;-2.8851491732660075;-6.940738282763063;-0.030686480211733154;-7.794633848256998e-06;4.388035136690559e-06;-0.05841828477548214;0.9982921936606935
67.318;-2.8851366261931566;-6.9406739540025155;-0.03068648025705966;-7.79320408502873e-06;4.391386243258067e-06;-0.058752283812883714;0.9982725925651531
67.411;-2.8851267781571215;-6.940631245912803;-0.030686480264865475;-7.792229688744972e-06;4.393320105779152e-06;-0.05897498914678705;0.9982594605487675
67.503;-2.885111231568633;-6.940567280208386;-0.03068648026511351;-7.79075484903061e-06;4.396067573769569e-06;-0.05930906113676386;0.9982396682095209
67.593;-2.885095329784595;-6.940503362501202;-0.030686480260587692;-7.789272910491506e-06;4.3987493350534925e-06;-0.0596431320897419;0.9982197637366753
67.688;-2.885084647798338;-6.940460763563597;-0.030686480257329465;-7.788287723999124e-06;4.400527545161366e-06;-0.059865841855700055;0.9982064320063693
67.779;-2.885068560081558;-6.940396877751336;-0.030686480250842935;-7.786803715379243e-06;4.4031850389712476e-06;-0.06019989842942225;0.9981863413957662
67.871;-2.885052417037052;-6.940333004399616;-0.030686480244447645;-7.785320145790799e-06;4.405840216944845e-06;-0.06053394459352562;0.99816613921327
67.966;-2.885036227221541;-6.940269142506673;-0.030686480238304684;-7.783836088125135e-06;4.408494920044669e-06;-0.060867980053272125;0.9981458254805314
68.059;-2.8850254093741383;-6.9402265741285545;-0.03068648023398738;-7.782843925841764e-06;4.4102616264826464e-06;-0.06109066435693778;0.9981322210250528
68.153;-2.8850091463042062;-6.940162730828012;-0.030686480227168397;-7.78135636045498e-06;4.412914179378398e-06;-0.06142468176546427;0.9981117213969528
68.153;-2.884992839940822;-6.94009889864072;-0.030686480220596207;-7.77986865366899e-06;4.415565379241771e-06;-0.06175868828358886;0.9980911102406769
68.338;-2.8849819450364467;-6.940056350030144;-0.030686480216588256;-7.778877017586394e-06;4.417333958019868e-06;-0.0619813532290477;0.998077307512736
68.338;-2.88497103095148;-6.94001380637217;-0.030686480212066453;-7.777883752348242e-06;4.419100863051341e-06;-0.062204013310712986;0.9980634552211681
68.428;-2.884949145264701;-6.939928733944826;-0.030686480203860483;-7.775898499234723e-06;4.422636694570105e-06;-0.06264931884633146;0.9980356019541922
68.52;-2.8849326806875193;-6.939864942683093;-0.030686480197777588;-7.774408443475295e-06;4.425286271521893e-06;-0.06298328516432523;0.9980145819124512
68.614;-2.8849216803501943;-6.939822421408883;-0.030686480193479523;-7.773414060381561e-06;4.427052917354351e-06;-0.06320592324836288;0.9980005066062327
68.71;-2.8849051439221878;-6.939758648868064;-0.03068648018730981;-7.771921440699484e-06;4.429701989413637e-06;-0.06353987116040523;0.9979793007336846
68.802;-2.8848885643955717;-6.939694887596111;-0.03068648018098384;-7.770428043760313e-06;4.432350675840179e-06;-0.06387380798915558;0.9979579833705121
68.894;-2.884877487438531;-6.939652386355468;-0.030686480176265254;-7.76943198941763e-06;4.434115511280033e-06;-0.06409642636959258;0.9979437098587385
68.982;-2.88486083610056;-6.939588643925789;-0.03068648017024926;-7.767938088826547e-06;4.436763954941872e-06;-0.0644303446597896;0.99792220669098
69.069;-2.8848441416874424;-6.939524912837849;-0.03068648016405267;-7.766444133088364e-06;4.439411100878774e-06;-0.06476425178713867;0.9979005920483393
69.164;-2.8848329881524553;-6.939482431760478;-0.030686480159732486;-7.765446647215001e-06;4.441175487257921e-06;-0.06498685032230703;0.9978861203590117
69.259;-2.884816221967123;-6.939418719636356;-0.030686480153826842;-7.76395022252141e-06;4.443822779478453e-06;-0.06532073877823813;0.9978643199380559
69.351;-2.8847994127301178;-6.939355018926725;-0.030686480147738646;-7.762453544709337e-06;4.446468381354741e-06;-0.06565461599161482;0.9978424080579893
69.444;-2.8847825604503603;-6.939291329659294;-0.030686480140974276;-7.760952760662601e-06;4.449112774797354e-06;-0.06598848193239308;0.9978203847247415
69.538;-2.884771301688908;-6.939248876517664;-0.030686480137411123;-7.759955935574012e-06;4.4508771935609135e-06;-0.0662110529487302;0.9978056405870802
69.632;-2.8847543776909608;-6.939185206380825;-0.03068648013054426;-7.75845312076617e-06;4.4535206184533336e-06;-0.06654490003518718;0.9977834315117081
69.725;-2.884737410673906;-6.939121547758747;-0.030686480125190978;-7.756956651923372e-06;4.456167192353327e-06;-0.06687873576878875;0.997761110998991
69.817;-2.8847260754341173;-6.939079115087946;-0.030686480120278914;-7.755953537912223e-06;4.457928363042268e-06;-0.06710128660291585;0.997746168750452
69.911;-2.884709036738443;-6.939015475717837;-0.03068648011414169;-7.754451654620761e-06;4.4605705870435835e-06;-0.06743510334909505;0.9977236625219774
70.007;-2.884691955047458;-6.9389518479354155;-0.030686480108070117;-7.75294871031215e-06;4.46321400268217e-06;-0.06776890866237856;0.9977010448720006
70.101;-2.8846748303701144;-6.93888823176787;-0.030686480101631414;-7.751443367311517e-06;4.465855014348445e-06;-0.06810270251308373;0.9976783158064456
70.194;-2.8846633900416974;-6.938845827455811;-0.030686480097636817;-7.750441391277749e-06;4.467616145964875e-06;-0.06832522536375829;0.997663101201484
70.289;-2.884646193740447;-6.938782230707079;-0.03068648009153377;-7.748935246951726e-06;4.4702570040173935e-06;-0.06865900004284527;0.9976401864565639
70.381;-2.884628954476818;-6.9387186456461745;-0.03068648008571089;-7.747431930281837e-06;4.472899610578681e-06;-0.06899276317872503;0.997617160311978
70.477;-2.8846116722598274;-6.938655072300117;-0.030686480079369242;-7.745923489936021e-06;4.475539048933202e-06;-0.06932651474150309;0.9975940227736766
70.568;-2.88460012692334;-6.938612696591315;-0.030686480075113157;-7.744917683722355e-06;4.4772982922227515e-06;-0.06954900933891353;0.997578535865696
70.661;-2.884582773137529;-6.938549142831091;-0.030686480068899482;-7.74340949378833e-06;4.479937348113076e-06;-0.06988274154593135;0.9975552126844882
70.753;-2.884565376422519;-6.938485600858674;-0.0306864800628576;-7.741900144362196e-06;4.4825761197667185e-06;-0.07021646209913465;0.9975317781255143
70.848;-2.884547936787396;-6.938422070701131;-0.0306864800567523;-7.740390550468576e-06;4.485213673240978e-06;-0.07055017096837934;0.9975082321947533
70.942;-2.8845362865239377;-6.938379723840292;-0.030686480053224052;-7.739384796311593e-06;4.486974728292352e-06;-0.07077263704168352;0.9974924730373333
71.036;-2.8845187753753994;-6.938316213435189;-0.030686480046651168;-7.737870995297576e-06;4.489610134493307e-06;-0.07110632637052561;0.9974687415002322
71.131;-2.884501221331013;-6.938252714917927;-0.03068648004061289;-7.736359857848964e-06;4.4922465476251395e-06;-0.0714400039345418;0.9974448986073372
71.226;-2.8844894948082316;-6.938210389190956;-0.0306864800368203;-7.735351265838661e-06;4.494005082590596e-06;-0.07166244909292507;0.9974289414840398
