29.766;90.2
29.866;85.2
29.96;77.2
30.057;73.1
30.154;70.5
30.247;76.3
30.339;78.9
30.423;83.8
30.521;74.7
30.611;80.8
30.704;78.2
30.801;72.7
30.896;75.3
30.988;76.9
31.08;71.3
31.176;75.6
31.27;70.1
31.358;75.0
31.452;73.1
31.547;68.4
31.638;78.2
31.729;73.7
31.823;73.1
31.913;76.2
32.004;78.2
32.098;72.5
32.191;78.7
32.284;73.7
32.373;74.4
32.47;72.2
32.47;69.7
32.561;74.4
32.653;75.6
32.744;73.4
32.836;67.9
32.93;70.9
33.021;76.2
33.115;69.7
33.208;71.6
33.301;76.6
33.392;74.4
33.483;71.6
33.573;73.1
33.668;74.0
33.763;70.0
33.858;70.9
33.952;77.2
34.045;66.2
34.138;77.2
34.23;74.1
34.322;72.7
34.414;73.8
34.508;73.1
34.598;74.4
34.69;69.6
34.783;72.7
34.877;74.4
34.967;71.8
35.057;74.4
35.153;75.3
35.24;75.0
35.328;76.3
35.425;71.2
35.519;71.4
35.612;72.2
35.704;73.1
35.798;70.1
35.893;70.9
35.985;69.2
36.077;73.8
36.172;71.6
36.263;73.1
36.356;72.2
36.451;67.5
36.547;75.9
36.635;67.1
36.729;68.8
36.823;73.4
36.917;67.5
37.005;70.0
37.098;72.2
37.192;74.4
37.286;70.9
37.378;73.1
37.47;79.0
37.564;70.0
37.658;69.6
37.748;74.7
37.843;80.0
37.936;76.2
38.033;78.2
38.127;72.2
38.221;69.6
38.315;73.4
38.407;66.7
38.494;71.8
38.591;75.3
38.687;70.1
38.779;70.5
38.873;71.6
38.966;69.2
39.06;76.5
39.152;70.9
39.246;74.1
39.339;75.6
39.434;67.9
39.527;71.2
39.62;72.8
39.713;73.7
39.809;67.9
39.904;73.4
39.994;72.0
40.086;71.8
40.179;70.7
40.274;77.6
40.367;72.7
40.461;76.5
40.556;74.0
40.651;71.4
40.743;73.8
40.835;69.7
40.93;68.4
41.02;70.5
41.109;75.9
41.203;70.1
41.297;71.3
41.389;70.9
41.484;69.2
41.579;65.8
41.671;70.5
41.76;87.5
41.855;85.2
41.943;87.3
42.032;84.0
42.124;84.8
42.205;91.3
42.299;84.8
42.382;95.0
42.471;90.0
42.566;86.4
42.656;92.4
42.734;89.9
42.83;91.0
42.92;88.9
43.004;89.9
43.086;91.3
43.181;92.5
43.271;94.9
43.358;89.9
43.452;85.2
43.534;92.5
43.603;94.9
43.692;92.5
43.789;88.7
43.879;87.5
43.97;85.0
44.065;85.9
44.149;90.0
44.237;88.6
44.331;88.9
44.416;91.3
44.507;84.6
44.595;93.9
44.685;90.0
44.775;88.6
44.866;89.7
44.955;88.6
45.049;90.0
45.136;88.7
45.221;92.5
45.305;95.1
45.396;87.7
45.489;87.3
45.572;93.7
45.664;88.5
45.757;83.7
45.841;92.5
45.916;93.7
46.016;91.1
46.108;86.1
46.195;91.2
46.287;87.7
46.375;90.2
46.464;84.4
46.555;87.7
46.642;90.1
46.735;88.3
46.827;87.5
46.915;93.8
46.915;89.7
47.006;92.5
47.091;90.0
47.181;84.8
47.271;93.9
47.351;94.8
47.431;92.6
47.516;93.7
47.605;93.8
47.687;92.3
47.783;91.3
47.87;92.2
47.953;95.0
48.034;97.5
48.115;90.1
48.209;94.9
48.297;88.7
48.387;92.5
48.477;89.7
48.567;89.7
48.655;92.6
48.746;84.6
48.835;93.8
48.927;91.1
49.007;90.0
49.096;91.0
49.188;90.1
49.27;89.7
49.361;95.0
49.44;92.4
49.524;90.0
49.609;89.9
49.703;89.9
49.787;93.7
49.863;92.5
49.956;92.4
50.047;93.8
50.126;92.3
50.219;90.4
50.306;93.5
50.389;91.3
50.481;91.1
50.562;93.7
50.644;92.5
50.735;84.0
50.829;91.3
50.904;92.3
51.0;92.5
51.08;91.3
51.171;85.2
51.266;85.2
51.356;91.1
51.443;90.1
51.535;93.4
51.617;87.3
51.712;91.2
51.804;92.4
51.885;88.6
51.984;91.3
52.067;90.0
52.16;91.3
52.242;97.5
52.326;92.5
52.412;92.4
52.504;88.7
52.599;89.7
52.689;92.5
52.775;87.5
52.868;89.2
52.95;89.9
53.041;91.3
53.125;92.4
53.215;89.9
53.306;88.6
53.385;92.5
53.48;90.1
53.574;89.6
53.659;92.4
53.747;87.5
53.838;89.9
53.932;91.3
54.018;87.5
54.105;90.2
54.193;89.6
54.282;87.7
54.373;87.5
54.465;89.9
54.551;88.9
54.644;88.5
54.732;87.7
54.819;87.3
54.91;87.3
54.994;95.1
55.083;84.6
55.174;83.8
55.259;93.7
55.351;88.6
55.441;85.0
55.528;87.5
55.615;84.4
55.706;87.3
55.795;86.2
55.887;90.1
55.968;92.4
56.059;87.0
56.146;82.5
56.234;88.7
56.317;87.5
56.407;88.6
56.495;91.3
56.588;86.2
56.682;90.0
56.777;88.7
56.862;89.9
56.95;84.8
57.041;87.3
57.137;84.1
57.223;87.2
57.308;92.7
57.393;91.0
57.49;88.6
57.582;78.5
57.667;90.2
57.752;91.0
57.836;88.7
57.925;88.6
58.015;90.0
58.107;86.2
58.193;88.5
58.28;86.3
58.367;88.7
58.456;87.5
58.547;92.3
58.635;85.2
58.729;86.4
58.821;91.2
58.913;87.3
58.995;91.1
59.092;83.1
59.181;87.0
59.27;88.7
59.361;86.1
59.361;86.4
59.451;88.5
59.541;80.8
59.637;92.7
59.72;93.7
59.81;87.5
59.904;78.5
59.998;86.3
60.09;88.6
60.181;86.4
60.274;91.0
60.363;86.2
60.454;88.7
60.543;87.5
60.627;85.9
60.719;91.4
60.807;81.0
60.903;78.5
60.997;85.0
61.083;82.3
61.171;86.1
61.259;88.7
61.349;87.3
61.439;86.1
61.537;86.9
61.62;89.6
61.711;83.7
61.801;82.3
61.891;88.9
61.983;85.0
62.076;82.5
62.168;82.3
62.258;83.8
62.354;83.5
62.443;85.0
62.535;81.5
62.629;82.3
62.724;86.4
62.81;84.0
62.901;79.5
62.996;86.4
63.083;82.5
63.177;82.3
63.268;85.0
63.351;91.4
63.445;86.2
63.535;86.4
63.626;86.4
63.717;87.3
63.802;81.5
63.894;84.8
63.986;86.3
64.076;79.0
64.173;87.2
64.261;86.1
64.355;80.0
64.45;81.0
64.537;88.9
64.629;77.9
64.719;80.0
64.811;82.5
64.903;82.5
64.99;83.5
65.087;75.6
65.179;76.8
65.277;68.4
65.371;65.8
65.462;71.2
65.553;72.5
65.647;74.4
65.741;75.0
65.832;72.8
65.927;63.8
66.022;65.0
66.109;67.9
66.204;70.5
66.298;67.5
66.393;68.7
66.486;80.0
66.575;77.5
66.673;68.4
66.764;76.5
66.858;69.1
66.95;68.7
67.045;71.8
67.136;67.5
67.226;75.3
67.321;67.9
67.415;75.6
67.504;75.3
67.596;71.6
67.693;72.5
67.783;69.6
67.872;76.5
67.967;69.6
68.062;76.2
68.153;72.2
68.242;72.3
68.336;76.6
68.424;79.7
68.517;72.8
68.611;76.9
68.7;73.7
68.795;67.1
68.89;68.4
68.984;71.4
69.075;68.3
69.168;72.2
69.26;69.6
69.354;74.1
69.444;67.5
69.535;73.4
69.627;78.0
69.717;79.0
69.81;77.5
69.9;82.3
69.991;74.7
70.086;68.7
70.179;68.4
70.273;75.9
70.365;70.9
70.457;68.4
70.551;72.7
70.647;53.2
70.742;55.0
70.837;53.7
70.931;50.6
71.027;49.4
71.122;51.8
71.216;50.6
71.31;48.8
71.403;67.9
71.499;60.0
71.593;70.1
71.686;59.3
71.779;57.0
71.876;51.2
71.97;46.3
72.065;50.0
72.159;53.1
72.253;55.6
72.35;48.1
72.444;57.0
72.537;55.1
72.631;50.6
72.727;53.7
72.823;50.0
72.918;48.7
73.013;48.8
73.109;48.8
73.204;53.8
73.3;50.6
73.395;51.3
73.491;45.0
73.586;46.8
73.681;48.8
73.777;42.0
73.777;50.0
