0;0.0
0;2.15
0;3.0625
0;2.8875
0;2.45
0;2.6125
0;2.575
0;3.425
23.208;2.125
23.303;2.6625
23.394;2.4875
23.492;1.2875
23.586;2.3875
23.678;2.5
23.772;2.35
23.868;3.4
23.947;2.325
24.027;2.4625
24.094;1.6375
24.184;2.4125
24.281;3.3875
24.371;1.3
24.463;2.7375
24.553;2.45
24.643;3.45
24.719;1.3375
24.81;2.675
24.902;2.2625
24.991;4.575
25.074;0.0
25.165;2.6125
25.26;2.5875
25.351;1.2375
25.44;2.4875
25.535;2.3
25.629;2.4875
25.721;2.4375
25.812;1.3375
25.905;3.4875
25.997;2.7
26.088;2.4875
26.183;2.55
26.275;2.55
26.369;2.35
26.369;3.15
26.461;1.75
26.642;1.2875
26.735;2.4
26.829;2.75
26.921;2.5375
27.012;2.4875
27.106;2.275
27.201;2.8875
27.297;2.325
27.389;2.4125
27.481;2.5625
27.575;2.45
27.669;1.4125
27.764;2.525
27.858;3.2625
27.949;2.8625
28.045;1.2
28.135;2.6625
28.227;3.35
28.32;2.7375
28.411;1.25
28.502;2.5375
28.595;1.2375
28.686;2.325
28.777;2.7125
28.871;2.2625
28.963;2.6875
29.056;3.5125
29.15;1.3125
29.241;2.6875
29.336;2.375
29.426;3.45
29.519;1.3625
29.612;2.4125
29.703;2.4625
29.795;4.0125
29.795;2.425
29.888;1.25
29.984;2.6
30.074;3.4625
30.166;1.3125
30.261;2.575
30.353;2.425
30.446;3.4125
30.539;2.5625
30.632;1.25
30.724;2.7375
30.812;1.3
30.907;3.5
30.907;1.775
31.095;1.3375
31.187;2.4125
31.281;3.7875
31.375;2.775
31.468;2.3875
31.562;2.25
31.655;1.425
31.746;2.5625
31.838;2.2625
31.935;2.55
32.029;2.425
32.12;2.6125
32.215;2.7375
32.307;2.375
32.402;2.525
32.494;2.5
32.585;2.325
32.675;1.3125
32.768;2.5
32.862;2.45
32.955;2.55
33.049;1.25
33.144;2.5625
33.236;2.45
33.329;2.4375
33.422;1.2875
33.512;3.9
33.604;2.3375
33.696;2.5875
33.791;2.65
33.883;2.2625
33.977;2.45
34.07;1.475
34.163;2.3125
34.256;2.4375
34.35;4.025
34.444;2.3375
34.539;2.775
34.63;1.225
34.721;2.475
34.815;2.3375
34.906;2.4875
34.996;2.6375
35.089;3.9
35.184;2.4125
35.276;2.4125
35.369;2.5375
35.458;1.2375
35.552;2.675
35.552;3.4375
35.732;0.0
35.824;3.625
35.914;2.5125
36.007;2.4875
36.103;2.475
36.196;2.5
36.284;1.2625
36.379;2.5
36.472;2.5
36.565;2.5
36.658;2.5375
36.754;2.525
36.848;2.4375
36.941;1.2875
37.032;2.5625
37.127;2.4375
37.22;2.4
37.313;1.2
37.406;4.1125
37.5;2.5375
37.594;1.175
37.686;4.6625
37.778;1.4
37.874;3.5125
37.964;1.25
38.057;2.5875
38.149;1.2375
38.242;2.775
38.332;2.35
38.426;2.525
38.518;1.2
38.612;3.675
38.705;2.65
38.795;1.175
38.887;3.775
38.979;1.3125
39.071;2.35
39.165;2.675
39.255;2.5625
39.349;1.2375
39.442;2.4375
39.538;2.5875
39.629;2.5375
39.723;1.225
39.815;3.825
39.908;3.6875
40.002;1.2375
40.093;2.475
40.186;3.225
40.27;1.35
40.36;3.65
40.445;2.65
40.53;2.4125
40.615;1.2375
40.692;3.65
40.774;2.5375
40.774;1.3
40.941;2.5625
41.031;2.4625
41.112;3.3625
41.175;1.425
41.243;2.4
41.325;2.675
41.41;2.3375
41.481;2.5
41.57;2.525
41.662;2.4375
41.662;1.3
41.837;4.7875
41.92;1.2625
42.005;1.35
42.098;3.425
42.176;1.3625
42.264;2.3
42.347;2.675
42.433;2.55
42.521;3.575
42.611;1.25
42.688;2.5375
42.779;2.45
42.779;2.5
42.864;3.5
42.943;2.625
43.03;1.275
43.115;2.5625
43.205;2.4
43.283;1.325
43.368;2.6125
43.457;3.525
43.547;2.4875
43.627;2.45
43.704;2.575
43.793;3.575
43.89;1.3
43.969;2.675
44.047;2.4125
44.139;1.2125
44.226;2.7125
44.303;2.35
44.399;3.1625
44.399;3.325
44.482;3.1625
44.647;1.475
44.738;2.2875
44.817;1.4
44.898;3.3625
44.983;1.325
45.068;3.6625
45.153;1.225
45.25;2.6125
45.333;3.475
45.419;2.575
45.494;1.3875
45.574;3.325
45.667;1.425
45.751;2.525
45.84;3.6
45.924;2.65
46.0;2.3625
46.085;2.5875
46.157;2.4875
46.259;2.2375
46.33;2.7
46.414;1.2625
46.503;2.6
46.575;1.2875
46.663;3.475
46.741;2.5625
46.824;1.275
46.914;2.525
47.004;3.8
47.091;2.375
47.176;2.6
47.261;2.4625
47.351;1.2375
47.434;2.5375
47.514;2.4625
47.6;2.45
47.682;3.85
47.77;2.375
47.856;1.3125
47.941;2.575
48.029;3.4
48.101;1.3875
48.192;1.25
48.279;2.4375
48.365;2.575
48.452;2.5125
48.544;2.575
48.628;2.975
48.628;1.5375
48.713;3.1625
48.793;1.6
48.951;2.55
49.038;3.8375
49.13;1.2625
49.205;3.3875
49.297;2.625
49.378;1.275
49.471;1.3125
49.556;3.6375
49.641;2.3625
49.731;1.3375
49.819;2.4375
49.911;3.825
49.992;2.5
50.076;1.275
50.167;2.3375
50.258;2.5625
50.347;3.525
50.426;1.3375
50.501;3.5375
50.588;2.6125
50.669;2.5875
50.759;2.3125
50.846;2.6125
50.934;2.4375
51.022;1.275
51.103;2.35
51.181;2.5875
51.266;3.9875
51.352;3.55
51.442;2.5
51.53;1.25
51.609;2.625
51.69;2.675
51.78;2.4125
51.863;1.225
51.948;4.4875
52.03;1.4125
52.113;2.5125
52.201;1.3
52.293;3.5125
52.381;1.3
52.472;2.575
52.472;2.2875
52.563;1.3625
52.635;2.3125
52.725;2.65
52.818;2.325
52.818;3.1875
52.892;1.6625
53.068;1.3625
53.143;2.55
53.234;3.725
53.319;2.475
53.411;1.3
53.493;2.6625
53.581;2.4875
53.665;3.675
53.755;2.4125
53.849;1.3
53.934;2.4375
54.024;1.25
54.106;3.675
54.182;2.4625
54.274;2.6375
54.358;2.4125
54.443;2.525
54.537;1.2625
54.617;2.475
54.711;2.4
54.803;2.6125
54.892;2.3625
54.98;1.325
55.063;3.7
55.144;1.3125
55.228;2.4375
55.322;2.45
55.407;1.3375
55.491;2.4375
55.579;2.4125
55.666;2.425
55.752;1.275
55.84;3.85
55.931;1.225
56.023;2.325
56.103;1.375
56.188;2.4875
56.283;2.425
56.361;1.3125
56.449;3.6625
56.541;1.2875
56.631;1.2375
56.714;3.55
56.803;1.25
56.887;3.7
56.972;1.4
56.972;2.3125
57.155;2.3625
57.155;1.6375
57.246;2.95
57.328;1.5625
57.5;2.475
57.591;2.475
57.677;2.5375
57.767;2.6
57.854;2.3875
57.94;1.3
58.032;2.5375
58.123;1.2625
58.211;3.375
58.293;1.35
58.379;1.25
58.471;3.675
58.554;2.55
58.646;1.25
58.729;2.7125
58.821;2.375
58.905;2.55
58.992;3.475
59.084;2.425
59.163;2.65
59.258;1.3125
59.348;2.4875
59.435;2.5
59.523;2.4125
59.616;1.2625
59.705;3.6125
59.795;2.6125
59.882;1.2625
59.972;2.475
60.061;1.2625
60.151;2.55
60.243;1.3125
60.333;2.3875
60.418;2.425
60.5;2.4875
60.587;2.4875
60.668;2.5125
60.757;2.6125
60.849;2.5375
60.94;1.2375
61.031;2.4625
61.123;2.375
61.212;2.625
61.306;1.2625
61.395;2.4375
61.482;2.475
61.575;2.4
61.657;2.5875
61.751;2.6125
61.847;2.6875
61.941;2.325
62.029;2.4375
62.119;2.4625
62.209;2.45
62.297;1.2625
62.39;2.425
62.477;1.35
62.568;2.525
62.656;2.4375
62.743;2.5125
62.743;1.25
62.833;2.4375
62.923;1.375
63.007;2.375
63.103;3.7
63.189;1.275
63.285;2.5375
63.377;3.4375
63.47;1.2875
63.552;2.475
63.648;1.25
63.734;2.5625
63.823;1.3
63.906;3.725
63.993;2.4375
64.078;1.3125
64.16;2.3125
64.25;2.7
64.329;2.375
64.43;2.375
64.516;2.75
64.603;2.4375
64.687;1.275
64.775;2.575
64.861;2.475
64.861;2.3875
65.039;1.375
65.124;2.25
65.214;1.3375
65.303;2.5875
65.396;2.375
65.481;3.775
65.564;2.4625
65.655;1.275
65.745;3.4625
65.831;1.3125
65.922;2.5
66.009;2.55
66.101;4.025
66.19;2.3625
66.282;2.6
66.375;2.475
66.469;2.5
66.56;3.725
66.653;2.475
66.746;2.425
66.842;4.0125
66.931;1.3375
67.024;2.425
67.118;2.3625
67.21;2.6625
67.303;2.5
67.394;3.3625
67.488;2.475
67.581;1.3375
67.675;2.625
67.768;3.7625
67.864;2.4
67.955;2.4625
68.047;2.5
68.14;2.4375
68.233;2.475
68.325;2.575
68.415;2.525
68.507;2.55
68.598;5.05
68.692;2.4
68.783;2.325
68.871;2.775
68.961;2.4
69.055;2.55
69.148;2.6
69.24;2.525
69.332;3.6875
69.427;2.5125
69.518;2.75
69.612;3.5625
69.706;2.525
69.803;3.4375
69.898;4.2375
69.99;2.35
70.084;2.6625
70.179;2.45
70.275;1.25
70.368;2.575
70.462;3.8375
70.557;2.2125
70.653;1.5
70.75;2.425
70.843;2.4875
70.937;3.8
71.032;2.475
71.129;2.4625
71.225;2.4875
71.319;2.625
71.414;2.4125
71.509;2.5375
71.605;3.275
71.699;2.7125
71.793;2.55
71.888;2.65
71.982;3.6125
72.078;2.2375
72.171;1.3875
72.265;2.625
72.361;2.2625
72.455;3.55
72.542;2.525
72.636;2.7875
72.731;3.7875
72.827;2.45
72.921;2.5
73.015;2.55
73.109;3.55
73.203;2.5125
73.297;2.5875
73.393;2.625
73.487;2.4
73.58;2.6
73.676;2.575
73.769;2.3875
73.864;3.7
73.959;2.475
74.053;2.3625
74.149;2.675
74.244;2.575
74.338;3.825
74.432;2.4125
74.528;1.25
74.62;2.4625
74.715;3.65
74.809;2.575
74.904;1.225
75.0;3.65
75.095;2.625
75.19;2.55
75.281;2.45
75.378;3.625
75.472;2.575
75.566;2.45
75.659;3.5375
75.754;1.4
75.849;3.6875
75.944;1.175
76.039;2.7875
