25.977;81.2
26.073;57.7
26.167;56.3
26.262;51.9
26.357;52.4
26.451;53.1
26.546;48.7
26.641;44.3
26.736;53.9
26.829;56.8
26.922;65.0
27.014;78.2
27.099;88.9
27.195;80.3
27.288;72.2
27.383;69.1
27.476;79.0
27.568;78.2
27.659;82.7
27.755;76.9
27.847;75.9
27.942;73.7
28.032;75.3
28.124;84.6
28.22;78.5
28.305;84.4
28.398;73.1
28.492;72.2
28.585;73.8
28.676;76.6
28.767;77.8
28.863;77.5
28.953;78.2
29.043;80.0
29.139;71.4
29.232;73.1
29.322;81.5
29.416;71.3
29.416;71.8
29.602;69.6
29.602;76.5
29.69;69.2
29.788;79.5
29.88;76.2
29.97;74.7
30.061;78.5
30.154;75.0
30.245;75.9
30.338;75.3
30.434;71.3
30.528;77.8
30.621;71.3
30.714;71.6
30.807;72.7
30.901;78.2
30.993;80.0
31.083;71.4
31.179;69.6
31.277;73.2
31.369;72.7
31.458;76.8
31.553;78.5
31.65;77.5
31.738;80.0
31.829;69.6
31.927;69.7
32.021;75.9
32.106;76.9
32.199;82.5
32.289;73.4
32.378;82.1
32.471;78.5
32.565;75.6
32.652;83.3
32.745;73.2
32.836;74.0
32.929;76.3
33.024;68.8
33.117;77.5
33.21;76.6
33.304;73.8
33.397;83.5
33.489;77.8
33.583;71.4
33.675;70.5
33.768;71.8
33.865;73.8
33.957;79.7
34.047;70.0
34.141;77.2
34.236;76.6
34.332;75.9
34.426;70.0
34.52;73.4
34.613;73.7
34.705;75.3
34.8;74.4
34.891;83.3
34.981;76.9
35.075;80.2
35.164;74.1
35.259;75.9
35.35;71.6
35.443;68.8
35.536;80.7
35.631;68.8
35.725;75.9
35.818;77.2
35.91;71.8
36.003;76.5
36.098;75.0
36.189;75.9
36.282;74.7
36.377;79.5
36.471;74.1
36.561;72.0
36.656;78.8
36.75;76.5
36.846;68.8
36.939;69.1
37.033;69.2
37.127;76.9
37.218;71.3
37.311;68.8
37.404;72.5
37.497;72.4
37.589;73.1
37.68;77.9
37.776;69.1
37.87;74.7
37.961;72.2
38.053;75.9
38.145;70.4
38.235;69.7
38.327;73.1
38.421;70.5
38.515;82.7
38.605;77.9
38.699;75.0
38.794;76.6
38.886;70.5
38.976;71.3
39.069;72.5
39.163;71.8
39.257;75.0
39.349;73.7
39.442;69.2
39.535;79.5
39.627;68.7
39.719;69.6
39.815;67.9
39.912;76.3
40.005;71.6
40.098;72.5
40.19;78.9
40.283;69.6
40.378;77.5
40.462;91.2
40.544;91.3
40.636;85.0
40.724;92.4
40.81;88.9
40.899;88.6
40.973;93.7
41.063;88.7
41.148;93.7
41.234;93.7
41.311;96.3
41.401;93.7
41.482;92.3
41.571;91.1
41.641;97.5
41.726;95.0
41.821;93.7
41.908;95.1
41.991;93.9
42.077;92.3
42.17;91.2
42.248;94.9
42.331;92.7
42.417;91.1
42.417;88.5
42.51;93.8
42.588;91.1
42.675;92.4
42.765;97.6
42.841;91.4
42.936;90.0
43.023;97.4
43.105;89.9
43.199;89.9
43.288;92.6
43.379;93.8
43.461;97.5
43.53;89.6
43.623;92.5
43.72;91.1
43.808;91.1
43.888;90.1
43.975;89.6
44.07;92.4
44.157;93.9
44.235;92.3
44.329;89.9
44.419;93.7
44.507;92.3
44.597;89.9
44.685;95.1
44.77;92.6
44.847;92.2
44.939;91.4
45.027;93.7
45.115;89.9
45.201;93.7
45.289;93.7
45.374;89.9
45.466;90.0
45.551;95.1
45.632;91.0
45.724;95.1
45.809;90.0
45.901;92.4
45.983;96.3
46.068;91.4
46.149;89.9
46.237;91.5
46.324;92.3
46.415;95.1
46.501;91.3
46.594;92.4
46.68;91.5
46.757;93.7
46.839;93.9
46.925;91.4
47.013;92.4
47.098;93.6
47.182;92.5
47.269;91.6
47.363;92.1
47.449;88.9
47.534;92.4
47.612;95.0
47.701;92.6
47.795;94.9
47.871;88.5
47.96;93.9
48.044;92.5
48.138;90.0
48.228;92.4
48.315;92.5
48.409;91.5
48.49;94.8
48.58;88.7
48.669;91.3
48.732;96.2
48.825;91.5
48.917;88.7
49.006;92.4
49.097;90.1
49.184;89.9
49.272;88.9
49.363;95.0
49.443;94.7
49.527;93.9
49.612;90.0
49.702;95.2
49.784;90.8
49.88;93.9
49.964;93.7
50.051;91.9
50.132;96.1
50.226;84.6
50.318;93.6
50.405;92.5
50.494;89.9
50.575;93.7
50.661;94.9
50.749;93.7
50.835;91.1
50.929;86.4
51.013;87.5
51.092;94.8
51.177;93.8
51.262;90.0
51.345;91.3
51.431;95.0
51.519;90.1
51.602;93.6
51.686;92.3
51.779;92.6
51.865;93.7
51.952;92.4
52.042;88.7
52.124;93.7
52.209;92.5
52.3;90.0
52.3;90.1
52.474;93.8
52.474;93.7
52.561;90.1
52.649;96.1
52.735;90.4
52.825;85.9
52.917;86.4
53.012;92.2
53.101;88.9
53.186;94.9
53.273;93.7
53.359;88.8
53.451;91.4
53.537;92.4
53.626;89.9
53.712;88.7
53.805;89.0
53.886;93.7
53.975;87.5
54.062;86.4
54.153;94.9
54.231;88.9
54.323;93.6
54.413;87.3
54.503;93.7
54.594;92.6
54.683;93.8
54.775;92.4
54.852;93.7
54.939;88.7
55.033;87.5
55.122;92.6
55.206;88.5
55.296;90.0
55.39;93.8
55.473;87.3
55.568;95.0
55.651;92.5
55.731;86.3
55.832;88.6
55.921;91.3
56.01;89.0
56.104;94.9
56.187;90.0
56.278;85.9
56.373;88.9
56.453;88.7
56.539;91.3
56.624;87.0
56.713;81.3
56.807;93.8
56.892;89.9
56.984;88.7
57.072;91.3
57.156;91.4
57.234;88.3
57.319;90.1
57.405;92.6
57.493;89.7
57.585;90.0
57.674;91.4
57.758;89.7
57.851;83.7
57.943;87.7
58.027;92.4
58.118;88.7
58.209;90.0
58.301;87.3
58.384;90.1
58.467;91.0
58.557;88.7
58.651;85.9
58.747;86.3
58.834;92.5
58.923;92.5
59.013;94.8
59.093;92.9
59.182;85.5
59.277;88.7
59.369;87.5
59.453;92.4
59.542;87.5
59.637;81.7
59.733;88.7
59.826;90.0
59.916;83.3
60.004;91.4
60.088;87.3
60.178;88.9
60.265;81.2
60.356;88.5
60.447;88.6
60.534;90.1
60.625;83.5
60.717;93.8
60.807;85.0
60.897;87.5
60.992;84.8
61.073;87.3
61.165;86.1
61.247;90.0
61.337;88.6
61.423;89.9
61.51;88.9
61.6;94.9
61.69;85.7
61.781;87.5
61.875;88.5
61.965;86.4
62.051;89.7
62.14;92.5
62.232;84.8
62.328;85.4
62.421;90.0
62.517;84.8
62.606;87.2
62.697;88.9
62.791;86.3
62.882;89.7
62.97;88.6
63.058;88.9
63.15;87.2
63.241;86.4
63.334;86.1
63.422;88.7
63.521;83.7
63.521;84.0
63.615;85.4
63.709;86.8
63.8;87.7
63.887;85.9
63.982;90.1
64.069;85.9
64.161;85.0
64.255;87.3
64.342;86.4
64.432;82.9
64.528;81.3
64.614;87.3
64.704;85.0
64.793;83.5
64.885;88.8
64.975;86.2
65.068;83.3
65.163;90.0
65.251;89.9
65.338;82.3
65.429;84.3
65.519;85.9
65.615;84.0
65.704;86.6
65.791;84.6
65.885;80.8
65.977;84.0
66.068;86.6
66.157;83.7
66.253;87.3
66.339;84.8
66.434;84.8
66.523;83.5
66.617;81.5
66.714;84.6
66.809;88.9
66.894;81.3
66.988;85.7
67.083;92.4
67.17;84.8
67.262;85.2
67.348;92.3
67.431;87.5
67.521;89.7
67.619;77.5
67.714;73.7
67.807;78.7
67.899;74.7
67.996;75.0
68.088;76.2
68.182;72.4
68.274;78.0
68.37;77.1
68.462;73.8
68.55;77.8
68.647;79.3
68.74;79.7
68.831;74.1
68.919;84.0
69.008;81.5
69.104;65.8
69.197;77.8
69.293;75.0
69.387;71.8
69.479;76.3
69.571;78.0
69.664;68.7
69.757;71.6
69.848;74.7
69.939;73.1
70.035;73.7
70.128;66.2
70.221;72.5
70.313;70.5
70.408;67.1
70.5;72.2
70.594;73.4
70.688;70.5
70.784;74.7
70.879;73.7
70.969;73.4
71.061;70.5
71.156;74.1
71.246;74.1
71.34;72.5
71.432;81.7
71.523;79.0
71.618;80.0
71.713;78.3
71.808;71.3
71.898;80.5
71.988;70.9
72.081;69.6
72.175;70.5
72.269;61.7
72.364;59.0
72.458;50.0
72.554;55.6
72.648;60.7
72.741;56.1
72.837;56.4
72.932;58.3
73.027;49.4
73.122;56.8
73.217;56.3
73.31;41.6
73.407;52.5
73.503;54.9
73.596;49.4
73.69;55.7
73.783;69.5
73.878;68.7
73.971;65.4
74.066;50.6
74.162;54.2
74.257;60.2
74.354;61.0
74.45;59.7
74.544;48.1
74.639;52.5
74.733;53.8
74.83;61.2
74.922;58.8
75.016;52.4
75.11;49.4
75.206;50.6
75.3;55.4
75.394;55.0
75.487;53.8
75.583;58.8
75.679;59.5
75.773;57.5
75.867;49.4
75.962;55.7
76.059;58.0
76.155;50.6
76.249;53.8
76.342;54.8
76.435;58.7
76.531;58.8
76.626;56.2
76.719;53.8
76.814;58.2
76.909;44.3
76.909;47.6
