25.977;17.2
26.073;17.2
26.167;17.2
26.262;17.3
26.357;17.4
26.451;17.5
26.546;17.5
26.641;17.6
26.736;17.6
26.829;17.5
26.922;17.7
27.014;18.0
27.099;18.3
27.195;18.6
27.288;18.7
27.383;18.8
27.476;18.8
27.568;18.9
27.659;19.0
27.755;19.0
27.847;19.0
27.942;19.0
28.032;19.0
28.124;19.1
28.22;19.1
28.305;19.1
28.398;19.1
28.492;19.1
28.585;19.1
28.676;19.1
28.767;19.1
28.863;19.0
28.953;19.1
29.043;19.1
29.139;19.1
29.232;19.1
29.322;19.1
29.416;19.0
29.416;19.1
29.602;19.2
29.602;19.2
29.69;19.2
29.788;19.3
29.88;19.3
29.97;19.3
30.061;19.2
30.154;19.3
30.245;19.2
30.338;19.2
30.434;19.2
30.528;19.2
30.621;19.2
30.714;19.2
30.807;19.2
30.901;19.2
30.993;19.2
31.083;19.2
31.179;19.2
31.277;19.2
31.369;19.1
31.458;19.1
31.553;19.1
31.65;19.1
31.738;19.1
31.829;19.1
31.927;19.0
32.021;19.0
32.106;19.0
32.199;19.1
32.289;19.1
32.378;19.1
32.471;19.1
32.565;19.1
32.652;19.0
32.745;19.0
32.836;19.1
32.929;19.1
33.024;19.1
33.117;19.0
33.21;19.0
33.304;19.0
33.397;19.1
33.489;19.1
33.583;19.1
33.675;19.1
33.768;19.1
33.865;19.1
33.957;19.1
34.047;18.9
34.141;18.9
34.236;18.8
34.332;18.9
34.426;18.9
34.52;18.7
34.613;18.7
34.705;18.7
34.8;18.6
34.891;18.6
34.981;18.7
35.075;18.8
35.164;18.8
35.259;18.8
35.35;18.7
35.443;18.7
35.536;18.6
35.631;18.7
35.725;18.7
35.818;18.7
35.91;18.7
36.003;18.8
36.098;18.8
36.189;18.8
36.282;18.8
36.377;18.7
36.471;18.7
36.561;18.6
36.656;18.6
36.75;18.7
36.846;18.7
36.939;18.6
37.033;18.7
37.127;18.7
37.218;18.7
37.311;18.7
37.404;18.7
37.497;18.7
37.589;18.7
37.68;18.7
37.776;18.8
37.87;18.9
37.961;18.9
38.053;19.0
38.145;19.0
38.235;19.0
38.327;19.0
38.421;19.1
38.515;19.0
38.605;18.9
38.699;18.9
38.794;18.9
38.886;19.0
38.976;19.1
39.069;19.1
39.163;19.1
39.257;19.1
39.349;19.2
39.442;19.3
39.535;19.3
39.627;19.4
39.719;19.4
39.815;19.4
39.912;19.3
40.005;19.3
40.098;19.3
40.19;19.3
40.283;19.3
40.378;19.3
40.462;19.3
40.544;19.3
40.636;19.3
40.724;19.3
40.81;19.3
40.899;19.3
40.973;19.3
41.063;19.2
41.148;19.2
41.234;19.2
41.311;19.2
41.401;19.2
41.482;19.2
41.571;19.3
41.641;19.3
41.726;19.3
41.821;19.3
41.908;19.3
41.991;19.3
42.077;19.3
42.17;19.3
42.248;19.3
42.331;19.3
42.417;19.3
42.417;19.3
42.51;19.3
42.588;19.3
42.675;19.2
42.765;19.2
42.841;19.2
42.936;19.3
43.023;19.2
43.105;19.2
43.199;19.2
43.288;19.2
43.379;19.1
43.461;19.1
43.53;19.0
43.623;18.9
43.72;18.9
43.808;18.9
43.888;18.9
43.975;18.9
44.07;18.9
44.157;18.9
44.235;19.0
44.329;18.9
44.419;19.1
44.507;19.1
44.597;19.1
44.685;19.1
44.77;19.0
44.847;19.0
44.939;19.0
45.027;19.1
45.115;19.1
45.201;19.1
45.289;19.2
45.374;19.2
45.466;19.2
45.551;19.2
45.632;19.2
45.724;19.2
45.809;19.2
45.901;19.3
45.983;19.2
46.068;19.1
46.149;19.0
46.237;19.0
46.324;19.0
46.415;19.0
46.501;19.0
46.594;19.0
46.68;18.9
46.757;18.9
46.839;18.9
46.925;18.8
47.013;18.8
47.098;18.8
47.182;18.9
47.269;18.8
47.363;18.8
47.449;18.9
47.534;18.9
47.612;18.9
47.701;18.9
47.795;18.8
47.871;18.8
47.96;18.8
48.044;18.8
48.138;18.8
48.228;18.8
48.315;18.8
48.409;18.8
48.49;18.9
48.58;18.9
48.669;18.9
48.732;18.9
48.825;18.9
48.917;18.9
49.006;18.8
49.097;18.9
49.184;18.9
49.272;18.9
49.363;18.9
49.443;19.0
49.527;19.0
49.612;18.9
49.702;18.8
49.784;19.0
49.88;19.0
49.964;19.0
50.051;19.0
50.132;19.0
50.226;19.0
50.318;19.1
50.405;19.0
50.494;19.0
50.575;19.0
50.661;19.0
50.749;19.1
50.835;19.1
50.929;19.1
51.013;19.1
51.092;19.1
51.177;19.0
51.262;19.0
51.345;18.9
51.431;18.9
51.519;18.9
51.602;18.9
51.686;18.9
51.779;18.8
51.865;18.8
51.952;18.9
52.042;18.9
52.124;18.9
52.209;18.9
52.3;18.9
52.3;18.9
52.474;18.9
52.474;18.9
52.561;18.8
52.649;18.9
52.735;19.0
52.825;19.0
52.917;19.0
53.012;19.0
53.101;19.0
53.186;19.0
53.273;19.0
53.359;18.9
53.451;19.0
53.537;19.1
53.626;19.1
53.712;19.2
53.805;19.1
53.886;19.1
53.975;19.1
54.062;19.1
54.153;19.0
54.231;19.1
54.323;18.9
54.413;19.0
54.503;19.0
54.594;19.0
54.683;19.0
54.775;18.9
54.852;18.9
54.939;18.9
55.033;19.0
55.122;19.0
55.206;18.9
55.296;19.0
55.39;18.9
55.473;18.9
55.568;18.9
55.651;18.9
55.731;18.8
55.832;18.8
55.921;18.8
56.01;18.9
56.104;18.9
56.187;18.9
56.278;19.0
56.373;18.9
56.453;18.9
56.539;18.9
56.624;18.9
56.713;18.9
56.807;18.9
56.892;18.8
56.984;18.9
57.072;18.9
57.156;18.9
57.234;18.9
57.319;18.9
57.405;19.0
57.493;19.0
57.585;19.1
57.674;19.1
57.758;19.0
57.851;19.1
57.943;19.1
58.027;19.1
58.118;19.1
58.209;19.1
58.301;19.1
58.384;19.2
58.467;19.2
58.557;19.2
58.651;19.2
58.747;19.2
58.834;19.2
58.923;19.1
59.013;19.1
59.093;19.0
59.182;19.0
59.277;19.0
59.369;18.9
59.453;18.9
59.542;18.9
59.637;18.8
59.733;18.8
59.826;18.9
59.916;19.0
60.004;18.9
60.088;19.0
60.178;19.1
60.265;19.1
60.356;19.1
60.447;19.1
60.534;19.1
60.625;19.1
60.717;19.0
60.807;19.1
60.897;19.0
60.992;19.0
61.073;19.0
61.165;19.0
61.247;19.0
61.337;19.0
61.423;19.0
61.51;19.0
61.6;19.1
61.69;19.1
61.781;19.0
61.875;19.0
61.965;19.0
62.051;19.0
62.14;18.9
62.232;18.9
62.328;18.9
62.421;18.9
62.517;18.9
62.606;18.9
62.697;18.9
62.791;18.9
62.882;19.0
62.97;19.0
63.058;19.0
63.15;19.0
63.241;19.0
63.334;19.0
63.422;19.1
63.521;19.1
63.521;19.1
63.615;19.0
63.709;19.1
63.8;19.1
63.887;19.1
63.982;19.1
64.069;19.1
64.161;19.1
64.255;19.0
64.342;19.0
64.432;19.1
64.528;19.0
64.614;19.0
64.704;19.1
64.793;19.1
64.885;19.0
64.975;19.0
65.068;19.0
65.163;19.0
65.251;19.0
65.338;19.0
65.429;19.0
65.519;19.0
65.615;18.9
65.704;18.9
65.791;18.9
65.885;18.9
65.977;18.9
66.068;19.0
66.157;18.9
66.253;18.9
66.339;18.9
66.434;18.9
66.523;18.8
66.617;18.9
66.714;18.9
66.809;18.9
66.894;18.9
66.988;18.9
67.083;18.7
67.17;18.7
67.262;18.7
67.348;18.8
67.431;18.8
67.521;18.9
67.619;18.9
67.714;19.0
67.807;19.0
67.899;19.0
67.996;19.0
68.088;19.0
68.182;19.0
68.274;19.1
68.37;19.0
68.462;19.0
68.55;19.0
68.647;19.0
68.74;19.0
68.831;18.9
68.919;19.0
69.008;19.1
69.104;19.1
69.197;19.0
69.293;18.9
69.387;19.0
69.479;19.0
69.571;19.0
69.664;19.0
69.757;19.0
69.848;19.1
69.939;19.2
70.035;19.2
70.128;19.2
70.221;19.2
70.313;19.2
70.408;19.2
70.5;19.2
70.594;19.2
70.688;19.2
70.784;19.2
70.879;19.2
70.969;19.2
71.061;19.3
71.156;19.3
71.246;19.2
71.34;19.2
71.432;19.2
71.523;19.2
71.618;19.2
71.713;19.2
71.808;19.2
71.898;19.1
71.988;19.1
72.081;19.0
72.175;19.0
72.269;19.1
72.364;19.2
72.458;19.2
72.554;19.2
72.648;19.1
72.741;19.1
72.837;19.1
72.932;19.1
73.027;19.1
73.122;19.1
73.217;19.0
73.31;19.0
73.407;19.0
73.503;19.0
73.596;19.1
73.69;19.1
73.783;18.1
73.878;18.1
73.971;18.1
74.066;18.2
74.162;18.2
74.257;18.1
74.354;18.1
74.45;18.0
74.544;18.0
74.639;17.9
74.733;17.9
74.83;17.9
74.922;17.8
75.016;17.8
75.11;17.8
75.206;17.8
75.3;17.8
75.394;17.8
75.487;17.8
75.583;17.8
75.679;17.8
75.773;17.8
75.867;17.8
75.962;17.9
76.059;18.0
76.155;18.1
76.249;18.1
76.342;18.0
76.435;17.9
76.531;17.9
76.626;17.9
76.719;17.9
76.814;17.8
76.909;17.8
76.909;17.8
