34.169;0.00019448517555120358;0.0005621827506044343;-0.0013229443524741778;0.012829407403220422;-0.01671593418313421;-0.007935778612071228
34.25;0.00019473406930208302;0.0005620941515144414;-0.0013229449195472046;0.012821952487030521;-0.016721621087700502;-0.007935734020678719
34.345;0.00019510740275592673;0.0005619613730177773;-0.001322943705686086;0.0128107601713399;-0.016730159383436805;-0.00793566851128303
34.433;0.00019548061131829993;0.0005618281739335784;-0.001322944496343685;0.012799554597428152;-0.01673869244030581;-0.007935603318909752
34.527;0.0001957293836975886;0.0005617393562918085;-0.0013229437253396642;0.012792096605927613;-0.016744372748248474;-0.007935559535767505
34.618;0.00019610245322029823;0.0005616058735722789;-0.0013229421593723006;0.012780885729955865;-0.016752892461262714;-0.00793549452892006
34.714;0.0001964753683363691;0.0005614719480803176;-0.0013229431614965154;0.012769673334124897;-0.016761390881973984;-0.007935428419944915
34.807;0.0001967239614822299;0.00056138264443184;-0.00132294367873179;0.012762199967160544;-0.01676706904866992;-0.007935385787219352
34.901;0.00019709675781447947;0.0005612484697550498;-0.0013229425520265735;0.012750973566010407;-0.016775559606409078;-0.0079353203813816
34.982;0.00019746942466299236;0.0005611139188695792;-0.001322943321080682;0.01273975438276532;-0.016784042073690573;-0.007935254928332396
35.073;0.00019771788091594265;0.0005610243267250581;-0.0013229422471021787;0.012732266514618491;-0.016789706436840298;-0.007935212573329919
35.165;0.0001980904026822905;0.0005608893946030542;-0.0013229426164057241;0.012721034808428842;-0.016798185992118565;-0.00793514817002209
35.259;0.0001984628335989337;0.0005607543240576152;-0.0013229410466558745;0.012709782274124549;-0.01680664861467278;-0.007935083246715758
35.352;0.00019871108294267485;0.0005606641209547938;-0.0013229431600208792;0.012702295323668343;-0.01681230516031806;-0.007935041441859534
35.445;0.00019908334040448852;0.0005605286160137983;-0.001322941716923697;0.012691044974767576;-0.0168207499084848;-0.007934976221259717
35.532;0.00019945548383822021;0.0005603927346998164;-0.0013229424782357378;0.01267979260679897;-0.01682919651741023;-0.007934911836355196
35.624;0.00019970355482482627;0.0005603021346768553;-0.0013229427897094121;0.012672276072051769;-0.016834829700935743;-0.00793486959181261
35.706;0.0002000755578872522;0.0005601659713645535;-0.0013229423625038374;0.012661018115985231;-0.01684325947035598;-0.007934805081209972
35.706;0.0002004474873881106;0.0005600296323015638;-0.0013229409515205725;0.01264974591336078;-0.016851696841247776;-0.007934742024313981
35.803;0.00020069537471169562;0.0005599385639276069;-0.001322940590705019;0.012642225885509431;-0.01685730988472573;-0.007934699431914997
35.895;0.00020106711123627917;0.0005598017186163704;-0.0013229408016675282;0.012630944000378026;-0.016865729252193755;-0.007934636097485442
35.986;0.00020131490582675086;0.0005597104720463659;-0.0013229398465616543;0.012623420372835651;-0.01687133450125924;-0.007934593692290024
36.073;0.00020168644257324942;0.0005595730872979491;-0.0013229412101197083;0.012612131251233213;-0.016879733033119414;-0.007934529840690995
36.169;0.00020205791445702487;0.0005594356168097739;-0.0013229404828625363;0.01260083371040595;-0.016888122730127908;-0.007934466090136403
36.262;0.0002024293125902541;0.0005592979248188457;-0.0013229402451159235;0.012589540430644948;-0.016896525170608915;-0.0079344040724555
36.356;0.00020267682808603477;0.0005592059523671683;-0.0013229395592074433;0.012581997744427467;-0.016902106957397425;-0.007934361574216404
36.449;0.00020304803234757118;0.0005590678067422159;-0.0013229401818154207;0.012570692419771925;-0.01691047820887489;-0.007934298224160757
36.543;0.00020341916685219622;0.0005589295149660671;-0.0013229387266524189;0.012559372476937001;-0.016918853826367375;-0.007934236091702426
36.635;0.00020366648614806573;0.0005588370036526789;-0.0013229404664000474;0.012551824629434856;-0.01692442975224153;-0.007934194349373975
36.721;0.00020403745239425423;0.0005586983141460663;-0.0013229393813114238;0.012540508843802584;-0.016932784863065257;-0.007934131680086592
36.818;0.00020440830268896737;0.0005585593404537776;-0.0013229382545381903;0.012529181808877332;-0.016941127364470347;-0.0079340687516614
36.908;0.00020465545702316783;0.0005584664270750987;-0.001322938229994517;0.012521617349994855;-0.0169466864941384;-0.007934027049931824
37.0;0.00020502614030546633;0.0005583270196444993;-0.0013229377440193613;0.012510267856642615;-0.016955028529129897;-0.007933965396730072
37.095;0.00020539668222372204;0.0005581872741411908;-0.00132293791704524;0.012498937829919562;-0.01696333994156394;-0.007933901767699493
37.189;0.00020576717048886688;0.0005580473661114551;-0.0013229380496488207;0.012487586406149352;-0.016971670829068006;-0.007933840619081471
37.283;0.00020601407702725767;0.0005579539282054866;-0.0013229376106788353;0.01248001062960576;-0.0169772027321153;-0.007933798485154759
37.377;0.00020638436350663104;0.0005578135160806714;-0.0013229379391861721;0.012468655847152796;-0.016985504909769033;-0.007933736163896976
37.469;0.00020675456349113035;0.0005576729030348712;-0.0013229381051534166;0.012457291380983197;-0.016993811482784622;-0.007933674978118926
37.562;0.00020700133028520365;0.0005575791458882691;-0.0013229359185423669;0.012449714903191838;-0.016999335583717187;-0.007933633520878293
37.649;0.0002073713463269175;0.0005574381127302088;-0.0013229364801900104;0.012438339212470938;-0.017007622062102195;-0.007933571917995765
37.743;0.00020774125376016637;0.000557296815141155;-0.0013229368966743756;0.012426959324125719;-0.01701589576554513;-0.007933510001140112
37.842;0.00020811109590594676;0.0005571553993399636;-0.001322936290779585;0.012415576623339532;-0.01702417257322199;-0.007933449094805726
37.936;0.00020835758734081243;0.000557060912418016;-0.001322936188647312;0.012407985671796006;-0.017029679383954614;-0.007933407989363667
38.028;0.00020872725967420683;0.0005569190793785366;-0.001322935384818032;0.012396581101734671;-0.017037944534115643;-0.007933347464388365
38.116;0.00020909677809981476;0.0005567768455538007;-0.0013229363858767414;0.012385187719846699;-0.017046185840498145;-0.007933285536529507
38.211;0.00020934308898080787;0.000556681942585694;-0.0013229359424624118;0.012377587926460787;-0.017051682671744617;-0.007933244925451447
38.304;0.00020971248822128195;0.0005565394612161185;-0.001322934758486325;0.012366173646201638;-0.01705992069401082;-0.007933184125060493
38.396;0.00021008179171129845;0.0005563967781977133;-0.0013229337165431767;0.012354769567763602;-0.0170681525427757;-0.007933123433556604
38.489;0.00021045092900558686;0.0005562535849389423;-0.0013229355615863383;0.012343349047142174;-0.017076377336442166;-0.007933062902418554
38.583;0.00021069702027081544;0.0005561581842080795;-0.0013229344349468633;0.012335728846628839;-0.017081863371778257;-0.007933023296900954
38.675;0.0002110659913781407;0.0005560146589827778;-0.0013229345902548862;0.01232430114612822;-0.01709006735183342;-0.00793296230286498
38.766;0.00021143488126205344;0.0005558709838083075;-0.0013229333801322509;0.012312873004695251;-0.01709825232484929;-0.00793290050018219
38.857;0.00021168075960929767;0.0005557750895626077;-0.0013229333368932985;0.01230524723910559;-0.01710371823055266;-0.007932860476848425
38.948;0.0002120494993136476;0.0005556309968912045;-0.0013229335140788959;0.01229379942846082;-0.01711191965051859;-0.007932801317961034
39.037;0.00021241810358092194;0.0005554865984256684;-0.0013229346786901037;0.012282347758816571;-0.017120101836982083;-0.00793274126817978
39.131;0.00021266382942038538;0.0005553903524581953;-0.001322932143766194;0.012274716536985005;-0.017125552477502467;-0.0079327013508487
39.224;0.00021303221136882394;0.0005552454152431188;-0.0013229334771787445;0.012263260990247488;-0.01713370962686988;-0.007932640400897337
39.315;0.000213400605104442;0.000555100569862178;-0.0013229322906592998;0.012251799192890782;-0.017141880843978566;-0.007932581465977202
39.407;0.0002136460662606725;0.0005550036625163262;-0.0013229333839429574;0.012244158731264863;-0.017147300000527978;-0.007932540155766743
39.502;0.00021401424171908756;0.0005548582788615327;-0.0013229331836609928;0.012232683583908058;-0.017155455385901103;-0.007932481138323835
39.594;0.000214382314693215;0.0005547126664269578;-0.0013229320823836268;0.012221213506823475;-0.017163594308399286;-0.007932421444731627
39.686;0.00021475025150081018;0.0005545666968212025;-0.001322933168078533;0.012209719951619671;-0.01717172873671944;-0.007932362204792738
39.781;0.00021499553423799775;0.0005544694544294839;-0.0013229308983329466;0.012202065674970092;-0.017177145392527102;-0.007932322592440325
39.873;0.00021536334110831793;0.0005543232058730107;-0.001322931090737647;0.01219057231917364;-0.01718527153025158;-0.007932263870163448
39.966;0.00021573099473981374;0.0005541766158327233;-0.0013229308802306758;0.0121790770170655;-0.01719337381592725;-0.007932203874138786
40.056;0.00021597602262096626;0.0005540786958086717;-0.0013229314927362484;0.012171421216870506;-0.01719877097666614;-0.007932163812100854
40.147;0.00021634354834353093;0.0005539317933759689;-0.0013229302548920618;0.01215990207110297;-0.017206874704825657;-0.007932105343400284
40.239;0.00021671096121105425;0.0005537846677815079;-0.0013229302241517028;0.012148401999213005;-0.017214971711664695;-0.007932046801500831
40.33;0.00021695580035059313;0.0005536862740216282;-0.0013229312270174078;0.012140714420136419;-0.017220356449711854;-0.00793200722205493
40.426;0.00021732305410555956;0.0005535387927059149;-0.0013229308101393702;0.012129197632213823;-0.01722844807716631;-0.007931949539943469
40.515;0.00021769018669736448;0.0005533909988531564;-0.0013229294226919067;0.012117670236597268;-0.017236520702222737;-0.00793189111212653
40.597;-0.021204953329505775;-0.013427830125648712;-0.0011006380888915516;0.01264981233294663;-0.017715961393437715;-0.014680860306549876
40.687;-0.0674010057469959;-0.043026787681833635;-0.0011232230299604291;0.012470018490672618;-0.01770258089968109;-0.04331343537899804
40.773;-0.098397032009513;-0.062438186930671186;-0.0011584969031026772;0.012420242542551651;-0.017817059839215714;-0.06231798779209244
40.858;-0.1385187314176583;-0.08636713880173387;-0.0011799639015612309;0.012305465600842362;-0.017774893183879484;-0.06331426657251374
40.943;-0.16885233985379805;-0.10427718591459936;-0.0011565033052547656;0.012252169100548785;-0.017926037247100627;-0.0766037573107045
41.033;-0.21056941464230072;-0.12762075735924386;-0.0011791884797709123;0.011976720544943226;-0.018021406851918116;-0.0943730034156007
41.114;-0.24181779779432713;-0.1444029538417791;-0.0011542105346083905;0.011880838331641705;-0.018159069507974017;-0.10761439847309737
41.195;-0.2748824097798444;-0.14623396389916973;-0.002180643355990884;0.016597478694608415;-0.028943881802750815;-0.19254425239992123
41.277;-0.321205619804331;-0.13417361803469732;0.003710788990766317;0.012440297994141189;0.01240518903090986;-0.22800210347440378
41.372;-0.3610487483348131;-0.094001704912611;-0.00018811055085280755;-0.014888290458250188;0.003948423631880586;-0.015836155393308092
41.452;-0.35914651580795215;-0.11231370334869091;-0.00028679297526353477;0.003058212382911066;-0.021227461246233505;-0.0794338619521742
41.532;-0.3683266487996067;-0.035946060048714916;0.003665219111816281;0.014082323208723439;0.012565435630818331;0.02803303134431111
41.616;-0.3568424951405795;-0.040776080897973146;6.611053005603197e-05;-0.012440389884377066;0.003273031580070319;-0.10495756068800897
41.712;-0.3580681682837901;-0.03206969355503022;-0.0020467343623872427;0.006363048547604036;0.029949916570890522;0.1366049693262979
41.799;-0.37753151285426456;-0.03371161715792353;-0.0019655445836848588;-0.016118473802642745;-0.004940263131756227;0.025700648795158567
41.889;-0.3634347780651705;-0.06578406510896258;-0.002352668840933595;-0.01416364707120798;-0.003964059268936183;-0.16840837413963164
41.978;-0.360833694651385;-0.03287187212803341;-0.00039947810008009513;-0.019466172259176625;0.020481037609740394;0.12224830004449314
42.059;-0.3728785024990889;-0.033090295441787224;0.0013504324034538879;-0.011597698228877924;0.018725021936206933;0.13548364425593334
42.143;-0.3538243391077033;-0.08590745827162323;-0.00017774163107927757;-0.00411804383451249;0.021211626396391004;0.22642828989599648
42.228;-0.2810244469089082;-0.15847809103764426;0.0002067065681105959;-0.0017577996858218312;0.023961781872303328;0.1418777216126905
42.306;-0.1384764940442231;-0.22203445012322587;0.0027625543260545384;0.011652198457024561;0.013403374077994402;0.21193505663394616
42.394;-0.057833466732197136;-0.24301807039819773;0.000167635157666697;-0.0042787863146048245;0.02389035295969005;0.2847946841850838
42.487;-0.0013828775942009664;-0.2687422683244778;0.00017915548327455095;-0.005479968430803616;0.02365492968299302;0.26822662654825175
42.57;0.022939354057602515;-0.3094784048749976;0.00023985500205629602;-0.005371974628590668;0.020939100533641557;0.07479686289807957
42.663;0.04907019485139667;-0.3206580394577057;1.2947144370974997e-05;-0.006266220236545116;0.020533081137080415;0.036855413179778855
42.748;0.08334138811728117;-0.3291025545939847;-0.00019902010292772217;-0.007015092871039116;0.020435657020076065;-0.028106906905630936
42.829;0.06930313113285452;-0.34818677401532994;0.0034312078437953985;-0.008158775835911552;0.021764988122793448;0.07383854389574492
42.915;0.07969268695490833;-0.3718653531071682;-6.346055903670467e-05;-0.006239049438298573;0.019569941283673245;0.06639751182549207
43.011;0.08488236668987985;-0.37423298979389363;-4.571800633783779e-06;-0.006176087125176664;0.019901658132030646;0.18034500371669104
43.103;-0.047217552495587366;-0.3769608687625611;-0.0006428055297118773;-0.019657848594136572;0.004478290642648244;0.25741253572519324
43.19;-0.05458019832163721;-0.3880174856514442;4.0682262781558017e-05;-0.006976239555594673;0.019120763195099297;0.2570475231774687
43.274;-0.046995207473256154;-0.397535649410222;7.105816829675927e-05;-0.007157657922299202;0.018852208826835762;0.20730386983862645
43.339;-0.04407769969675077;-0.39809235670271154;0.0019749279717366755;0.01532050177835832;0.008571153349025421;-0.007806252361006884
43.427;-0.04448178101324577;-0.397709089673871;0.0019497070985379829;0.015349130349136599;0.008070447222623347;-0.025211499133697197
43.513;-0.04535975045065302;-0.39752287598920577;0.0019532217663866826;0.015499879278153477;0.008412977877683433;-0.035815108073189536
43.607;-0.04684742532314766;-0.39732114938658447;0.001954935735996171;0.015532665274721046;0.008350769715783576;-0.03577260144496833
43.695;-0.048023033650705226;-0.396145433025505;0.0019190886798662458;0.014931034131468606;0.006420515824282537;-0.10566334986863019
43.777;-0.05529898733635347;-0.39072739047033056;0.0019139513436039648;0.015043280914275422;0.006045666637186245;-0.29780987815701904
43.87;-0.06389313649063141;-0.38722075643962606;0.0019390060262912579;0.015593921406862143;0.0068438459992711176;-0.3583137070825798
43.946;-0.07763595721389802;-0.38407867974153526;0.0018873256052302301;0.015290804255662439;0.004859138584406304;-0.37692823270405645
44.026;-0.08722681577784798;-0.37543858739432207;0.0018696464120124654;0.015088468072562148;0.003791495726439994;-0.4954030794857859
44.117;-0.10300973658476947;-0.3781865526115271;0.00033684610963535333;0.006111299096269517;-0.017651339116579436;-0.29263601768221853
44.21;-0.1130247174076136;-0.37779815032128455;-0.0013403549606684551;0.011681032654681234;-0.019145230404674283;-0.265031657171466
44.3;-0.12242157930775284;-0.3774526242907687;-0.001313569999306924;0.010948179179202449;-0.0190254279869129;-0.20330866786939433
44.39;-0.128816051119141;-0.37595668548942734;-0.0013205253694172775;0.009756858722754959;-0.020260398247383207;-0.17764775745623296
44.467;-0.13377997942152653;-0.373781204282779;-0.0013147980572067494;0.010396123373452887;-0.01934483787660229;-0.20365647777003668
44.54;-0.1377614648771652;-0.37378048398915364;-0.0011221775506424973;0.008339450108655938;-0.01818529452803055;-0.07871222344255104
44.63;-0.1397142361033914;-0.37248531328093193;0.0019970644827988627;0.016726023969083077;0.004856703870352758;-0.11731874022301149
44.711;-0.14280167377991357;-0.37250915903275617;0.001958403172726713;0.016964454854698448;0.004032777244513322;-0.09514537526120163
44.803;-0.1457848082940673;-0.369173731850831;0.0019591034537499432;0.0165762348789079;0.0032492239733370168;-0.21295969381703164
44.894;-0.15356324723706583;-0.36526803014913245;-1.2213682023187126e-07;0.0021271761650066205;-0.020335046957084307;-0.15294379599856453
44.971;-0.15499261792412952;-0.36232488506198807;0.0016916225715949969;0.0038617695019554183;-0.009141507479940476;-0.26607996387010174
45.068;-0.16704874566907266;-0.35260029533735976;0.0019200670890217836;0.016461079706958204;0.0016001560943882402;-0.4058801946895302
45.158;-0.18010777911283182;-0.34932945774889257;0.0006491582460577188;0.0035408576990414733;-0.01914195005221642;-0.3019772378842741
45.248;-0.22076853269358787;-0.3075831375388838;-0.0003156101066402069;0.00035163263482443965;-0.00804762433878066;0.03116944983209305
45.333;-0.23021671203146155;-0.2858077234569897;-0.0006265869403989007;0.004639856934434862;-0.030924927894876796;0.07834190389310204
45.418;-0.2228702336539996;-0.29184821411168865;-0.00045385853800146935;-0.0010411631343023163;-0.020466631071807063;0.11309269054757408
45.512;-0.17335125062005485;-0.328547730525872;-0.0001794731088159049;0.0005474570775122617;-0.018299844565835246;-0.14207850411808837
45.595;-0.21908992940731697;-0.29080183247784125;-0.0006925342949655452;0.007331600107788914;-0.02783038391403538;0.0803685694798217
45.679;-0.24402574183158934;-0.2678110319889824;-0.0020987917479819984;0.004903875791864908;-0.03636916762148416;0.1760143930680662
45.77;-0.25281567009303046;-0.2726719372250481;-2.7565315037260044e-05;0.0013315148998594027;-0.019487351453008128;0.24888275184058628
45.856;-0.24843315771364521;-0.28019202089006506;0.0019391720574379293;0.017025006243986254;0.0024745287761908067;0.035980251610310744
45.939;-0.26288324254392753;-0.26579703502083657;-0.0006056560759008142;0.009456384731243788;-0.028902761711422576;0.11815298341776796
46.032;-0.27576193116837433;-0.25774974599305034;-0.0005739464277988846;0.009032260325332461;-0.030071758113472513;0.19945038900839884
46.118;-0.27789591181481277;-0.2676027845885941;4.5746930583053967e-05;0.0032913249082620775;-0.01825027440826779;0.31137395797451944
46.204;-0.2721449957701717;-0.27894533686586287;0.0035920127547294407;0.01283001750384542;0.006685323647022538;0.2155680105596408
46.293;-0.2619071203617012;-0.2840806221084191;0.0020663507849079444;0.01717343512784117;0.011443277331901838;-0.1389530527810124
46.372;-0.2664831405697134;-0.27730666229991985;0.0019211994677793044;0.01638167590087594;0.0034041518279835136;-0.22412062805014094
46.457;-0.27357491489015584;-0.27142391598505283;0.0019239855657640608;0.01668685533658175;0.003207166240283278;-0.16073662714224846
46.543;-0.2919659053125795;-0.22755336813299507;0.001012468868340514;-0.008416547066020711;-0.022710312316287;0.0807051154382963
46.626;-0.2597915397783901;-0.2506708933871281;-0.0008075860395372743;0.006379340431300281;-0.005783403345729956;-0.09570717465903372
46.626;-0.27736317935592425;-0.23160425736592827;-0.0007729198968500451;0.01308313409369999;-0.022123886849586057;-0.11568878007916698
46.714;-0.2774035644665302;-0.2155380698986517;-0.0027166883895375074;0.005303230499152426;-0.027102374929595333;0.18140017874346995
46.885;-0.26521004486281324;-0.23395194727007804;0.0007314860770175055;0.004312905724671073;0.020533028920215076;0.1967965306525821
46.885;-0.2579467483279026;-0.2610624992895922;-0.001976059141274078;-0.016397998430592104;-0.002185453884428324;-0.155639190203478
46.968;-0.2807784212094486;-0.24217419137897164;-0.004227044556300928;0.011968809605122413;0.02540126556447634;-0.1308713054924218
47.039;-0.2994293923645572;-0.20613581161178554;0.00039019670660629663;-0.013721644745677624;0.004035577331979499;0.09037050701493388
47.126;-0.3141309214644772;-0.1988033716975414;0.0030042412327950176;-0.006407046054084629;0.024008417107733007;0.08648186735818308
47.216;-0.2974043257903922;-0.2237456423219045;-0.0019465526010736423;-0.016324679631680026;-0.002827160860001072;-0.1457211738401853
47.302;-0.3096140419309814;-0.2039176403341757;0.0030010642487261815;-0.004892672966697511;0.01889359045184883;0.08262121599556499
47.394;-0.3301294240056034;-0.1614365134568316;0.0008147522576459991;-0.007318021863988732;-0.02256328515996714;0.17506971854024705
47.485;-0.31835108401871226;-0.18663226131796845;0.0033857484912946604;0.01554170798924328;0.014869758160313952;0.07353981956596714
47.567;-0.3184154775257433;-0.2014773125142851;0.001569773531471078;0.017838450414926706;0.0049575148857863936;-0.06993341875403095
47.664;-0.3460251397908489;-0.14717698829817588;-0.0005531067144730077;-0.00934144139119933;-0.033592543671087736;0.006997781955650975
47.743;-0.35169751421169265;-0.1514623602243581;3.701338159643882e-05;0.003018688750808784;-0.020383559860650935;0.07906017096984662
47.836;-0.35572716246209996;-0.15660375618097375;-2.90033669383773e-05;0.0025131805684876956;-0.020741500936276865;0.09147154255457532
47.916;-0.3553018213327663;-0.16008799909913587;-0.0008869502656941741;0.008159072662463926;-0.022888075191767346;0.031225725458446624
48.007;-0.35379274242591724;-0.15869501663284072;-0.001338102702827713;0.009581513139675538;-0.01919742879547311;-0.09013958886106617
48.097;-0.35867563186745827;-0.11013347094243778;-0.0016330996306476535;-0.00129207757980881;0.012164333315834431;0.1348188776422279
48.181;-0.34540840056460725;-0.1442273063674863;-0.001392750155422934;-0.006607354524117862;0.0027474399593135166;0.018785206354109917
48.268;-0.34164029652145506;-0.15768779037140027;-0.001998074618526824;-0.016709782413799532;-0.003573236871060935;-0.14407035484939137
48.352;-0.3618377445251345;-0.10188950221308081;0.003592289604762783;-0.008260252766185949;0.021118803214699;0.0025635016738777524
48.442;-0.3481744334218375;-0.14039774842414493;0.002886400356614715;0.008590397888141013;0.002979031965230376;-0.20415959358701632
48.522;-0.3535338488440564;-0.10608286242609606;0.0006139766944594442;0.003743285842242004;-0.00616274545123189;-0.015298831481280405
48.607;-0.3456069154733503;-0.1334604015991956;-0.0019721623171654406;-0.01816933043508073;-0.003767312347099781;-0.03093136393831799
48.695;-0.34599691407886485;-0.15046021850620475;-0.0019307597585780938;-0.016784352850135003;-0.0038221960596552724;-0.033814346651222286
48.763;-0.3510838975057808;-0.15170004728786726;-0.001972472772758257;-0.01660273136400514;-0.0038134959583871367;-0.005013292700746871
48.859;-0.32435421993059066;-0.18939224346185862;-0.0020801534510148725;-0.014580147989766588;-0.00317831284714743;-0.22263433914420974
48.946;-0.3240336591299454;-0.19472586632660177;0.0006028912269563271;0.0011158623877283865;0.015884896432737952;-0.012145177733526474
49.03;-0.3322718244462739;-0.20232073023319722;-1.8210081183136877e-07;-0.0029323649067023445;0.019594206037503364;0.2143747089026372
49.118;-0.33419322443190486;-0.20911540455154734;2.3999145511133685e-05;-0.0028788955452081896;0.020191995158450673;0.22705115385209979
49.205;-0.30224595780656677;-0.24324970860190595;-0.0027650827708841945;0.009258446897469883;-0.018554852102569255;-0.08185349419475575
49.291;-0.25820939693956296;-0.2768387788815922;0.00021121004214226505;3.0242436390350243e-05;0.022453846536539583;-0.14701796256196817
49.379;-0.2670406368947241;-0.2749005811625493;0.0013100695669774113;-0.009235729961255983;0.019782487410372022;-0.1472697742367349
49.47;-0.26884483250750174;-0.27317224429010195;-2.8224318520209834e-05;-0.002356283807987129;0.01800366129378459;-0.11342392042031145
49.548;-0.2742819691443872;-0.26824735750980383;3.205064146017723e-05;-0.001645836855968803;0.020894203004720138;-0.08627289680598668
49.634;-0.27590511490091735;-0.26661490038926455;3.221830014383983e-05;-0.0015194356473415714;0.020904612199942302;-0.08627204560312912
49.716;-0.27936684553099406;-0.26521925513011235;4.2086014099608515e-05;-0.001470878724122204;0.02072103411113786;0.04014387333728687
49.801;-0.2541296713781948;-0.28551690124452533;0.0026099952182662483;-0.0026384428247612636;0.026046683907252642;-0.08799981633827961
49.894;-0.2430223089299054;-0.28326245195166866;4.263248718294169e-05;-0.001277696830682123;0.020868026263190325;-0.14218459516071258
49.977;-0.25862887521776584;-0.26851000576416284;0.003906338240548302;-0.0166189999403904;0.025902012239385146;0.0801967288419294
50.063;-0.2746042768025743;-0.2598917596888263;0.0019691172617672583;0.018237186671032753;0.002870376326364015;0.23768394234747442
50.146;-0.27172509157691804;-0.2660273585232313;0.002006819559350403;0.01706035941779846;0.0031435198443203337;0.2614419163906627
50.231;-0.23236328705429996;-0.2991466627250251;0.001100091819418306;-0.010410449197752128;0.023077867303401545;0.1819177705951426
50.321;-0.22446031964967952;-0.2990421161895811;0.001344972062357903;-0.010317681372022033;0.018308599323529757;0.14692194297213926
50.412;-0.22119457382641894;-0.30087184771893843;0.0013521602039142304;-0.010334703534941226;0.01842956845197769;0.09112243145573568
50.5;-0.1313639792060037;-0.34581698487223317;2.263493810580929e-06;-0.002373723180569278;0.02421951813920132;-0.16757207916892203
50.584;-0.13335196175181227;-0.35373164667586726;0.0010165481095910233;-0.01143892720836238;0.025794673174148835;-0.3313311335885197
50.662;-0.14891045984048043;-0.34897902104720085;-0.0018341595677687204;-0.015375378541751899;-0.001466588282002307;-0.5229516723459473
50.755;-0.15901083161428942;-0.3531404925497176;-0.00024772037295682525;-0.0018839165216001906;0.016700885008781446;-0.37601881975956064
50.834;-0.17716298785339846;-0.3544607759310707;0.0009313087850876433;-0.007489033058017169;0.019611125356715605;-0.09039020660650122
50.914;-0.17724923712561727;-0.35554113786207325;0.0015861666210158305;-0.00711361694014071;0.01860683554097355;0.0990142184648163
50.996;-0.17527696411333085;-0.35776368223049093;0.0013321162368981566;-0.008208243725647666;0.01942004953974506;0.09508897490885837
51.077;-0.17195084335337124;-0.36046449607263026;-4.374514628471886e-06;-0.0008715070687172811;0.01993473736928235;0.11200636499990786
51.168;-0.1715930339832572;-0.36171701298831904;0.001190779094352385;-0.008912261053810842;0.025838455373255412;0.05462853275605599
51.249;-0.17012677329212036;-0.36193527939606657;0.0013128511684936458;-0.008545446224231926;0.01874678900493751;0.028184009666385876
51.33;-0.16911066735356076;-0.3620988353216426;0.001367920585577948;-0.008260709407863288;0.020713973647318914;0.0008686008906819688
51.416;-0.1688484783271306;-0.36224735318312923;0.0013316795589903428;-0.008562643128003023;0.01947905402411626;0.009456779815055598
51.509;-0.16846175155291995;-0.3623792250760097;0.0013150559107325025;-0.00871595291068143;0.018805537395158212;0.028333486880385853
51.586;-0.16761076700257713;-0.3628162340165141;0.001332061956197039;-0.008606502205089912;0.01944737555479777;0.009253608566261973
51.676;-0.16587383203471687;-0.3635287812800758;-3.920001178755954e-05;-0.0014159392139346545;0.018937967194907007;0.05350973297154383
51.751;-0.16118097293350175;-0.3648668308085062;-2.0512197079108007e-05;-0.0013759380016515142;0.019701688785652805;0.20483056675819836
51.84;-0.15787555688053506;-0.36906184321723856;7.414424709556263e-05;-0.001525296460746547;0.020090997408760497;0.20796636682999772
51.921;-0.1528336279287678;-0.371642035475332;7.505485630921873e-05;-0.0018028622441697852;0.020064310264784346;0.2082005931437713
52.003;-0.14221566433776356;-0.3682908604482694;0.000288678527469314;-0.0012274280254511104;0.02249633028213798;0.04745668486225591
52.088;-0.09581969825229669;-0.3448178740642988;-9.799846969810557e-05;0.0017965571777021597;-0.019902037434994625;-0.3040728675630069
52.175;-0.11719609969242094;-0.33432911553597616;0.00046138943940565616;0.022475730999146286;-0.006585272122067811;-0.3104620293799106
52.263;-0.14424654107452853;-0.33272718116018046;-0.0016879039622683337;0.010933630057196627;-0.025645400265319546;0.0168288576877227
52.358;-0.1132233917029632;-0.3339282268944303;-0.00021536542404150622;0.0003443170802083344;-0.01955501051663642;-0.24826128538516287
52.443;-0.10134432054943601;-0.33383019904151856;-5.333620615489328e-05;0.0005021949720604131;-0.020194057823831296;-0.3659175354460403
52.525;-0.08078925451708088;-0.34993732636973846;0.00013865020833339967;0.0011971727534348252;-0.016501594701548015;-0.21555206140347263
52.607;-0.07501619610749417;-0.36052090131186065;-0.00014187506432477307;-0.0010768318727530466;-0.019935309124710084;-0.018104923233327616
52.695;-0.04405356262147397;-0.3767387597608794;2.459398147889886e-05;-0.00015268088153083914;-0.01801417077701787;0.01110319395758696
52.777;-0.04709487624363017;-0.38141324895326756;-2.4658207393732172e-05;-0.0006280523656487857;-0.02013218452674949;-0.000677697466585741
52.871;-0.04731745565250937;-0.38349852690042807;-2.5074988031621156e-05;-0.0006282016867484106;-0.020091169963419368;-0.0006724775845316673
52.965;-0.04733899130095519;-0.383912795183108;-2.5198857617708063e-05;-0.0006272732746923665;-0.020083371003433263;-0.000666956961914528
53.055;-0.047328059368259186;-0.38398189659681653;-2.5218532970709234e-05;-0.0006263709167016924;-0.020082124507541727;-0.0006660634427433648
53.138;-0.0473027936561912;-0.38401289296376967;-2.5226411390706784e-05;-0.0006249104804892445;-0.020081637756906863;-0.0006656988704802052
53.22;-0.04831398940584706;-0.38359479819915826;-9.745456347751928e-06;-0.0005664215433595837;-0.020051808609113868;-0.03285644203283289
53.31;-0.048086322640007756;-0.383908351333107;-2.495952862521206e-05;-0.0006649250365974978;-0.020079517134203334;-0.0006852462458114251
53.398;-0.04807347166003295;-0.3839193159897954;-2.522909967083437e-05;-0.0006652065126516594;-0.020080217553195417;-0.0006656972720047278
53.483;-0.04804535240618492;-0.3839266285225544;-2.5231328199587044e-05;-0.0006637231634668158;-0.020080209833585248;-0.0006654819527452898
53.582;-0.04972594959521512;-0.38251191088346126;-0.0013059939277659718;0.006859423116832099;-0.01945576237605351;-0.08693120328427978
53.67;-0.052013491312038286;-0.3825199643449457;-0.0013146788541820434;0.007091096522024242;-0.019864004949563852;-0.08622788039627031
53.757;-0.05536892774841691;-0.38221665230954416;-0.0013155344296371116;0.006915523412961752;-0.01991523968474227;-0.08628476080055218
53.837;-0.058557104036110565;-0.38082691168406047;-0.0013123839755157895;0.006198127801213782;-0.020737176726855995;-0.1267555228760749
53.921;-0.06417972805794776;-0.3798302329780046;-0.001307531051657916;0.0065733929427950165;-0.020267294805236608;-0.14868278874192373
54.005;-0.06704035716190028;-0.38017886629725833;-0.001314462663649854;0.007004973201175053;-0.019552667454453207;-0.10804156429664936
54.08;-0.06940314179321888;-0.3800668238129883;-0.0013160643960412857;0.0061724910919795295;-0.020150379050262002;-0.08625306888193622
54.175;-0.07019194732430767;-0.38041135609944604;-0.0013243776190992138;0.005985371068033551;-0.02003774951036732;-0.024126626372802298
54.263;-0.0697982348540285;-0.38052165347217165;-0.001328523628366419;0.005925692960265369;-0.01999768204131888;0.006723266194019613
54.356;-0.06959120382127022;-0.38050050301308097;-0.0013282628151605027;0.005939423526150996;-0.01999640075753919;0.006683655917018501
54.444;-0.06929008060898424;-0.38052243132538105;-0.001328175134495572;0.0059545773911803815;-0.019992299705542844;0.006684292170292828
54.524;-0.06909186027369031;-0.3805507621339253;-0.0013281529705979089;0.005964845730730512;-0.01998935979947939;0.006684458229477616
54.612;-0.06527856171454001;-0.38094193917015107;-0.0013366958439689728;0.005859727574170264;-0.019936340782435752;0.09882157681297879
54.704;-0.10542882297934697;-0.3663356405356186;0.0004345562704809023;0.013034821537259359;-0.010049214817421404;0.03711057260089869
54.794;-0.10064774252768019;-0.3600314385168648;-0.0003411583814070915;-0.0032056071980958393;-0.021326752549697466;-0.09198260150586889
54.881;-0.07362991604843674;-0.3707147593101468;5.771399050702946e-06;-0.0013593726662345918;-0.018841979154892843;-0.14986176662683856
54.969;-0.10188676964533405;-0.3658283546231273;-0.00028733411025869766;0.007528101267460792;-0.023808353763397624;-0.04101839435463222
55.054;-0.10510498917946147;-0.3582832186059119;-0.00035477662598174664;-0.0035920485406202214;-0.021381786737011996;-0.030835519852609856
55.142;-0.07702701083771411;-0.3676221072594371;-9.533106699626281e-05;-0.001816545117471119;-0.01821526186912918;-0.1402732160566518
55.227;-0.10880684947468607;-0.36383364079549363;-0.00020502550245431466;0.006905240746229193;-0.022627569452953498;-0.03128545076996293
55.312;-0.11174246755557771;-0.35844623171454915;-5.1744761699631996e-05;-0.0023476326940999786;-0.020334503046483595;0.08871400316711349
55.399;-0.10826066537641343;-0.35504743906008457;-0.0003284116656190028;-0.0036103626879486718;-0.020997092515483352;-0.10273150083597254
55.489;-0.09171752578080683;-0.3609226087459815;-7.113518693252054e-05;-0.0022657308364432975;-0.019723933512293866;-0.22600661771723904
55.581;-0.09066129087344982;-0.36700076326210856;0.00016043153581232463;-0.001782128881181618;-0.01972855919718389;-0.2881930017808517
55.672;-0.1011602042023729;-0.3687276856329921;0.00015014335565809959;-0.0023686117522318;-0.019332848119877025;-0.22541503568960314
55.754;-0.1050305749259967;-0.37107506052024963;-0.0014442458703908911;0.00408611616875029;-0.01984842471025314;-0.0829935820064356
55.834;-0.13364567354284007;-0.35854305610438186;-0.0007139577484206204;0.0032820130765792398;-0.022861229628936667;0.02193766261924877
55.925;-0.13576307538080765;-0.35019156824254916;-0.0014126877224134387;0.00464018555708723;-0.019921543790822574;0.18728570762417582
55.999;-0.11116702973148145;-0.35924805995613135;-0.00010095072433833261;-0.003212359221576363;-0.01780518177728838;0.016407187195938932
56.094;-0.1000339940288468;-0.3709772515467621;-3.963102962365082e-05;-0.003555871170041306;-0.019851629520198647;0.030974412558582153
56.182;-0.11102114252685141;-0.31659822328539755;-4.148788412204431e-05;-0.003129364884210815;-0.01868247288501409;0.006244945055273165
56.269;-0.1009158898842052;-0.32537593777908186;-2.9196550503813185e-05;-0.003203957082959654;-0.01915643863339345;0.005176145987856923
56.345;-0.09459442798964897;-0.35245788620830676;-2.1735463338632728e-05;-0.003341112544335613;-0.01969354175753609;0.00168056472644049
56.431;-0.09952680978563039;-0.36940706847262716;-2.404753212551075e-05;-0.0034370691671407137;-0.019868800780468297;-0.0007269790534546764
56.526;-0.10040294969234644;-0.3727815021541789;-2.511460576507321e-05;-0.0034311052273814082;-0.019802904169835125;-0.0006700112608231833
56.614;-0.10053106887500313;-0.3733337176695237;-2.5287461179260745e-05;-0.0034293853539230186;-0.019792331211762205;-0.0006608982963318266
56.707;-0.09855767502532407;-0.3742346046532625;2.404325569195726e-05;-0.003125116362061339;-0.019403569162731026;0.0318811857536616
56.778;-0.09907146157089176;-0.37414652393952613;-3.4575638480106174e-05;-0.0034433397662990946;-0.01983238627246503;0.03129992163273496
56.857;-0.09131860876095729;-0.3747359478954832;-0.0013401393737541593;0.004254380207633588;-0.020449197537210997;0.1586210414835436
56.945;-0.09081936303430564;-0.37500687168642527;-0.0013499836018964636;0.00470217979100786;-0.02025704621745638;0.036201194956019346
57.034;-0.09696115498023448;-0.3715134944936057;0.0019385436355030703;0.01745285487163429;-0.0009141581827575864;-0.15700585023441144
57.121;-0.10288390277414375;-0.3680629717640982;0.0018876636101098764;0.016282158856114875;-0.003254271584999461;-0.23391896598362424
57.208;-0.11140275752950365;-0.3668782527003234;-0.00035482329322059135;-0.005358697141261246;-0.01607612954334461;-0.23440551912795918
57.295;-0.11149884368493777;-0.3692105632013434;0.00023350693699658394;-0.0024838183587441334;-0.01809782726388763;-0.09521258340973844
57.38;-0.11733645931191868;-0.3682255298990953;-0.001339171562596941;0.004849049273438551;-0.019580646163670733;-0.004731740951341289
57.463;-0.11710190067800502;-0.3684027165507428;-0.0013268635999724098;0.0029491955150739084;-0.020829633871688086;0.017338236549134897
57.55;-0.11681185493032863;-0.36861791386178866;-0.0013277524703891766;0.0033773981663225037;-0.020581536105171244;0.00667823180183743
57.632;-0.11663531815060105;-0.36872196460326045;-0.0013279630457276414;0.0033889096123081975;-0.020579083642548145;0.0066750941993056175
57.722;-0.11142475417103233;-0.36951365285844434;-0.00134859626528904;0.0036162215279003356;-0.02023890831724897;0.14693849198675318
57.816;-0.10948217270976483;-0.36971987360104525;-0.0013246290483449367;0.002108529175149556;-0.021550175903619816;0.07871793664418739
57.909;-0.10551167333519208;-0.3713425389750727;-0.0013400832324961393;0.0036901423583167634;-0.020446650344823607;0.09843248763210649
57.996;-0.09907590697258953;-0.3725633701746283;-0.0013509696510744134;0.0038016787187608275;-0.02044162109194589;0.1586384567972632
58.085;-0.09690773323197213;-0.3736151655856341;-0.001350604519363195;0.004175717810273702;-0.020341537706428298;0.09770172517244849
58.175;-0.09496707279243763;-0.37439749173351217;-0.0013411324540843008;0.004483767371044022;-0.020317051566325937;0.03680204881249665
58.267;-0.09032594010582302;-0.3746226938401708;-0.001331862492088868;0.004350646192116033;-0.020321452170038834;0.15743534861354064
58.353;-0.09070319010261127;-0.3749962192288097;-0.0013248778584368458;0.004809387313971504;-0.02031862911880778;0.006494478700379715
58.429;-0.09063321636746204;-0.3755608827509393;-0.0013269160123628812;0.004806918486799999;-0.02030266181373304;0.006684467718945785
58.517;-0.0904121242349883;-0.3759211200363146;-0.0013277488494303936;0.004826160930502053;-0.020294408977384677;0.006680142028253231
58.613;-0.08885489649587075;-0.37640193120750715;-0.0013326893851517713;0.004819019501095268;-0.02024893729675894;0.037458264559275214
58.705;-0.08607285465767396;-0.3767662963371073;-0.001332821440592958;0.004806500101835759;-0.020202851383733077;0.0977494255636185
58.787;-0.08220804590646759;-0.37751986828370826;-0.0013417750234831231;0.004971591355345514;-0.020172914768574628;0.09839264713074615
58.88;-0.11616777942874093;-0.3583361142576346;-0.0008265178318464747;0.0006897838860117433;-0.030365428245221367;0.1831593990061841
58.962;-0.08523691316887597;-0.36626386781297554;-0.00014264456171748176;-0.0021982809283231635;-0.018364502098008335;0.016226863837337666
59.049;-0.07362918519945257;-0.37512154656524105;-2.6238917843741998e-05;-0.001995462272497499;-0.01964095954408585;0.00157156778648542
59.127;-0.07462879001303087;-0.37872008444006067;-2.5032580819952355e-05;-0.0020676023277753247;-0.019998038807538733;-0.0006749751268144051
59.216;-0.0747267966728871;-0.37932024183494695;-2.5217546786898486e-05;-0.0020666246467886096;-0.019986596420431605;-0.0006651995462590597
59.311;-0.07474641939028925;-0.3795713086576518;-2.5293381754854335e-05;-0.0020651313985375727;-0.019982000461326272;-0.0006614914463734006
59.311;-0.07472742912156759;-0.3796253502598426;-2.530773323450281e-05;-0.002063627410946617;-0.019981215348802154;-0.000660763785589126
59.49;-0.07470998514698086;-0.3796369579581457;-2.5309997021419253e-05;-0.002062631513202818;-0.019981170622620267;-0.0006606483837590361
59.49;-0.07468214123483187;-0.37964580015645083;-2.5310915653206157e-05;-0.0020611316999556498;-0.01998126972881502;-0.0006606045702821649
59.666;-0.07466325883328938;-0.37965006058208645;-2.5311331375757376e-05;-0.002060133904484152;-0.01998136548738469;-0.0006606001341773735
59.666;-0.07463482270328727;-0.37965587643977833;-2.5310772094936854e-05;-0.002058635004058248;-0.01998151721161351;-0.0006606015054610019
59.755;-0.0746063524627552;-0.37966151618313343;-2.531128988425907e-05;-0.0020571375456095906;-0.01998167912908563;-0.0006606062608737204
59.843;-0.07458736791450671;-0.37966525326842615;-2.5311081700548754e-05;-0.0020561392499934632;-0.019981783547678676;-0.0006606093769094305
59.935;-0.11055459850652483;-0.36258430549961734;-0.000750468318255978;0.0016902074619047163;-0.029721539171673302;0.09713546696396919
60.025;-0.09107545465454384;-0.35617187804314004;-0.0003619554149328493;-0.003133392649612222;-0.019107714922844268;0.01922236946337609
60.113;-0.04685728834859324;-0.34635851326187095;-2.4005901727640458e-05;-0.0017646078224049658;-0.019451893670588413;0.0010739094199395422
60.205;-0.04720092644364326;-0.3453721465022225;-2.4754953196705446e-05;-0.0018493396231715074;-0.01999880304133555;-0.0009324052615419698
60.295;-0.029759731317569767;-0.3263111963126139;4.778759608588967e-05;-0.0015069011250879699;-0.01905112999685228;-0.1404275007524023
60.383;-0.06222592630494209;-0.29751384343883214;-0.0014007708796065187;0.005887401408522071;-0.019823858920168604;0.07928419818113983
60.467;-0.058266134486399834;-0.29016334095093743;-0.0013455871866888966;0.0058643899512973875;-0.019946469212717893;0.07646909961478875
60.561;-0.05638031788506547;-0.2886376444747043;-0.001339869482469821;0.005953221660542787;-0.01994429810645084;0.07600405648611855
60.651;-0.022237470706737955;-0.27466902692279493;-4.69705228018921e-05;-0.001523893937474662;-0.0179790517453661;-0.10175652384250039
60.734;-0.008681654793006885;-0.26743089392438296;-2.7089354295760804e-05;-0.0019952044184684474;-0.02076012382260088;-0.23722829152256886
60.816;-0.041657318845358796;-0.2639184853158453;0.0006543544888160653;0.011565829946576426;-0.012868419158258414;-0.2017596053800631
60.897;-0.046661595084263624;-0.25273867355341056;7.831671699827682e-05;-0.0019255765864173034;-0.01939846192754454;-0.10883641471793236
60.987;-0.07705090833078304;-0.23879094588379446;0.0004186152322750023;-0.0015128077548694837;-0.017411201536971555;-0.02352321029984077
61.074;-0.07786198663340985;-0.22877324797284448;-2.386856356951172e-07;-0.0023501555847592363;-0.01969211850472243;0.13191509714235114
61.161;-0.07323897598795051;-0.22737421298438254;-8.71516446625943e-05;-0.002652202483453676;-0.02068580161656032;0.20078432687222783
61.249;-0.041455564748612464;-0.2181307174144095;-0.0002195232441882173;-0.0027032158430908395;-0.018988641388146557;-0.017841216576479236
61.335;-0.020103891542214977;-0.21122192962562883;-0.0016788692153917976;0.0036473541515448364;-0.017489782754647073;-0.14115736685720345
61.424;-0.023528738859173712;-0.20893166980571745;-0.001318906380570219;0.005273185846668415;-0.021420658600154446;-0.2101201618620418
61.518;-0.057667506253914196;-0.19631047868051507;-0.0014236724085472064;0.005654572629430933;-0.020399030287619666;0.007796375343558891
61.605;-0.05560075519426274;-0.1930304439150458;-0.001342139470630352;0.005570019302619758;-0.019928732184397824;0.041895394201851954
61.699;-0.054615570593288906;-0.19232126251224174;-0.0013333162704006777;0.00522684046806699;-0.0202319443991887;0.05336937452787942
61.785;-0.033652674325336654;-0.17752183266573696;-3.710727429541094e-05;-0.002287027209974301;-0.018944770583869903;0.04820447291750581
61.873;-0.0321259234434485;-0.16389261148375642;-1.8402966401130985e-05;-0.0022993413496503376;-0.019817253644807187;-0.0007577919363497632
61.963;-0.031160148093403374;-0.15852171428546089;-2.538877025283563e-05;-0.002337535242405352;-0.019923570898829523;-0.0007278243793663169
62.051;-0.031342662250034195;-0.15727598769812856;-2.2690514571263598e-05;-0.0023394362148105932;-0.019935758713324498;-0.014082296350936656
62.139;-0.031144829761449933;-0.15724600578526846;-2.7659115941476987e-05;-0.0023745657079817036;-0.01994525968184083;-0.0007084182958986193
62.232;-0.031093791058211206;-0.15718488579039883;-2.5067368463967273e-05;-0.00236190502635534;-0.01994598979914069;-0.0007463416220011131
62.325;-0.031080781073563147;-0.15717346183476127;-2.506391401611743e-05;-0.0023605956177113387;-0.01994641505250656;-0.0007464729474121175
62.422;-0.03107342894078924;-0.1571726406471881;-2.5063026716259983e-05;-0.0023597179866134384;-0.019946563421558677;-0.0007465066615635196
62.509;-0.031062867209224337;-0.15717379191578798;-2.506312129210402e-05;-0.0023584015537504166;-0.01994674287454379;-0.000746523985207096
62.509;-0.031052446899595496;-0.15717566591244622;-2.5063184102700235e-05;-0.0023570846391561258;-0.01994690750401338;-0.0007465309646783237
62.688;-0.03151496495220574;-0.1556457981500869;-0.0008856046106523851;0.0041653506442280094;-0.023221112327132473;-0.05146832685219206
62.781;-0.06862849433092323;-0.1354899063613343;-0.000719116606850447;0.002287675123527277;-0.029329417124996475;0.04322840551273118
62.872;-0.03080580193504879;-0.12633985172721907;-0.00010972744417386157;-0.002271331828697786;-0.017984293386117282;-0.019900943734882118
62.963;-0.00828139213324137;-0.12063080637720931;-4.779931216700596e-05;-0.002363475771729672;-0.01838062339350199;-0.0417159964892901
63.048;-0.011463361516156028;-0.1194556690445861;-3.7937330406982006e-05;-0.002765002534726633;-0.02051999583036663;-0.11048472958032698
63.139;-0.013647026564331716;-0.11738820914900579;-1.743561305882449e-05;-0.00294865805539365;-0.020762211247170252;-0.15774050257906355
63.231;-0.013232612946540007;-0.11890843313419609;2.654678001795806e-05;-0.0028463364627234872;-0.020226584855380376;-0.13671265602438812
63.322;-0.0441084452596032;-0.10720755799968827;0.00047209541350453846;-0.002165225373923059;-0.017616483819454985;-0.09238077356256974
63.411;-0.04544054835540511;-0.0985854017815219;2.0242507117083854e-06;-0.0029824778286917453;-0.019581866720259633;0.07769136243209109
63.501;-0.04769392856333972;-0.096787017833175;-6.610249542129024e-05;-0.003403230484387543;-0.020233516466727736;0.00037841241000231054
63.589;-0.04654371637441107;-0.09676236237757306;-2.8033248963493492e-05;-0.0030898960608329975;-0.019897899780483914;0.0004692572854846506
63.683;-0.04649572570104295;-0.09669375242043554;-2.7954552807801228e-05;-0.003087162131509187;-0.01989987151802983;0.000468185073545322
63.775;-0.0464622239333532;-0.0966721215048788;-2.7916249061074534e-05;-0.0030831912772792108;-0.019901089033969158;0.000467099930088701
63.863;-0.04580750980810703;-0.0970236524757049;-1.8772614973763417e-05;-0.0029990629977317594;-0.01980696379916868;0.025196545984888113
63.954;-0.02045475216622608;-0.09653668177349016;0.003164020621827873;0.026836132393270536;0.012019545762770324;-0.013465945830047973
64.045;0.009634482100467776;-0.08304184019212606;-1.7915379352751923e-05;-0.003415859889067039;-0.018805001984692035;-0.05318423171652371
64.128;0.009990715244393914;-0.08474553417728561;-2.6150439530468728e-05;-0.0036394406767312894;-0.02041039423891979;-0.0968069537372614
64.218;-0.020836826158217924;-0.0787145211465263;0.0008044036478934574;0.00980369698284076;-0.014788930719536509;-0.07260077760503643
64.307;-0.02352377150994087;-0.06594333919112258;-2.9884895110229685e-05;-0.0035206031715852345;-0.019716364314385584;-0.00017058866071019283
64.396;-0.02271953622498658;-0.06373892471730658;-2.6820573331934382e-05;-0.003510813690592065;-0.019757601959339066;-0.00022959732375466325
64.486;-0.02239108416240582;-0.06283092769576473;-2.6231238012224228e-05;-0.0035083173731379094;-0.019775996097952334;-0.0002511901009033357
64.576;-0.022334042210673078;-0.06268468420199941;-2.6136874847439915e-05;-0.003506747822066979;-0.019779201884668442;-0.0002546299981719175
64.667;-0.022311473809219634;-0.0626362711292502;-2.6104993862339587e-05;-0.0035051945328799143;-0.019780471802741204;-0.0002557984369697711
64.759;-0.022293657344259282;-0.06261699836905589;-2.609061047902176e-05;-0.0035020971572999747;-0.019781488193681463;-0.00025633488483878795
64.853;-0.021560958222563955;-0.06285446750164674;-1.337893539893735e-05;-0.003417149598765296;-0.0196891046943659;0.019835621307387342
64.943;-0.023327649781843325;-0.06206203000746001;-8.158043114985786e-05;-0.003835290866698343;-0.02019182746134364;-0.0006792432474860808
65.033;-0.0367331377661659;-0.04240520483962627;-0.002098339518683055;-0.0015990207465379754;-0.03599534095753739;-0.006227241307810728
65.124;0.0007179355799330164;8.228953668570861e-05;0.0019556074291431523;0.017333874514904944;-6.14672628852798e-05;0.14314344475890634
65.213;0.00092812102262947;2.0198455626733308e-05;0.0019416397821453958;0.017621123376156178;0.0004308991212399927;0.290150757713351
65.306;0.000937663452029976;0.00010199727253316047;0.001943339038438901;0.01757078769720917;0.0012357778400651994;0.5746617734754615
65.396;0.0007361583484778948;0.0002620925143368615;0.0019564936671895264;0.01741567605559403;0.0017473208019925916;0.7258516201955715
65.485;0.0005876465722698745;0.00037123000475056817;0.001967157202171062;0.017257104196648995;0.0024477996679747468;0.8156703853689318
65.567;0.0004398023427713456;0.00047056699591184123;0.0019756950542722035;0.01696026361918164;0.0037721367912537202;0.8857395720268616
65.654;0.00033725115126331806;0.0005312657299492828;0.001979575529561469;0.016540887825649938;0.005239553202813125;0.9171512884989513
65.746;0.0002551182806518684;0.0005742957513100375;0.001981306682897212;0.015977702700321245;0.006739550480398002;0.9312324150460045
65.833;0.007513312254941607;-0.015772543572368788;0.0011647480984892523;-0.0356284480805681;0.04268751662965349;0.5917769917685063
65.927;-0.006168856843431467;-0.044660819437761144;-0.0020131695336313526;-0.015741466121906487;-0.007827709252515106;-0.008441084702767433
66.014;-0.007720010028145319;-0.05464820778140564;-0.001993693244180357;-0.015729775637479702;-0.007864643603070594;-0.008369474030867598
66.106;-0.02910957238570365;-0.05607346763936848;2.6130156757891223e-05;-0.006941377068277174;0.019521719395813306;0.00611619620946934
66.201;-0.030390507372810245;-0.05856323733796442;3.5900191890346933e-05;-0.006897278602008085;0.019508358821998827;0.006429445452699755
66.295;-4.1893162561010484e-05;-0.0014881717817582817;0.005921884580356987;0.001133707483150512;0.012868450639165157;-0.007886692339329178
66.386;0.00023901025471455113;-0.0005444734356907374;0.0019941093122370322;0.015363689417921902;0.00792072405615647;0.005271640584384879
66.476;0.0001660910682790614;-0.0005434752483207036;0.0019665950896406987;0.015395920777847178;0.008139887230142289;0.005204121600600724
66.572;0.00014582255189173244;-0.0005403274947697514;0.001966643543394201;0.015392353267865162;0.008147093989677816;0.005205289262470505
66.666;0.00014119569883553086;-0.0005395628986448;0.0019666560978130196;0.015389805841446842;0.008151871952050837;0.0052055245214159855
66.761;0.00013875338718450847;-0.0005390894193613064;0.0019666625322591106;0.015386011703916645;0.008158996765219043;0.00520561164363443
66.854;0.00013821161271850975;-0.0005388996982672083;0.001966664037434105;0.01538224062271859;0.008166098820039921;0.005205586543953915
66.947;0.00013823256838590522;-0.0005387935285206254;0.0019666644055688375;0.015378466502117692;0.008173190693453904;0.005205527932269617
67.041;0.0001383489710634752;-0.0005387379735306648;0.0019666642827348;0.015375949130875661;0.008177918961963957;0.005205483012062399
67.135;0.00013857539073901327;-0.0005386622216997077;0.0019666643471798017;0.015372174038236883;0.008185023881453911;0.005205413802738156
67.226;0.0001388237192741912;-0.0005385895931825893;0.00196666397282462;0.015368400713017538;0.008192108713197825;0.005205342077857527
67.315;0.0001389932276756548;-0.0005385416975591299;0.0019666639219839844;0.0153658773602954;0.00819683890414735;0.005205294550203737
67.411;0.0001392494936127731;-0.0005384700168323962;0.0019666638108797227;0.015362094030602064;0.00820392348359529;0.00520522259351773
67.5;0.00013950657260325142;-0.0005383984030743211;0.001966663423761498;0.015358312710563964;0.00821100896801266;0.005205150943875269
67.593;0.00013967809007560338;-0.0005383505860156715;0.001966663071522402;0.015355782531570569;0.008215729875784148;0.005205102934438914
67.687;0.00013993539206501928;-0.0005382788238956224;0.0019666636585752174;0.01535199026600749;0.008222818672090956;0.005205031780113921
67.783;0.00014019269745248794;-0.0005382070088966566;0.0019666624345555843;0.015348199699663508;0.008229899962788733;0.005204960322107675
67.874;0.00014044998626942972;-0.000538135028922457;0.001966661713303558;0.015344397093770112;0.008236974235679003;0.005204888359580546
67.967;0.0001406214888928375;-0.0005380869268423576;0.0019666619762126547;0.015341860742175495;0.008241693101452242;0.005204840730428237
68.06;0.00014087869983282116;-0.0005380148080841141;0.001966661439096065;0.015338055948085842;0.008248768306901511;0.0052047692502191455
68.153;0.00014113587174307312;-0.0005379425634469105;0.0019666609448896932;0.015334252025658766;0.00825584510071492;0.005204698177206705
68.24;0.00014130730483582194;-0.0005378942691502827;0.0019666620770662753;0.01533171108467667;0.008260558004920588;0.005204650496526256
68.336;0.00014156440294202269;-0.0005378218393030667;0.00196666141860014;0.015327895035661041;0.008267633011167775;0.00520457949844682
68.429;0.00014182147020152435;-0.0005377492590875709;0.00196666157655682;0.015324077170487472;0.008274702165421012;0.005204508300333228
68.521;0.00014207850194504636;-0.0005376766386755777;0.001966660433295773;0.015320258635428062;0.008281764988979135;0.005204436847412232
68.61;0.00014224982297502762;-0.0005376280790798198;0.00196666102189261;0.0153177116446692;0.008286482456236638;0.005204390051614292
68.701;0.00014250678504417266;-0.000537555255514592;0.0019666604348391958;0.015313885375561158;0.008293543866494724;0.005204318797209549
68.795;0.00014276369863617185;-0.0005374823309008573;0.001966660239113031;0.015310062654750068;0.008300605922809292;0.0052042479463615485
68.888;0.0001429349636775935;-0.0005374335797990758;0.0019666601699862125;0.015307506188475139;0.008305310118921137;0.005204200413077502
68.982;0.00014319181275714677;-0.0005373604806345382;0.001966659386814853;0.015303672376493554;0.008312365971330704;0.005204129309188029
69.076;0.0001434486155406511;-0.0005372872570530432;0.001966659115958929;0.015299840873193662;0.00831942662568489;0.005204058897337894
69.166;0.0001436198056843409;-0.0005372382774781262;0.001966660081266242;0.015297271892753284;0.008324130010739493;0.005204011545567642
69.259;0.00014387653585884298;-0.00053716493883634;0.0019666590193977655;0.01529343639475856;0.008331183911101546;0.0052039409823449335
69.35;0.00014413323712005226;-0.0005370914061026253;0.001966658780762934;0.015289585732741685;0.00833823484358212;0.00520387016133783
69.444;0.00014438989710275103;-0.0005370177478744701;0.0019666591921505675;0.015285745277441549;0.008345284667088412;0.005203799752903163
69.534;0.00014456098283342146;-0.0005369686022519434;0.0019666584079838026;0.015283172240124616;0.008349980347391072;0.0052037523708681165
69.627;0.00014481756933242543;-0.0005368947573216369;0.0019666584675543486;0.015279320190632953;0.008357030941613448;0.0052036822355265204
69.72;0.00014507409773879078;-0.0005368209019105468;0.0019666582449491;0.01527546487033311;0.008364081106353864;0.0052036122707344755
69.815;0.00014524512143012353;-0.0005367715379051323;0.0019666578936872563;0.015272891241246547;0.00836876920664537;0.005203564787654159
69.91;0.00014550158417362126;-0.0005366974959757655;0.0019666569458298326;0.015269030726044073;0.008375818070974523;0.005203495055915364
70.004;0.00014575802590859605;-0.0005366232658306272;0.001966656836220118;0.015265163268111774;0.008382854305099222;0.0052034245141224
70.098;0.0001460144321893693;-0.000536548891828166;0.001966656572380882;0.015261292630173917;0.00838988978746247;0.005203354119057266
70.192;0.0001461853327449093;-0.0005364993478859149;0.0019666555755233797;0.015258712266381083;0.008394581945937568;0.005203307464706842
70.285;0.00014644166962068074;-0.0005364247845590256;0.001966656133311266;0.015254838915310332;0.008401613177893256;0.005203237159101663
70.381;0.000146697934699402;-0.0005363502182357926;0.0019666559876386504;0.015250962858954392;0.008408654909363598;0.00520316786317198
70.477;0.0001469541904783906;-0.0005362754047370355;0.0019666567200278488;0.015247077953881055;0.008415681629224205;0.005203097536630163
70.571;0.00014712498535605404;-0.0005362256106950329;0.00196665590995157;0.015244492486312756;0.008420371154063513;0.005203051247325484
70.662;0.00014738115469922853;-0.0005361507563890806;0.0019666549714865817;0.015240606538106823;0.00842739907507954;0.005202981413380015
70.757;0.00014763728762330906;-0.0005360757162735611;0.0019666554244758883;0.015236717179358131;0.008434426126073308;0.005202911741074657
70.854;0.00014789337828223704;-0.0005360006199248565;0.0019666548435260385;0.015232829691024203;0.008441450198722934;0.005202842130709423
70.946;0.00014806408820001155;-0.0005359505070593805;0.0019666540222973467;0.015230229399784322;0.008446127083367623;0.005202795252371946
71.037;0.00014832010320335595;-0.0005358752005314082;0.0019666543921469455;0.015226331455694258;0.008453149969470594;0.005202725823148018
71.134;0.00014857608502450947;-0.0005357997874627157;0.0019666540872619524;0.015222424110727625;0.008460165151005644;0.005202655883058776
71.227;0.00014883201269283116;-0.0005357243269569052;0.0019666538050081527;0.015218526233691907;0.008467186821484056;0.00520258688665721
71.318;0.0001490026292405396;-0.0005356738593565377;0.0019666538908466756;0.015215923169614818;0.008471857451068732;0.0052025401645451755
71.413;0.00014925848790565648;-0.000535598210429948;0.001966654005966073;0.0152120146830708;0.008478874838830591;0.005202471092371618
71.508;0.0001495143106085974;-0.0005355224127289687;0.0019666533656022794;0.015208097375842684;0.00848588546743397;0.0052024016096160865
71.605;0.00014977009664965028;-0.0005354465354303735;0.001966653421290401;0.015204185883347448;0.008492893752162887;0.0052023323244255295
71.702;0.00015002583274661995;-0.0005353704956852577;0.001966652894629432;0.015200261049672516;0.00849990395767034;0.005202263213261899
71.797;0.0001501962906548748;-0.000535319838389116;0.001966652271626079;0.015197648976031078;0.008504577788083131;0.005202217391033207
71.89;0.00015045196763441434;-0.0005352435732924651;0.00196665260183358;0.015193722512977617;0.00851158214164664;0.005202148263650408
71.985;0.00015070760544056748;-0.0005351672793415003;0.0019666527178150454;0.015189796551690159;0.00851857756988167;0.005202078726234098
72.081;0.00015096318545453928;-0.0005350908415205058;0.001966652928937269;0.015185865236002231;0.0085255831501552;0.005202010141244512
72.172;0.00015113355244622274;-0.0005350399156934055;0.0019666516116393896;0.015183245042473011;0.008530246340144846;0.00520196400389007
72.265;0.00015138904822674062;-0.0005349633662754729;0.001966651489408008;0.01517930632054379;0.008537252417487491;0.005201895764141452
72.358;0.00015164453151920174;-0.0005348866856353685;0.001966650789956406;0.015175372417668032;0.008544241976276075;0.005201826611356956
72.454;0.00015181481080552478;-0.0005348355501166034;0.001966649981133642;0.015172740843389569;0.008548907590114525;0.00520178094002865
72.548;0.0001520702277531807;-0.0005347585517167715;0.001966651398339291;0.015168794191848148;0.00855589768384452;0.005201712074878698
72.548;0.0001523255697050374;-0.0005346816217186526;0.001966651488988262;0.01516484848422319;0.008562892639469577;0.005201643865360095
72.642;0.0001525808937675289;-0.0005346045690311189;0.001966650593272899;0.015160902553942444;0.00856987882484083;0.005201575211089973
72.737;0.0001528361635521386;-0.0005345273904051568;0.0019666501030850872;0.015156943921973245;0.008576864165907722;0.005201506552508523
72.83;0.00015300633147752676;-0.0005344758297371316;0.0019666498861677095;0.01515430342456481;0.00858151602587297;0.005201460520500004
72.927;0.00015326152406662584;-0.0005343984729181865;0.0019666501931345903;0.015150342260961796;0.008588502855637961;0.005201392390537326
73.021;0.00015351668333688135;-0.0005343210391146908;0.0019666491137232955;0.01514638461650161;0.008595483714794348;0.0052013241179292985
73.116;0.000153771804428021;-0.000534243413142268;0.0019666498030349107;0.015142417943321048;0.008602462385746149;0.005201255808925857
73.212;0.00015394184081469643;-0.0005341916522365717;0.0019666496108934144;0.015139770123665549;0.008607119794452776;0.005201210738822547
73.307;0.00015419689874815402;-0.0005341138894192008;0.0019666491414457275;0.015135799950426554;0.008614090785277197;0.005201142204498727
73.402;0.00015445189879936873;-0.000534036046373661;0.001966648839157642;0.015131826606281991;0.0086210633804805;0.005201074024421894
73.496;0.00015470685708485513;-0.0005339580453263248;0.001966648836501406;0.01512784657689104;0.008628035661249023;0.005201005971489911
73.59;0.00015487679757270165;-0.0005339060324708984;0.001966648493258689;0.015125193732708564;0.008632686129107081;0.005200960929500109
73.681;0.0001551316822974431;-0.0005338278637352523;0.0019666481671177767;0.015121207821259489;0.008639656311982413;0.005200893058458415
73.777;0.000155386520585622;-0.0005337496379477227;0.0019666478723539983;0.015117223907369696;0.008646625679309768;0.005200825429243432
73.871;0.00015564133003739686;-0.0005336712613171144;0.001966647684236279;0.01511323478236471;0.008653585641277018;0.005200757257285882
73.966;0.00015589607169050522;-0.0005335928192039968;0.001966647393757943;0.015109241438471232;0.008660553256708194;0.005200689877157959
74.061;0.0001560659044621623;-0.0005335403533624708;0.00196664791007622;0.015106572999969453;0.008665187904816454;0.005200644195505002
74.155;0.00015632057773970397;-0.0005334618127993069;0.0019666460385518495;0.015102581014449182;0.008672150752378798;0.005200576897286061
74.252;0.00015657522509131375;-0.0005333830417654443;0.001966646516820953;0.015098579279447914;0.008679106982207963;0.005200509215726635
74.347;0.00015682981884581465;-0.0005333041872491733;0.001966645983940102;0.015094575878828455;0.008686064238362195;0.005200441846982433
74.439;0.00015699953277135563;-0.0005332514792938006;0.0019666467811162588;0.015091900330027497;0.008690699337183982;0.005200396749105729
74.536;0.00015725405480883874;-0.0005331724866282756;0.001966645960690238;0.015087898653486675;0.008697650678954314;0.005200329413894807
74.631;0.00015750853317803734;-0.0005330933358727406;0.0019666460632069014;0.015083882047724251;0.00870460339196167;0.005200262190160922
74.727;0.00015776297811935972;-0.0005330140575433265;0.001966646255796878;0.015079867585747914;0.008711550268319799;0.005200194831640513
74.821;0.00015801736489679528;-0.000532934714302397;0.0019666455132884494;0.01507584520114596;0.00871849826619934;0.005200127686808257
74.915;0.00015818694026961092;-0.0005328817438067749;0.0019666455811668793;0.015073167879192398;0.008723128540530856;0.005200083017230407
75.01;0.00015844125255787833;-0.0005328022478839037;0.001966645075639538;0.01506913955836636;0.008730072530517606;0.005200015915525377
75.107;0.0001586955450089118;-0.0005327224982781828;0.001966646209474824;0.015065113792578806;0.00873701090730501;0.005199948718964806
75.203;0.00015894977502778958;-0.0005326427671088719;0.0019666454248355716;0.015061082808026413;0.008743950278886749;0.005199881757045071
75.297;0.00015911923401909606;-0.0005325896114560167;0.0019666444262169606;0.015058393816305499;0.008748577226502373;0.0051998372746636
75.392;0.00015937339822865248;-0.0005325096713164917;0.0019666441977318353;0.01505435825624128;0.008755512553794273;0.005199770376204551
75.486;0.00015962751819811497;-0.0005324295835975554;0.0019666445200039917;0.015050314925513406;0.008762445208136165;0.005199703422866224
75.581;0.00015988157687334058;-0.000532349467411553;0.0019666445899649875;0.01504627655612865;0.008769384743926557;0.005199637353173809
75.677;0.00016013561676361766;-0.0005322692377125874;0.001966643576324645;0.015042231661727041;0.008776309093928378;0.005199570250240583
75.771;0.00016030494456101673;-0.0005322156660791332;0.0019666434164915523;0.015039531028835422;0.008780926848349335;0.0051995257288770325
75.867;0.0001605589021862213;-0.0005321352169062753;0.0019666439272312585;0.015035482844705598;0.008787854937757286;0.005199459333879534
75.96;0.00016081281743991803;-0.0005320546695585147;0.0019666435041509646;0.015031426657952035;0.008794777804474367;0.005199392661350652
76.056;0.00016106667550826135;-0.0005319740775995908;0.0019666435055126002;0.015027370378456684;0.00880170403390159;0.005199326523312718
76.151;0.00016123588842774375;-0.000531920313321605;0.001966642832484676;0.015024663502119121;0.008806318982110851;0.005199282332185866
76.246;0.00016148968012440692;-0.0005318394786960421;0.001966642613051202;0.015020600068690423;0.00881324076635637;0.005199216182637461
76.34;0.00016174343683466363;-0.0005317585318698197;0.0019666424079363308;0.015016535881576356;0.008820155185849133;0.005199149725100409
76.436;0.0001619971378766104;-0.0005316774951129239;0.0019666426343788565;0.01501246921086477;0.008827074455285489;0.005199083876147709
76.533;0.00016225079433828196;-0.0005315964019068643;0.0019666418365472194;0.015008394023136638;0.008833986539886924;0.005199017586932136
76.627;0.0001624198783562763;-0.0005315421779739325;0.001966643065088892;0.015005678204983539;0.008838597178884312;0.005198973787186491
76.72;0.00016267346781460322;-0.0005314609000237173;0.0019666416435444242;0.015001599965448136;0.00884550505839991;0.005198907564352962
76.815;0.00016292701554118715;-0.0005313794736557819;0.0019666416688081736;0.014997522878386745;0.008852409412923342;0.005198841388664764
76.91;0.00016318051506246888;-0.0005312979351162546;0.0019666413598498234;0.014993436223851337;0.008859315582619702;0.0051987754507217
77.006;0.00016334947977108698;-0.0005312435358730628;0.0019666412598373516;0.014990710549198242;0.00886392259313852;0.005198731852802649
77.1;0.00016360290646573922;-0.000531161849888577;0.001966641523003044;0.014986629218480254;0.008870823331691126;0.0051986660547779515
77.194;0.00016385627895345296;-0.0005310800363445632;0.001966641437486919;0.014982532683264283;0.008877727727690153;0.005198600544518068
77.287;0.00016410962579047465;-0.0005309981202212093;0.001966640736581089;0.014978442215944781;0.00888462144013008;0.0051985345788164656
77.382;0.0001642784825440359;-0.0005309434684151929;0.001966640337961268;0.014975706535063103;0.008889221516023494;0.005198490938305443
77.477;0.00016453171863489385;-0.0005308614094148832;0.0019666405435579894;0.014971608947232531;0.008896127589073337;0.00519842628579629
77.571;0.00016478495515503863;-0.0005307791881072276;0.0019666399699480763;0.014967505984140515;0.008903011755150982;0.0051983600966327235
77.666;0.0001650381202826979;-0.0005306968368735841;0.001966640595282175;0.014963395584036147;0.00890990587262334;0.005198294851721864
77.759;0.00016520688488841882;-0.0005306419481589785;0.001966638995056574;0.01496065801976789;0.008914494387538779;0.005198250931062171
77.856;0.00016545997090042824;-0.0005305594651882501;0.001966639503453153;0.014956543487445271;0.008921386566409102;0.005198185920665965
77.95;0.00016571301716371316;-0.0005304768522784625;0.0019666394921006667;0.014952428105500383;0.008928274007144708;0.005198120800610638
78.046;0.00016596602365606802;-0.0005303942066696477;0.0019666389879835593;0.014948316876361747;0.008935157241810805;0.005198055683330858
78.14;0.000166218995283604;-0.0005303113636988608;0.001966639037270118;0.014944191225244773;0.008942033782410283;0.0051979900872010576
78.235;0.0001663875992529655;-0.0005302561537536903;0.001966638575421727;0.014941444224097341;0.00894662662971508;0.005197947213648264
78.331;0.00016664047955685196;-0.0005301732022989345;0.0019666382241449775;0.014937314371904601;0.008953504164968144;0.005197882083333072
78.425;0.0001668933181312116;-0.0005300900548970069;0.001966638569095245;0.01493318379690974;0.008960383410365834;0.005197817358287085
78.52;0.00016714611172884407;-0.000530006854852648;0.001966638995493011;0.01492905390454811;0.008967259324606623;0.005197752652767487
78.614;0.0001673146071531859;-0.0005299514247557975;0.0019666373653382026;0.014926294165546273;0.008971841498341418;0.0051977094030974235
78.709;0.00016756733223686508;-0.0005298680262334819;0.001966637643521907;0.014922156321036049;0.008978711174745356;0.005197644537684729
78.803;0.0001678200103327122;-0.0005297845401475024;0.0019666377936109402;0.014918017641020864;0.008985578582069643;0.005197579757005687
78.898;0.00016807264497236053;-0.0005297009874299914;0.0019666366100709013;0.014913871221086011;0.008992440804285776;0.005197514704768294
78.991;0.00016832522766587282;-0.0005296172632428275;0.0019666371987067566;0.014909721444152141;0.008999306634472938;0.005197450173248549
79.086;0.0001684935849212132;-0.0005295614437593747;0.001966636966570025;0.014906957960309662;0.009003885498760543;0.005197407475947452
79.183;0.00016874607830607338;-0.0005294775946613111;0.0019666374963273822;0.014902808205183858;0.009010754216691872;0.005197343627153615
79.276;0.00016899854210494382;-0.0005293936011476711;0.001966637084980692;0.01489864461007476;0.00901761189236179;0.0051972789579572045
79.369;0.00016925096373918938;-0.0005293095567071176;0.00196663694984455;0.014894490942515241;0.009024466401217195;0.005197214480055188
79.462;0.00016941921043968092;-0.0005292534647276259;0.0019666364860475645;0.014891717131106846;0.009029039439883155;0.0051971718288515815
79.559;0.00016967155975695258;-0.0005291691826147401;0.001966636234294633;0.014887549383176454;0.009035889050732321;0.005197107195507985
79.652;0.00016992384439891298;-0.0005290848895158871;0.0019666356670182436;0.01488338501249798;0.00904274526046555;0.005197043402525236
79.746;0.00017017608627416;-0.0005290003947594064;0.0019666360055852834;0.014879210217550226;0.00904959760631388;0.005196979433397532
79.839;0.00017034422380355095;-0.0005289441054202105;0.0019666351590044207;0.014876433637669275;0.009054165387962615;0.0051969369844087135
79.934;0.0001705964045963246;-0.0005288593927283512;0.0019666360746825808;0.014872254457850467;0.00906100721128922;0.005196872595212009
80.029;0.00017084852165077092;-0.000528774683852402;0.0019666356316392145;0.014868074492353153;0.00906785629215957;0.005196809003811553
80.123;0.00017110060317799302;-0.0005286898515915549;0.0019666351349672626;0.014863893101671508;0.009074696474390695;0.005196744976797621
80.214;0.00017126863677118274;-0.0005286332186076673;0.0019666348631659047;0.014861103998256813;0.009079255566072673;0.005196702337106781
80.309;0.00017152062373463974;-0.0005285482058583625;0.001966635310447198;0.014856915899696278;0.009086100856973391;0.005196639074472171
80.406;0.00017177258072775215;-0.0005284630844532257;0.0019666350171982927;0.01485272680664596;0.009092938365825804;0.005196575448840037
80.501;0.0001719405334400149;-0.0005284063115363439;0.001966633874700488;0.014849930763643531;0.009097493377169747;0.005196532847818899
80.595;0.00017219239789345098;-0.000528321062579493;0.0019666341553514315;0.014845741106138313;0.009104332418828173;0.005196469805983471
80.69;0.0001724442400986782;-0.0005282355440230785;0.0019666352666626295;0.014841537047986388;0.009111162444323303;0.0051964061126707
80.785;0.0001726960328042509;-0.0005281500453240193;0.0019666346342350908;0.014837338220764511;0.00911799058707811;0.005196342604539049
80.883;0.00017294776464573815;-0.0005280644973289677;0.001966633440118071;0.01483312934024588;0.009124820514676574;0.005196279342242566
80.978;0.00017311556402898885;-0.0005280073481904558;0.0019666337130544343;0.014830326495960963;0.009129372576141454;0.0051962372929568075
81.071;0.00017336722898921895;-0.0005279215465581688;0.001966633316516455;0.014826117503741725;0.009136197028307072;0.005196174076736075
81.165;0.00017361885765913252;-0.0005278356569772784;0.001966632627286956;0.014821904558973139;0.00914301409145864;0.005196110489742701
81.261;0.00017387042836116995;-0.0005277495756760227;0.0019666340858137243;0.014817687455188381;0.009149835882277108;0.005196047516307601
