34.169;0.004324931218683511;0.02106913794723584;-0.03068697268983491;-5.35048089021698e-07;-3.1401150180094176e-06;-0.08792790633018316;0.9961268409586421
34.25;0.004338063897308592;0.021111048321869552;-0.03068697268622283;-5.357402441477288e-07;-3.139949352353218e-06;-0.08814993723224518;0.9961072173997161
34.345;0.004357798253133668;0.021173902815452342;-0.030686972680160678;-5.367876650117928e-07;-3.1397061076331885e-06;-0.08848297246501627;0.9960776895270816
34.433;0.004377575005523878;0.021236744002846978;-0.03068697267464457;-5.378337652208733e-07;-3.13946445466018e-06;-0.08881599432495792;0.996048050619007
34.527;0.004390783055749927;0.021278630722301635;-0.030686972670638815;-5.385286486758003e-07;-3.139298248344492e-06;-0.0890380014528823;0.9960282296637638
34.618;0.004410630446818377;0.021341449672780927;-0.030686972663836486;-5.395765887804134e-07;-3.1390544466653104e-06;-0.08937100095459093;0.9959984057106869
34.714;0.004430520207561576;0.02140425524466401;-0.030686972658831867;-5.406186329432194e-07;-3.1388068627778245e-06;-0.08970398699906763;0.9959684707390725
34.807;0.004443803581834249;0.021446118180214954;-0.0306869726558376;-5.413146632079155e-07;-3.1386477403030064e-06;-0.08992597020434624;0.9959484524174246
34.901;0.004463763936315602;0.021508901393914162;-0.03068697264913623;-5.42360630685332e-07;-3.1383990983347036e-06;-0.09025893375076874;0.995918332428935
34.982;0.004483766633635008;0.021571671157207404;-0.03068697264400666;-5.43400615253151e-07;-3.138150433193279e-06;-0.09059188375626569;0.9958881014387851
35.073;0.004497125284009484;0.021613510179990345;-0.030686972640134674;-5.441009112728129e-07;-3.1379880086568304e-06;-0.09081384288872434;0.9958678857808595
35.165;0.004517198530272645;0.021676257464905386;-0.030686972635083243;-5.451423444119108e-07;-3.1377416862018944e-06;-0.09114677025629801;0.9958374698020271
35.259;0.0045373140921269265;0.021738991226472923;-0.03068697262807061;-5.461913880907936e-07;-3.1374946434664993e-06;-0.09147968399878594;0.9958069428384901
35.352;0.004550747970477228;0.021780806208056724;-0.030686972626539296;-5.468839101032161e-07;-3.13733437875305e-06;-0.09170161890904152;0.9957865298744099
35.445;0.004570934036053806;0.021843517370863295;-0.03068697261970582;-5.47928424699418e-07;-3.1370826137655305e-06;-0.09203450987253732;0.9957558179505559
35.532;0.004591162390193292;0.021906214938110086;-0.03068697261491845;-5.489686280754517e-07;-3.136834143975709e-06;-0.09236738712685928;0.995724995058985
35.624;0.004604671448224581;0.02194800574978728;-0.030686972611362485;-5.49668826580809e-07;-3.136672169974116e-06;-0.09258929766482656;0.9957043848190051
35.706;0.004624970260593899;0.022010680597522987;-0.030686972605476037;-5.507103461347552e-07;-3.136419245069864e-06;-0.09292215199950676;0.9956733769955087
35.706;0.004645311334195663;0.022073341777590388;-0.030686972599661737;-5.517564347986181e-07;-3.1361742853022586e-06;-0.09325499254097566;0.9956422582213166
35.803;0.004658895523308728;0.022115108290852885;-0.03068697259544319;-5.524533800548862e-07;-3.136006829440127e-06;-0.09347687855602389;0.9956214507358119
35.895;0.004679307009595122;0.022177746631030056;-0.030686972590425667;-5.534978138217402e-07;-3.135760243693584e-06;-0.09380969603708009;0.9955901470581614
35.986;0.004692938130947731;0.022219497892680736;-0.03068697258616436;-5.541961821223029e-07;-3.1355923510189477e-06;-0.09403156664919958;0.9955692163096237
36.073;0.004713420001189812;0.022282113317520193;-0.0306869725816995;-5.552365179259696e-07;-3.135342198408404e-06;-0.09436436098137452;0.9955377277463865
36.169;0.004733944088049677;0.022344714957108325;-0.03068697257554122;-5.562812695274035e-07;-3.1350897338989287e-06;-0.09469714138192188;0.9955061282603709
36.262;0.0047545103812638295;0.02240730278467778;-0.03068697257066453;-5.573235715139689e-07;-3.1348432076362943e-06;-0.09502990781960811;0.9954744178579673
36.356;0.004768244686144337;0.022449020315871916;-0.03068697256647384;-5.580210468131562e-07;-3.134675403488643e-06;-0.09525174433796404;0.9954532159727234
36.449;0.004788881300006731;0.022511585062434954;-0.03068697256161839;-5.590629730421954e-07;-3.134421649214341e-06;-0.09558448743200328;0.9954213207241565
36.543;0.004809560092567464;0.022574135924545095;-0.030686972555061892;-5.601104341323692e-07;-3.134173530426289e-06;-0.09591721647830964;0.9953893145764207
36.635;0.004823369381653232;0.022615828772168806;-0.030686972552620977;-5.608041793778485e-07;-3.1340092892231132e-06;-0.09613902802215252;0.9953679155371744
36.721;0.004844118448712449;0.022678356432996524;-0.030686972547327458;-5.618467571641597e-07;-3.133754117510021e-06;-0.09647173358308353;0.9953357245720353
36.818;0.00486490966658522;0.022740870137132576;-0.030686972541129245;-5.6289091909191e-07;-3.1334983104617e-06;-0.09680442501052891;0.9953034227250731
36.908;0.004878793890391142;0.02278253817234355;-0.03068697253720726;-5.635864821533182e-07;-3.1333300450824466e-06;-0.09702621142795437;0.9952818265626088
37.0;0.004899655336310502;0.0228450285548668;-0.03068697253139247;-5.646342759226261e-07;-3.133082613519039e-06;-0.09735887922931148;0.995249339926974
37.095;0.004920558905114587;0.02290750490851919;-0.030686972526246224;-5.656716907812487e-07;-3.132821624466018e-06;-0.09769153281075423;0.9952167424269704
37.189;0.004941504586392564;0.02296996720611361;-0.030686972521519692;-5.667161550532962e-07;-3.132572006351117e-06;-0.09802417214248167;0.9951840340688989
37.283;0.0049554917643862256;0.0230116009153362;-0.030686972517148067;-5.674133895242614e-07;-3.1324009042605153e-06;-0.09824592376363597;0.9951621669123559
37.377;0.004976507609426341;0.023074039725984728;-0.0306869725120337;-5.684534345478542e-07;-3.1321433204973143e-06;-0.09857853927217126;0.9951292738055854
37.469;0.004997565538767955;0.023136464408175628;-0.030686972507349756;-5.694954929685923e-07;-3.1318922645856423e-06;-0.09891114044501358;0.9950962698582153
37.562;0.005011627533273342;0.02317807300068378;-0.030686972502282733;-5.701920774663692e-07;-3.1317178322435613e-06;-0.09913286657926086;0.9950742056518428
37.649;0.0050327555795376105;0.02324047407584511;-0.03068697249792933;-5.712349813998206e-07;-3.1314650683305943e-06;-0.09946544378680507;0.9950410169848083
37.743;0.005053925681881009;0.023302860950633723;-0.030686972492406164;-5.722771052703066e-07;-3.131208901391111e-06;-0.09979800657218446;0.9950077174947369
37.842;0.005075137829710398;0.02336523359819542;-0.03068697248690514;-5.733213225532913e-07;-3.130955831415873e-06;-0.10013055490379885;0.9949743071881433
37.936;0.005089302614910683;0.02340680744570657;-0.030686972483742078;-5.740153544913338e-07;-3.130781813413549e-06;-0.10035224574513373;0.9949519720889933
38.028;0.005110584814792299;0.023469156320411612;-0.03068697247757863;-5.750631605789562e-07;-3.1305301691632415e-06;-0.10068476991520449;0.9949183771028612
38.116;0.005131909031632187;0.02353149089565318;-0.030686972473225483;-5.761013289094462e-07;-3.130270617238299e-06;-0.10101727954452029;0.9948846713178839
38.211;0.005146148513794094;0.023573039321839167;-0.03068697246953686;-5.767956631859244e-07;-3.130098852589059e-06;-0.10123894453721947;0.9948621392428498
38.304;0.005167542735328668;0.023635350004425786;-0.030686972463499593;-5.778416221510452e-07;-3.129841155661345e-06;-0.10157142986186901;0.994828248807645
38.396;0.005188978945426807;0.023697646315711935;-0.030686972458052686;-5.788839677000052e-07;-3.129582054641673e-06;-0.10190390056038444;0.994794247591154
38.489;0.00521045713328722;0.02375992822802749;-0.03068697245430222;-5.799232036838122e-07;-3.1293275777100904e-06;-0.10223635660088815;0.994760135599958
38.583;0.005224799240834674;0.023801441490306847;-0.030686972450310525;-5.806217598874855e-07;-3.129158334954303e-06;-0.10245798580185794;0.9947373327342739
38.675;0.005246347367737578;0.023863699344851146;-0.03068697244492802;-5.816624111159549e-07;-3.128900245259989e-06;-0.10279041733972338;0.9947030361333965
38.766;0.005267937443779583;0.02392594272869562;-0.03068697243865271;-5.827033935442189e-07;-3.1286321321664336e-06;-0.10312283413221883;0.9946686287756396
38.857;0.005282354127462963;0.023967430265107652;-0.030686972435796753;-5.83399118846959e-07;-3.1284621291331192e-06;-0.10334443712049224;0.9946456290087043
38.948;0.005304014094743631;0.02402964947115527;-0.030686972431040464;-5.844434390744443e-07;-3.1282080469313163e-06;-0.10367682926793335;0.9946110370706834
39.037;0.005325715982145927;0.024091854134025797;-0.0306869724264145;-5.854853419004824e-07;-3.127951215032623e-06;-0.1040092065840875;0.9945763343935052
39.131;0.005340207190833897;0.02413331581694591;-0.030686972421578758;-5.861817532391419e-07;-3.127774308319001e-06;-0.10423078320564923;0.994553137756958
39.224;0.005361978921238016;0.024195496181797713;-0.030686972417069858;-5.87218872158373e-07;-3.127513932175882e-06;-0.10456313573103954;0.9945182505293536
39.315;0.005383792543048024;0.02425766193221346;-0.030686972411421078;-5.882642031592004e-07;-3.127254814553344e-06;-0.10489547333910301;0.9944832525803738
39.407;0.005398358225102729;0.02429909763289278;-0.030686972408901135;-5.889549838248355e-07;-3.127074507234768e-06;-0.1051170234401548;0.9944598591059152
39.502;0.005420241641593512;0.024361238965108993;-0.03068697240372765;-5.899984850222272e-07;-3.126818213844719e-06;-0.10544933611356487;0.9944246766362365
39.594;0.0054421669203786735;0.024423365610769816;-0.030686972398155134;-5.910393453257719e-07;-3.1265540982528376e-06;-0.1057816337820317;0.9943893834631782
39.686;0.0054641340503536655;0.024485477542145383;-0.030686972393711525;-5.920828792886596e-07;-3.126297321500163e-06;-0.10611391641421652;0.99435397959334
39.781;0.005478802049041087;0.024526877308984365;-0.030686972388890274;-5.927798825544205e-07;-3.126120736275467e-06;-0.10633542979872397;0.9943303155186394
39.873;0.005500838906992932;0.02458896465778627;-0.030686972384246607;-5.938237544653511e-07;-3.125859522863098e-06;-0.10666768729673866;0.9942947271692845
39.966;0.005522917586914292;0.024651037220493974;-0.030686972378848286;-5.948637177552357e-07;-3.1255943957096517e-06;-0.10699992967054262;0.9942590281412463
40.056;0.005537659935937338;0.02469241070148007;-0.030686972376476357;-5.955524812534551e-07;-3.1254166980090433e-06;-0.1072214161680387;0.9942351673043947
40.147;0.005559808294933679;0.024754458561285192;-0.03068697237021916;-5.965992459851272e-07;-3.1251550541898285e-06;-0.10755363326331929;0.9941992838268074
40.239;0.005581998446623564;0.02481649156356169;-0.030686972366068217;-5.976388583596397e-07;-3.124893167572664e-06;-0.10788583514761603;0.9941632896885599
40.33;0.00559681509370989;0.024857838630489834;-0.030686972362567712;-5.983333079926956e-07;-3.124717344338751e-06;-0.10810729460366694;0.9941392321216149
40.426;0.00561907487539146;0.024919846809945013;-0.030686972358204355;-5.993766533401517e-07;-3.1244593598678424e-06;-0.10843947106408051;0.9941030535639758
40.515;0.005641376420190962;0.024981840059798383;-0.030686972352077437;-6.004201172989604e-07;-3.1241946129464907e-06;-0.10877163222573286;0.9940667643638575
40.597;0.005154436555264324;0.024687222081559428;-0.030686768215506706;-1.2178424036227625e-06;-2.8316002212395286e-06;-0.10901748058208655;0.9940398326616663
40.687;0.0006108455301493069;0.021792855222750738;-0.030686778489604605;-1.1361631722856907e-06;-2.7774198163270557e-06;-0.11044378324537149;0.9938823726847381
40.773;-0.005070093681627569;0.018180670053114065;-0.030686800675124654;-9.850466982857594e-07;-2.8503166976080845e-06;-0.11220082428959242;0.9936855513791278
40.858;-0.017198774437822303;0.010558922377588126;-0.03068680598330593;-9.533148778807948e-07;-2.9014126512974133e-06;-0.11551647284075063;0.9933055645133098
40.943;-0.027628294789100564;0.004090524881229338;-0.030686803985990656;-9.644715380547257e-07;-2.7644790554357962e-06;-0.11783387622304413;0.9930333214981658
41.033;-0.04704651366271506;-0.007781986735204045;-0.030686812417870076;-8.682279283227914e-07;-2.7885261615417737e-06;-0.12211273330683088;0.9925162368222522
41.114;-0.062403435752858005;-0.01701481349431831;-0.03068680834034675;-8.925687155014102e-07;-2.6398121676459307e-06;-0.1254715828064352;0.9920972139363576
41.195;-0.08001618371424951;-0.027020007001110027;-0.03068774302660971;5.254654152471502e-07;-6.85974848058963e-06;-0.1302180585753259;0.9914853792031131
41.277;-0.11049674630804115;-0.041328158558220696;-0.030684524887038208;-3.0100714802236443e-06;3.2734162580051836e-06;-0.1411579985324058;0.989987080436179
41.372;-0.14515609518333356;-0.054050331392310996;-0.030685173439369946;-2.7372284446767023e-06;1.0288145697823357e-05;-0.1504030378722119;0.98862476505774
41.452;-0.16968804162095855;-0.06088365703298622;-0.03068542646707606;-1.0385684138615503e-05;-7.162922081251792e-06;-0.15150618744700214;0.9884563091032927
41.532;-0.19451010468042465;-0.06538156277324575;-0.030684552799954787;-2.567428505397923e-06;3.1887098241832875e-06;-0.15276655596046415;0.988262302915182
41.616;-0.23132974971116949;-0.07073019210698865;-0.030685196061452397;-2.2179804641135486e-06;7.557339579442201e-06;-0.15779804595859392;0.9874714054744151
41.712;-0.2555705337989954;-0.07310896899405739;-0.030687753384637438;-2.5316559054742286e-06;8.466333084234803e-06;-0.15703959881086543;0.9875923067375698
41.799;-0.29315838220869855;-0.07640704725626664;-0.03068724961334828;-7.283871124760986e-06;-1.3141011794457208e-07;-0.1510759310545075;0.9885221611086632
41.889;-0.318491927233911;-0.0797657535995133;-0.030687233064882836;-9.704717550746884e-06;-2.338677119763422e-06;-0.1533785756447437;0.9881675022148515
41.978;-0.35523912115693485;-0.08421060659595248;-0.030686231016582632;-1.1315727759601252e-05;7.1221271719235035e-06;-0.1553147685983777;0.9878650325203652
42.059;-0.38022381874639805;-0.08644241959737325;-0.030685570732579014;-7.807352039559579e-06;4.928656244150021e-06;-0.1509157123356843;0.9885466340466527
42.143;-0.4181156387693949;-0.09137499784152331;-0.03068517454755495;-1.8534135311406464e-05;1.3545765005368261e-07;-0.1429621702441423;0.9897281533509859
42.228;-0.4400378221586744;-0.09953387637060704;-0.030685005200857898;-1.89503600674799e-05;-1.1821015395838588e-06;-0.13693501137001068;0.9905800332636338
42.306;-0.4630709444831118;-0.11802708529349396;-0.030684573595864784;-1.1219573924510646e-05;-1.8306130948528785e-05;-0.12797868644897775;0.9917769181392563
42.394;-0.4700256681849407;-0.13377669482952032;-0.030685411687062986;-1.5136316687607077e-05;-3.529073312399644e-06;-0.11959233918807405;0.9928230820070423
42.487;-0.47270710241265124;-0.15951545082059998;-0.030685346395931963;-1.4549220466203522e-05;7.281912116139219e-07;-0.1035490900383854;0.9946243440314602
42.57;-0.47140779473131283;-0.18918673199257366;-0.03068537564419503;-1.3566933600943951e-05;-1.7144467233781809e-07;-0.09322227293059308;0.9956453222134692
42.663;-0.4689028149095331;-0.21067217973477925;-0.03068559954222514;-1.3534920203409007e-05;1.6962712663241836e-06;-0.09184754921705426;0.9957730803334411
42.748;-0.46255283977286793;-0.2435747216251007;-0.030685769528521048;-1.4239839145836734e-05;3.3011367609090374e-06;-0.09813649496285222;0.9951729639327707
42.829;-0.4572886006161801;-0.2665260743166006;-0.030684744001240563;-6.948863305741945e-06;1.8478586489632646e-06;-0.09546296534232238;0.9954329822727139
42.915;-0.4497543620355322;-0.3035638495444935;-0.030685668001684187;-1.3550825484202033e-05;3.258183310438097e-06;-0.09477596635102695;0.9954986268237583
43.011;-0.4442741619698271;-0.3290022435781427;-0.03068560296648955;-1.2863892986370813e-05;3.160814342656713e-06;-0.09100560319719168;0.995850380333936
43.103;-0.4426483929821698;-0.36744106877237337;-0.030685697472832715;-8.347102739803122e-06;1.571530059185363e-05;-0.07840782006417787;0.9969213677297416
43.19;-0.44624219310548585;-0.39344747551908693;-0.0306855669503066;-1.3338007734104171e-05;1.8119807902206861e-06;-0.06990157291913865;0.9975538932419865
43.274;-0.45146746300979496;-0.43365960567868367;-0.030685540992615546;-1.307098628835893e-05;1.4680007815032163e-06;-0.05887600946703977;0.9982653030814159
43.339;-0.4545449340405943;-0.4607312827326563;-0.03068520933291452;3.1372413328249734e-07;2.73281732178978e-06;-0.055899258936152454;0.998436414020854
43.427;-0.459064637085565;-0.5013197024865558;-0.030685277752079215;7.343645801034254e-07;2.077087741944407e-06;-0.056378045050033604;0.998409493159737
43.513;-0.4621198163707785;-0.5283583391675704;-0.030685212578599654;2.4753340086015263e-07;3.064572877399781e-06;-0.057583434629656136;0.9983406973808086
43.607;-0.466826142891167;-0.5688975659190652;-0.030685217282638497;2.523718396272524e-07;3.0584117249303484e-06;-0.05945614617200002;0.9982309185118221
43.695;-0.4700609651544844;-0.5959017931540471;-0.030685520008674416;2.446350874623678e-06;-8.348918228017903e-07;-0.06101349228309502;0.9981369413826636
43.777;-0.4753082101418794;-0.6360609678546831;-0.030685467689926492;2.0347763123221123e-06;5.348531652511803e-07;-0.07158497795777881;0.9974345045798034
43.87;-0.47936562005349004;-0.6624542654981247;-0.030685232813106256;1.2327540822988458e-07;3.858844126589963e-06;-0.08338709408565131;0.9965172314240457
43.946;-0.4866331492066729;-0.7018750776457386;-0.030685503129333734;2.2546519074778307e-06;5.018349421875411e-07;-0.10109365820614723;0.9948769131230071
44.026;-0.4922661119452309;-0.7277124280100052;-0.030685584973804282;2.9031382173008e-06;-1.771271039656188e-07;-0.11576035665272577;0.9932771716994074
44.117;-0.5021084420841757;-0.7660654078274185;-0.030685509961834695;-9.616967726721034e-06;-3.6243426275608492e-06;-0.1370527425981946;0.9905637514267777
44.21;-0.5095569844642294;-0.7917864969167049;-0.030686993210409897;-2.762829739790232e-07;-3.220558363488014e-06;-0.1459881796334786;0.9892863343829505
44.3;-0.5216189555819859;-0.830342205333974;-0.03068697480987457;-6.594965361986132e-07;-3.3604294690731634e-06;-0.15715667006226883;0.9875736838551399
44.39;-0.5344962333842236;-0.868819207260034;-0.030686832892225728;1.715231520032227e-07;-3.6154906784437942e-06;-0.16536155511133613;0.9862330130745267
44.467;-0.5434330050664201;-0.8943021729171048;-0.03068698517268456;-7.06246734252129e-07;-3.345678309233302e-06;-0.17198622097112926;0.9850993552857384
44.54;-0.5526312775617422;-0.919737754210385;-0.030686762625692643;-1.852702536315708e-06;-3.601845629816351e-06;-0.1762257559127008;0.9843497767240015
44.63;-0.5667490483549057;-0.9578223260934678;-0.03068512098605474;-2.0774099405773772e-07;4.607660531768076e-06;-0.1796359313515145;0.9837331610483608
44.711;-0.5763675358465923;-0.9831582607931171;-0.030685278267599123;6.640770444425607e-07;2.956353104367379e-06;-0.18295837439626766;0.9831206605646604
44.803;-0.5861846563804175;-1.0083713439206914;-0.030685358009118306;1.0977938648458936e-06;2.099458399877576e-06;-0.1881688815893182;0.9821366870226427
44.894;-0.601496760790027;-1.0458578857224472;-0.030685648190517827;-9.536812276079887e-06;-5.856916439881475e-06;-0.19659648371083208;0.9804844835423364
44.971;-0.6119985708987394;-1.0706350307579942;-0.03068430165107377;-2.380353739450977e-06;1.2230010784148762e-06;-0.20275418159117353;0.9792296675653429
45.068;-0.6284070142806781;-1.107004071447359;-0.03068540589117353;1.3679876432298545e-06;2.3582356986614953e-06;-0.2211357018264861;0.9752430473324456
45.158;-0.6462053534960384;-1.1426439400085684;-0.030685484031200406;-1.0192147711086677e-05;-2.2982026222742005e-06;-0.24094096338156598;0.9705397735567569
45.248;-0.666562908684572;-1.1768009158303108;-0.03068545330944568;-4.231076036477472e-06;2.7889426058987807e-06;-0.25014910374687765;0.9682073258703189
45.333;-0.6817693774871038;-1.1969491445988956;-0.0306869265428662;-3.1359178826647042e-06;-3.7632708756658085e-06;-0.2474374687253157;0.9689038647083683
45.418;-0.7061122843108392;-1.2250901981517206;-0.030685295412474514;-1.3260648364095065e-05;-1.0951550195612532e-05;-0.2393159060735384;0.9709417576788116
45.512;-0.7197517523592365;-1.2461194828357087;-0.030685460094653706;-1.087486296126565e-05;-8.35849533998319e-06;-0.24061511885122613;0.9706206078546259
45.595;-0.7330752369793467;-1.2673633002884421;-0.03068690861752121;-2.6096104929594752e-06;1.2689288174940747e-08;-0.24245332764672495;0.9701630707804848
45.679;-0.7560926418665948;-1.2962578950982175;-0.030687948682816178;5.586965508830316e-07;-4.819142081054934e-06;-0.23428770930588144;0.9721673051716287
45.77;-0.7815273729204484;-1.3237052114088954;-0.03068571886812718;-1.013405757772515e-05;-6.419410754699355e-06;-0.2231934640047115;0.9747741674263171
45.856;-0.7985544349461258;-1.3425655421698297;-0.030685512093203967;1.2801537210112676e-06;1.2213383107954456e-06;-0.21822765671890446;0.9758978890436467
45.939;-0.8242570814487423;-1.3707549876140914;-0.030686980383893545;-2.8142296724936886e-06;-2.9326967169031047e-06;-0.215853682328862;0.9764257205791695
46.032;-0.8424770687580071;-1.3886798580521207;-0.0306869898435256;-2.7966503401409015e-06;-3.8538563316761014e-06;-0.2102144704358902;0.977655295283918
46.118;-0.8708752797065032;-1.415569574488136;-0.03068576759812545;-9.181380006280392e-06;-6.748386628784135e-06;-0.19841601138765536;0.9801178940796742
46.204;-0.8896888254882274;-1.4340364341555505;-0.030684523068330014;-5.064116290203609e-06;-2.502685985600574e-06;-0.18804468676679087;0.9821604735209367
46.293;-0.917194624646632;-1.4627327720644978;-0.030685118617485553;1.1168222955906087e-06;-3.0851132152397117e-06;-0.18548573534346433;0.982646956934854
46.372;-0.935191642068199;-1.4817314890205333;-0.030685478004386438;1.1343070565464363e-06;2.615900957568539e-06;-0.19266126868541567;0.9812653237225885
46.457;-0.9627394181145063;-1.5096773205050475;-0.030685442775167455;1.0071579819429239e-06;2.7862752573092854e-06;-0.2027796598421071;0.9792243918252554
46.543;-0.9820119686766452;-1.5267448896509601;-0.03068604997635537;-2.7040290267834914e-06;-4.558124433753166e-06;-0.2044005553362657;0.9788873341453235
46.626;-1.010861288133021;-1.5500077806074017;-0.030685595279223474;2.87485695564778e-08;-2.7189719645682097e-06;-0.19926347486676968;0.9799459513547809
46.626;-1.0287221252073993;-1.5669513190160425;-0.030686891179059997;-4.725377263457496e-07;2.3777958438142894e-06;-0.20524938335349707;0.9787097070261089
46.714;-1.0564261853001118;-1.590440424683194;-0.030688018765314434;3.372735081439659e-07;-8.27639362661037e-06;-0.20359561548286592;0.9790550675460195
46.885;-1.0754766831895053;-1.6048977933084656;-0.030684738181686114;-1.4360687110440852e-05;-5.204908071701632e-07;-0.19543785156084822;0.980716088361346
46.885;-1.1018681343455456;-1.6304257160855677;-0.03068757840831978;-6.620934022624522e-06;-1.983036520049425e-06;-0.19648349926894076;0.9805071312679285
46.968;-1.1198429857039514;-1.6481184823174948;-0.030689421005575326;-1.784566846593691e-07;1.9044099242144622e-05;-0.20285987654166096;0.9792077767903974
47.039;-1.1490543966335038;-1.6709826152576874;-0.030685173713708193;-4.294311657998487e-06;5.44740459052774e-06;-0.20038244807613173;0.9797177524444992
47.126;-1.1698444937380166;-1.6848517894206456;-0.030685183624222095;-4.234081668477851e-06;5.119253870169255e-06;-0.1973669651876632;0.9803296797549677
47.216;-1.2015486454931086;-1.706197440800494;-0.030687609997592596;-6.314012706534151e-06;-2.3422487699294213e-06;-0.1966596851496998;0.9804718089733473
47.302;-1.2221091037931633;-1.720743798196373;-0.03068489615320996;-3.595883561271772e-06;2.7806162882825362e-06;-0.19802219863419082;0.9801975356158672
47.394;-1.2548306916248113;-1.7400103883126143;-0.030686082071008355;-1.7736077212639524e-06;-5.675821140591873e-06;-0.19244279255867286;0.981308193972138
47.485;-1.2771346505484409;-1.7511198595653181;-0.030684555542356048;-7.570042899104388e-06;-3.105131139316538e-06;-0.1857487330023059;0.9825972766709109
47.567;-1.2987972283637017;-1.7642608538748916;-0.030685382115423883;-5.910947041025697e-07;9.419260689175585e-07;-0.18662690538396529;0.9824308617839568
47.664;-1.3437463618081829;-1.78887889983391;-0.030686629460081265;-4.398379356902316e-06;-8.625733729404873e-06;-0.188735015608637;0.9820280514269736
47.743;-1.3674629309503845;-1.7991016578087315;-0.030685613254425693;-8.844672069683055e-06;-6.033639771243213e-06;-0.18759781954756097;0.9822459254109268
47.836;-1.403609438254249;-1.8148332224068136;-0.03068559193952286;-9.190291897370031e-06;-6.079853638042584e-06;-0.1830248085464189;0.9831082948155411
47.916;-1.427801821239518;-1.825583932037951;-0.030686939495257817;-1.3145305880816828e-06;-3.1392469477653757e-06;-0.18016996646263342;0.983635493042657
48.007;-1.4639621368772302;-1.841868570979258;-0.030687095987829247;-5.732196138027402e-07;-3.1994880408381428e-06;-0.18217119160284223;0.983266828963245
48.097;-1.4882472578491128;-1.8510020393774496;-0.030686793186909027;-1.625327684357951e-06;5.8204303052378235e-06;-0.1819574930917296;0.9833063971475291
48.181;-1.524864618236454;-1.8622945969776366;-0.03068640425328518;-1.2392200912058851e-05;-7.721425960387952e-06;-0.17280801100532472;0.98495552748294
48.268;-1.5481752177909214;-1.872551024520475;-0.030687555597372823;-7.634363111559958e-06;-1.0950729476498474e-06;-0.17660377034623945;0.9842820267789157
48.352;-1.5841008672595798;-1.8853949665768424;-0.03068474832918188;-2.5188323170260883e-06;1.5929954471261257e-06;-0.17889024248679433;0.9838690365765831
48.442;-1.6208903845524887;-1.8972129717244774;-0.03068450320213217;-5.457792710781964e-06;-1.3154182170473689e-06;-0.18217390015339466;0.9832663271318627
48.522;-1.64477158639803;-1.905507915112406;-0.03068482654096734;-3.7388268665122685e-06;7.333925377880206e-07;-0.18695617080469742;0.9823682558916123
48.607;-1.6807340777357545;-1.9172094021149184;-0.03068732892511366;-9.418050711984239e-06;-1.6357041200227257e-06;-0.1868285861948649;0.9823925281113721
48.695;-1.704156781485825;-1.926968234888763;-0.030687481471904976;-7.200769303852658e-06;-5.06531657347789e-07;-0.18786559200966624;0.9821947461103374
48.763;-1.727880303601392;-1.9372496832664305;-0.030687477650380466;-7.125238255904872e-06;-4.174793038257731e-07;-0.18843403870757477;0.9820858480832564
48.859;-1.7628777811764744;-1.9541392472563177;-0.0306872205845582;-8.194980931576253e-06;-4.282040886323654e-06;-0.19214469347806395;0.9813666066678279
48.946;-1.7849042406519062;-1.967060501072807;-0.03068517870206592;-1.1111283626070913e-05;1.2352030106797174e-06;-0.19657258971994443;0.9804892742125272
49.03;-1.8184399836617666;-1.9872909263651328;-0.030685685000438338;-1.2412019165862024e-05;2.8418072694652088e-06;-0.19085364060873683;0.9816185041574231
49.118;-1.841140044449025;-2.0012606138846962;-0.03068563599002861;-1.2690520773721561e-05;3.0529886320281284e-06;-0.18337124864085527;0.983043735040066
49.205;-1.874689815189028;-2.0233878868255792;-0.030687262959296614;-2.4670991524322836e-06;-9.95545527604079e-06;-0.17971420673690128;0.9837188642044682
49.291;-1.8938781086350807;-2.040866207686917;-0.030685462717337263;-1.4821614741972968e-05;1.0766124186273375e-06;-0.18524735257262723;0.9826919243303027
49.379;-1.9207472210833878;-2.068961471812355;-0.03068579036982405;-7.126441212081457e-06;5.576456180966692e-06;-0.19262119214307685;0.981273191448486
49.47;-1.9389772996280406;-2.0875880682024777;-0.030685819214992638;-1.239595364362805e-05;3.4428690939290373e-06;-0.19823066473473738;0.9801553975739313
49.548;-1.9667997674293192;-2.1150848456923637;-0.030685658839817227;-1.211579042560795e-05;4.236444076881745e-06;-0.2026091613332566;0.9792596834237047
49.634;-1.9855058130987304;-2.133264693913191;-0.03068566069336768;-1.2102745284415078e-05;4.271982592496708e-06;-0.2055432319733179;0.9786480366430194
49.716;-2.013750256669809;-2.1603694893882412;-0.030685662048047478;-1.234819238577488e-05;4.1017830761524594e-06;-0.20739456944654228;0.9782573753337008
49.801;-2.042004574764947;-2.1877909359270253;-0.030684647602616914;-9.137481949823633e-06;-2.492672555783972e-07;-0.20662390911339248;0.9784204413743333
49.894;-2.0587527388175446;-2.2072388598643635;-0.03068568349501579;-1.1967846115890277e-05;4.157681758485304e-06;-0.21115281526778065;0.9774530620157549
49.977;-2.0756661004051455;-2.2260279011802524;-0.03068511579916041;-6.2253157897228765e-06;4.551043337237959e-06;-0.21207809477005357;0.9772527214898087
50.063;-2.1030438601769514;-2.252896498200967;-0.030685387032985276;8.925625508677186e-07;3.7428208229586506e-06;-0.2042694987694687;0.9789146907967337
50.146;-2.121632709290741;-2.2707775194204176;-0.030685492112188528;7.195932193582985e-07;2.0960853610507884e-06;-0.19577271161344725;0.9806492978545422
50.231;-2.1467569384584353;-2.3001486794991592;-0.030685905230758266;-7.944510439434141e-06;5.705471730950808e-06;-0.18310901011085431;0.983092615332124
50.321;-2.170016845038931;-2.330649531755396;-0.03068583319296403;-8.301660238902163e-06;3.888956663505481e-06;-0.17562053034830793;0.9844579367530834
50.412;-2.1851508196395426;-2.3510540627469596;-0.030685820947366722;-8.046106474583525e-06;4.172158973050256e-06;-0.1717510356897511;0.9851403867760935
50.5;-2.204619587461577;-2.3832803516105487;-0.030685560751132473;-1.3497111185560046e-05;5.475821737269356e-07;-0.1710854727544776;0.985256190455003
50.584;-2.213625321809496;-2.40709344228098;-0.03068592596991665;-6.844431662377896e-06;7.2418438318328885e-06;-0.17949253887267244;0.9837593345883696
50.662;-2.227965234535611;-2.443093161305194;-0.03068751980973479;-5.295215578820821e-06;-1.216670467776941e-06;-0.201226542948724;0.9795447301595704
50.755;-2.238505506807466;-2.466779502089972;-0.030685988382224583;-1.4532184880966596e-05;4.743733793888705e-06;-0.21821198194948246;0.9759013939430518
50.834;-2.25590660543759;-2.50279329841757;-0.030686076563377022;-8.891313196281755e-06;5.2511629828161175e-06;-0.23026439383680417;0.9731281050428763
50.914;-2.2679024437077477;-2.5269537400788837;-0.030685731183575336;-7.243983500531954e-06;3.924381571466858e-06;-0.22929851178429983;0.973356148809689
50.996;-2.279886678548494;-2.5512131770136084;-0.03068590744984824;-8.016232596214213e-06;4.5284853190879175e-06;-0.2261691303700544;0.9740880475515991
51.077;-2.297641059149459;-2.5878249209402924;-0.030685884359858574;-1.2542104710139164e-05;4.1791517961375884e-06;-0.22318220690096638;0.9747767448744581
51.168;-2.3093559421968313;-2.6123730008009205;-0.03068583231453576;-6.906511568750029e-06;6.323253135388982e-06;-0.21904692118099503;0.9757143261392874
51.249;-2.3209486562931634;-2.636986367466052;-0.03068596890982759;-8.40568587095613e-06;4.372860842832569e-06;-0.21852675035465902;0.9758309583578784
51.33;-2.3382392021792366;-2.673913066564036;-0.03068576631434032;-6.669693053732309e-06;5.383900347259172e-06;-0.2168675534428918;0.9762010367696928
51.416;-2.3554693117516696;-2.7108501480624745;-0.030685911217619734;-7.838542434861004e-06;4.7581229998120525e-06;-0.21681395314419769;0.9762129427731961
51.509;-2.3669438777041987;-2.735483612856984;-0.030685985030447005;-8.429437680898335e-06;4.383955764884096e-06;-0.216454474096308;0.9762927125372882
51.586;-2.3840775596942936;-2.7724654739438948;-0.030685913739056377;-7.817319597552794e-06;4.74528049930792e-06;-0.21515397954166357;0.9765801375226498
51.676;-2.395455495456765;-2.797142775404331;-0.030685893230522808;-1.242463361114805e-05;4.018544963412826e-06;-0.2146918904968714;0.9766818274056087
51.751;-2.406704668146673;-2.821885413641673;-0.030685964550339652;-1.2203884215448032e-05;4.112862892018865e-06;-0.21115322778100284;0.9774529729003915
51.84;-2.4231622570625584;-2.859275334895793;-0.030685828787289836;-1.2704441623948225e-05;3.3029956623996756e-06;-0.20078840293217373;0.9796346344814655
51.921;-2.433734173934186;-2.884464916059208;-0.030685830574797228;-1.2713038589529697e-05;3.2065343922295925e-06;-0.1938915420788331;0.9810229710554126
52.003;-2.443904809692568;-2.909770078764012;-0.030685493224913964;-1.2143942020632658e-05;1.0131390045840857e-06;-0.18770320417974412;0.9822257922657882
52.088;-2.4554472289731772;-2.946025717445768;-0.0306858273259436;-8.684580986005995e-06;-7.20270815815132e-06;-0.19627510499031253;0.9805488682537657
52.175;-2.464886171839307;-2.980650966617549;-0.03068564429032633;-5.65544867333968e-07;1.335063289519348e-05;-0.21465167546004246;0.9766906665078956
52.263;-2.474325028407356;-3.003217882374342;-0.030687360083691703;1.105468927526745e-06;-7.207216561990759e-06;-0.21652937199819502;0.9762761038809161
52.358;-2.4878158402073645;-3.0371569000193506;-0.030685813163402187;-9.000037680823641e-06;-8.643406224050515e-06;-0.22230041936246367;0.9749782168825946
52.443;-2.49512519322176;-3.0598573618834912;-0.030685832762521688;-8.95109359090271e-06;-6.568010877516748e-06;-0.23257775810056072;0.9725778047609643
52.525;-2.5048097395524573;-3.094368732717947;-0.03068572851942951;-1.1460119067035208e-05;-4.267342638977801e-06;-0.2504238502900162;0.968136299834057
52.607;-2.5102556386134482;-3.118544164506272;-0.030685978892930912;-1.0473504644420842e-05;-6.842028594104042e-06;-0.25258561520123374;0.9675745484648233
52.695;-2.516594577741179;-3.156110442841574;-0.03068586017031551;-1.0441022082008358e-05;-5.610362075295571e-06;-0.2536686582432913;0.9672911721320304
52.777;-2.5197697215439296;-3.1819101838835464;-0.03068596878936862;-1.0556288517849308e-05;-5.3064437912945335e-06;-0.2536125202692357;0.9673058923748439
52.871;-2.5245758469928083;-3.2209521832590053;-0.03068597078116242;-1.0492148972188517e-05;-5.295598989554266e-06;-0.2535762753806233;0.9673153944944543
52.965;-2.52939178266437;-3.2600987057729096;-0.030685974958096204;-1.0479330799398183e-05;-5.2938268695998475e-06;-0.2535402181825435;0.9673248459675309
53.055;-2.5326023647934055;-3.286209496623993;-0.030685977998428024;-1.0477147663609042e-05;-5.293734848108957e-06;-0.25351618845584617;0.9673311439486615
53.138;-2.5374163595014907;-3.3253805113807298;-0.030685982648876724;-1.047610171380333e-05;-5.293980622437891e-06;-0.25348014676943126;0.9673405889633561
53.22;-2.5406855570799056;-3.3514744109244536;-0.030685981659518663;-1.0488868380236532e-05;-5.14054408933623e-06;-0.2541624970004861;0.9671615299328424
53.31;-2.545565186689631;-3.390630761644202;-0.030685990396070804;-1.0481805890724869e-05;-5.279248006550156e-06;-0.2544745793480607;0.9670794632954878
53.398;-2.5488266380120135;-3.416738898779188;-0.030685993582288514;-1.0481417714692043e-05;-5.283367654263153e-06;-0.25445048691353106;0.9670858025902835
53.483;-2.553716485716102;-3.4559020190542973;-0.03068599826213296;-1.048110429286583e-05;-5.283755912667775e-06;-0.2544144487002055;0.967095283906813
53.582;-2.558665605625396;-3.4950111376531323;-0.03068736829736459;-1.8639648114562674e-06;-3.4873620836390826e-06;-0.2559392806149249;0.966692859507444
53.67;-2.5621256716664838;-3.5210289574301212;-0.030687413888025282;-1.8137172436879977e-06;-3.4956124162716348e-06;-0.2587521957530179;0.9659437360309777
53.757;-2.5676026164284678;-3.5600401091225713;-0.030687418543929104;-1.8258081066346906e-06;-3.4857519967128245e-06;-0.2629582101122894;0.9648072241225483
53.837;-2.5714583967866296;-3.5860153795503935;-0.030687266386797418;-1.1041331034499592e-06;-3.73474394939651e-06;-0.26593898799777305;0.9639898623157575
53.921;-2.577717067258766;-3.6248006519118205;-0.030687404598386592;-1.6810026609882088e-06;-3.3431924963971914e-06;-0.27312252465864345;0.961979254719189
54.005;-2.5822007180848643;-3.650626730562726;-0.03068757119269402;-2.358873639708677e-06;-3.0386651610558143e-06;-0.27777764401758714;0.9606453978806335
54.08;-2.5868439131960588;-3.6764900183300817;-0.030687431637867645;-1.8861131054117199e-06;-3.4522611418927273e-06;-0.2806433141052154;0.9598121327804552
54.175;-2.593956395254324;-3.7152958088624395;-0.03068745030703114;-2.0198705596963834e-06;-3.5667153752712734e-06;-0.2826923469004287;0.9592106322321111
54.263;-2.6010880973943133;-3.754112545194908;-0.03068745969710466;-2.0626431864673434e-06;-3.622712633670132e-06;-0.28277090763711377;0.9591874758235246
54.356;-2.6058235490100983;-3.7799896081534885;-0.030687463304794344;-2.0637391140435896e-06;-3.621855302954681e-06;-0.28252280182910017;0.9592605831729241
54.444;-2.6129008166697005;-3.8188053570084906;-0.030687467907364513;-2.063003153570164e-06;-3.622890758923168e-06;-0.28215065797432554;0.959370109075363
54.524;-2.617602050901516;-3.8446844193199112;-0.030687470990462512;-2.0622055238287893e-06;-3.623487155527934e-06;-0.2819025206248177;0.9594430513834533
54.612;-2.6244553542486058;-3.883525479003246;-0.030687476444102812;-2.0987193862154434e-06;-3.7851853164754424e-06;-0.278916811042861;0.9603152672424556
54.704;-2.631562337686709;-3.9221869157628295;-0.030685577531963673;5.244608144078164e-07;1.8617318548203147e-05;-0.27803914425002796;0.9605697444318309
54.794;-2.638502727271911;-3.9469182232553432;-0.030686163315687423;-1.028704551731576e-05;-9.0204981110337e-06;-0.27590504070527266;0.9611848980951736
54.881;-2.647195534621012;-3.9841426811144474;-0.030685981825951482;-1.053080333921543e-05;-5.446761719711575e-06;-0.2828148264468101;0.9591745272896355
54.969;-2.6525521478258023;-4.009413881357899;-0.030687313721602355;-4.251279299155926e-06;4.725019667618252e-06;-0.28746244700106915;0.9577919093016806
55.054;-2.6632939262148834;-4.046267086297746;-0.030686163560646174;-1.0836699226494978e-05;-9.106228975021751e-06;-0.28331721058741943;0.959026255107026
55.142;-2.6695314254203213;-4.070928707749268;-0.030686006691652404;-1.040144861084033e-05;-6.9848509033078585e-06;-0.2860935869113145;0.9582016799042046
55.227;-2.6777864887101366;-4.108748834327277;-0.030687238534622817;-4.378654650478738e-06;5.4906368213322555e-06;-0.29330441677718905;0.9560190997305825
55.312;-2.6853191741594995;-4.133269612607025;-0.030686069155487758;-1.0510849796076658e-05;-5.22197850513807e-06;-0.29088176982196606;0.9567590061491419
55.399;-2.69650865098629;-4.169758563366757;-0.030686169744384224;-1.0235497410215265e-05;-8.78672176566575e-06;-0.2873139913965506;0.9578364527234338
55.489;-2.7031363073809054;-4.194157074239008;-0.03068605500196611;-1.016544126709319e-05;-6.137095120536299e-06;-0.29264152444453634;0.956222222095773
55.581;-2.712259033698537;-4.231132274934819;-0.030685902249030887;-1.060649472070839e-05;-3.0913404040595104e-06;-0.3080107753470882;0.95138286832801
55.672;-2.7223206985925748;-4.268545783412126;-0.030685942314004976;-1.0705153734784582e-05;-2.961936361975647e-06;-0.32162656831631137;0.9468665958991792
55.754;-2.7293271862211212;-4.293735725254765;-0.0306875240431203;-1.8400359048818259e-06;-3.5296046878680493e-06;-0.3258931934855728;0.9454065931777348
55.834;-2.740463335580978;-4.331451349159261;-0.030687469222979886;-3.520676778976697e-06;4.396454183525406e-06;-0.3295628119511663;0.9441336520573326
55.925;-2.7497433131448963;-4.355491748445669;-0.030687695742330497;-2.2501842852223476e-06;-3.4598504928177126e-06;-0.325638531439084;0.9454943399223301
55.999;-2.758483496751638;-4.379429761524189;-0.030686026364426088;-1.1018129837494409e-05;-6.4388875585060914e-06;-0.32239279185037123;0.9466059832898084
56.094;-2.7690066690246646;-4.416785497500924;-0.03068611899230346;-1.0907533228002476e-05;-4.688604028223388e-06;-0.32159224855402896;0.9468782527490038
56.182;-2.7811917288360983;-4.451150847382766;-0.0306860571056225;-1.055834862284619e-05;-5.131358049199856e-06;-0.3211121258586903;0.9470411831006628
56.269;-2.788432498316217;-4.472820220494661;-0.030686092809596565;-1.118065069924593e-05;-5.059276366699519e-06;-0.3209748348448745;0.9470877230994509
56.345;-2.7950244628821554;-4.4958228438746755;-0.03068612836151622;-1.1461459434544971e-05;-4.846955174214145e-06;-0.3208359020631267;0.9471347970550348
56.431;-2.804993986918829;-4.532870879898434;-0.030686133158522706;-1.0962395078492288e-05;-4.549868463230201e-06;-0.3207992951494799;0.9471471966335125
56.526;-2.8151908872225992;-4.5707732853372915;-0.030686133409484163;-1.0854928131454653e-05;-4.5413755674013024e-06;-0.32076371818860916;0.9471592458268911
56.614;-2.822015676023562;-4.596147802320515;-0.030686135745432445;-1.0837376654932322e-05;-4.540205739698245e-06;-0.32073992590987394;0.9471673029561707
56.707;-2.832232716142741;-4.634255845618053;-0.03068610776129802;-1.066442060256341e-05;-3.969280435017137e-06;-0.32055584325665365;0.9472296190599885
56.778;-2.8389872804554828;-4.659691487053728;-0.030686143452684278;-1.080666983748941e-05;-4.603632197686911e-06;-0.31947622291183064;0.9475942923297991
56.857;-2.848572812685073;-4.6978863003343365;-0.030687565949144804;-2.187539072488597e-06;-3.8117578666697213e-06;-0.31322661653338735;0.9496784122405497
56.945;-2.8547667326127875;-4.723368576910258;-0.03068757778209891;-2.148681838088182e-06;-3.6599780218549873e-06;-0.3102276269284753;0.950662305696568
57.034;-2.864338037808181;-4.761341193213982;-0.03068569776307009;1.0014120259721352e-06;3.0266195375970595e-06;-0.31487413881015275;0.9491334346120157
57.121;-2.8711183916232024;-4.786571061246064;-0.030685892455688986;2.463555135444617e-06;-1.8439612220480484e-06;-0.32031188884130934;0.9473121417238582
57.208;-2.882103812365616;-4.823914189051689;-0.030686185570500228;-9.122052441206464e-06;-3.5645986830855767e-06;-0.3335140139627286;0.9427451418037383
57.295;-2.8898937762266272;-4.848828880446595;-0.030685988203563105;-1.0710909679895145e-05;-1.7964833761313684e-06;-0.34009269269944176;0.9403919184332097
57.38;-2.9018591992654725;-4.886353214682178;-0.030687909878772908;-2.9715216117014597e-06;-2.5330641253529605e-06;-0.3437484795292417;0.9390617566518661
57.463;-2.909820740142082;-4.911410597616207;-0.030687521109118328;-2.122369831183046e-06;-3.728319197202584e-06;-0.34274535065727446;0.9394283498939221
57.55;-2.9217432824954943;-4.94900229035742;-0.030687603723298186;-2.299171500690179e-06;-3.4805539675457405e-06;-0.3423470468744389;0.9395735732123112
57.632;-2.9296771181233234;-4.974075117169321;-0.030687606813302983;-2.296986634917732e-06;-3.480995875507851e-06;-0.3421043223193381;0.9396619778585451
57.722;-2.9413482597649896;-5.011734128243329;-0.03068770872524836;-2.4241583092544647e-06;-3.4109309825729036e-06;-0.3386674493236142;0.9409061370567876
57.816;-2.948808339359406;-5.03687692434104;-0.03068730741971359;-1.649962239209619e-06;-4.527614757854996e-06;-0.3339275942669656;0.9425987278602995
57.909;-2.959754007834741;-5.074677186605218;-0.030687619102403307;-2.300428352423477e-06;-3.6761775038228526e-06;-0.3299399523038674;0.9440019215313681
57.996;-2.970168471112084;-5.112608553905495;-0.030687616806105884;-2.219613735689296e-06;-3.7937510304560896e-06;-0.32312619430182604;0.9463558857727359
58.085;-2.9768291970097933;-5.137975775477221;-0.030687627858781954;-2.2233372996048123e-06;-3.7218413552127144e-06;-0.31905648879956633;0.947735699937539
58.175;-2.9865813061493616;-5.1761314889972265;-0.03068763239321016;-2.1957623595035032e-06;-3.625148121422556e-06;-0.31533981640069847;0.9489788196658611
58.267;-2.992870078440432;-5.201598945390902;-0.030687645712196114;-2.258581419340299e-06;-3.721761642300637e-06;-0.3120365527625824;0.9500700972670866
58.353;-3.0021064496733523;-5.239800719944041;-0.030687639912039693;-2.194886767326452e-06;-3.556931019159901e-06;-0.3094687176243492;0.9509096238836114
58.429;-3.0082688998550755;-5.2653252211551065;-0.030687640690711428;-2.17827631516136e-06;-3.56344367498668e-06;-0.3092227674755039;0.9509896319399845
58.517;-3.01749755508419;-5.30365814262876;-0.030687645555833122;-2.1701812691256287e-06;-3.5626732679287127e-06;-0.30885379616163533;0.9511095271203758
58.613;-3.0266310175715696;-5.342034608288217;-0.03068765210229219;-2.188409848574452e-06;-3.6226402811271788e-06;-0.30743519588023765;0.9515690202587341
58.705;-3.032570449953704;-5.367644468864893;-0.03068766490053807;-2.236486749602083e-06;-3.683449919016474e-06;-0.3051544712240796;0.9523028660428271
58.787;-3.0411424724451117;-5.406112429288326;-0.030687659779391807;-2.1710235824294333e-06;-3.7446501990288654e-06;-0.3003173312110227;0.9538393473512997
58.88;-3.0480617443511875;-5.431138417653526;-0.03068755256481069;-3.9297437324647006e-06;-3.429219668130467e-06;-0.2960341030355651;0.9551773708650797
58.962;-3.0588097932712786;-5.467798332568868;-0.030686180816610863;-1.0854665695807651e-05;-7.249122516823129e-06;-0.28824516068469336;0.9575566443670483
59.049;-3.0641236587987972;-5.493032226099263;-0.030686229419346636;-1.076567835392637e-05;-5.1487334801636585e-06;-0.28816688543695584;0.9575802034269272
59.127;-3.0716978076303283;-5.531528478696382;-0.030686247750881065;-1.0690945721036797e-05;-4.914045585025595e-06;-0.28812963282070186;0.9575914131570746
59.216;-3.076768612406406;-5.557308237598774;-0.030686250088075705;-1.0672185102653737e-05;-4.9119692526450745e-06;-0.28810569361183497;0.9575986158983422
59.311;-3.0843803451554055;-5.596018822793805;-0.030686254408725716;-1.066432863168897e-05;-4.911410381467482e-06;-0.2880697800639104;0.9576094202105996
59.311;-3.0919915835194858;-5.634742261788467;-0.0306862589759078;-1.0662625017758486e-05;-4.911619331055566e-06;-0.2880338654625213;0.9576202233708845
59.49;-3.0970644272280112;-5.660559727252872;-0.030686262051809146;-1.0662254673765906e-05;-4.9118575812974234e-06;-0.28800992219416344;0.9576274247221108
59.49;-3.1046713767517287;-5.699286935140752;-0.030686266676524444;-1.0661965473838276e-05;-4.91224852559093e-06;-0.2879740071134426;0.9576382255785424
59.666;-3.109741082529747;-5.725105492504029;-0.03068626976192048;-1.0661823705275563e-05;-4.9125161940002194e-06;-0.2879500636260409;0.9576454253636633
59.666;-3.117343227383033;-5.763833839543062;-0.030686274389768484;-1.0661628324567717e-05;-4.91291561649453e-06;-0.28791414825080364;0.9576562238607378
59.755;-3.1249424693617445;-5.8025627675528115;-0.030686279019017278;-1.0661439387283558e-05;-4.913320531847076e-06;-0.2878782327069425;0.9576670209398049
59.843;-3.1300070170444623;-5.828382370865468;-0.03068628210488335;-1.0661313378718303e-05;-4.91358891704691e-06;-0.2878542889175538;0.957674218204689
59.935;-3.1389824402151496;-5.8665491391216475;-0.03068756404427924;-4.096204029945857e-06;-2.9588669970649104e-06;-0.286609890861177;0.9580473737947465
60.025;-3.1460157080674755;-5.8910865989501096;-0.03068626835219889;-1.0248060825050272e-05;-9.671313128490958e-06;-0.28228586751826373;0.9593303335144283
60.113;-3.152494250280718;-5.926681721050463;-0.030686271847733933;-1.0543340143161444e-05;-5.172810612572659e-06;-0.2820901668856659;0.9593878973639898
60.205;-3.157300483320977;-5.961946505007116;-0.030686298341679824;-1.0647193302303416e-05;-4.940235871714403e-06;-0.28206599794895515;0.9593950034596237
60.295;-3.1599635662375176;-5.984860006944181;-0.030686191022653776;-9.920948590475681e-06;-4.39172737339309e-06;-0.2850865057401395;0.9585017914052979
60.383;-3.165472327855673;-6.0164031286603326;-0.030687756269195336;-1.753915285727408e-06;-3.694486690079583e-06;-0.2852990716225113;0.9584385424817848
60.467;-3.171591420230682;-6.046291433973502;-0.030687730260272307;-1.995034853805475e-06;-3.7095289039702916e-06;-0.28146848739373953;0.9595704719230055
60.561;-3.1754823470153775;-6.0659617933686;-0.03068773087586521;-2.0268623205433205e-06;-3.7224821950786972e-06;-0.2789486313577748;0.9603060246846623
60.651;-3.1801786083051504;-6.09499086561185;-0.03068623417218093;-9.691683910168534e-06;-6.158433551115887e-06;-0.27826507639353626;0.9605043191614727
60.734;-3.1810901902080317;-6.113328026746454;-0.03068624713297249;-9.766577156597921e-06;-5.319794663527421e-06;-0.2838123415538168;0.9588798437020425
60.816;-3.1820385424803153;-6.131482297280298;-0.03068566809303945;-2.926532125165565e-07;1.4994717492082519e-05;-0.29184235256306645;0.9564664348661314
60.897;-3.186768552401322;-6.157727506571064;-0.030686230161698764;-1.0565258810187865e-05;-3.7992881722980663e-06;-0.2993064450838602;0.9541570372874704
60.987;-3.190402627259236;-6.174665310173537;-0.03068565132264469;-6.770207537526892e-06;5.443865129283819e-06;-0.3024529332574457;0.9531643211369674
61.074;-3.198546430358667;-6.1983364651063635;-0.030686277831369332;-1.0051441096066137e-05;-4.355107095328146e-06;-0.2988706644795753;0.9542936266126578
61.161;-3.206254990903659;-6.221549437357074;-0.030686269091025793;-1.0160230390461238e-05;-5.16459688211815e-06;-0.2903541901146474;0.9569192464116102
61.249;-3.210195565013788;-6.236842920592414;-0.03068634191908487;-1.0118025767247164e-05;-7.786483145947481e-06;-0.2864590234967221;0.9580924943314715
61.335;-3.213024766936086;-6.258608099699853;-0.030687624070781933;-1.358030810202196e-06;-4.584619891462891e-06;-0.290007671685479;0.957024320663119
61.424;-3.2144979418868496;-6.272914254914473;-0.03068761073987652;-8.360864862090135e-07;-3.4156954095698227e-06;-0.2956801971781443;0.9552869835731709
61.518;-3.219452067122276;-6.293491916790374;-0.030687834012865435;-1.8014619625946202e-06;-3.662407989236408e-06;-0.30025118347521856;0.9538601715162827
61.605;-3.225225068195554;-6.313315820582152;-0.03068782983398701;-2.2451212270694236e-06;-3.4384972872249184e-06;-0.29923469033580363;0.9541795428968136
61.699;-3.2289667682342778;-6.326414183617793;-0.030687748299370567;-2.0851892918723573e-06;-3.6537399190420818e-06;-0.29752875937954965;0.9547128559542751
61.785;-3.233776265071613;-6.345665723846602;-0.030686283464682478;-9.965107016217765e-06;-5.090273842146404e-06;-0.294895436384758;0.9555295293575333
61.873;-3.2360458043791307;-6.357173476073353;-0.030686334773956138;-1.049300593538532e-05;-4.673479509641269e-06;-0.29440058054269413;0.955682111396975
61.963;-3.239251610088324;-6.373545909778598;-0.030686345964888784;-1.0661613988566126e-05;-4.8225186975808464e-06;-0.2943674744180496;0.9556923092019796
62.051;-3.2424388467372407;-6.389634186061956;-0.03068634870139165;-1.0698861679550902e-05;-4.81773511707873e-06;-0.2948438704185366;0.9555454421109135
62.139;-3.2445426902427377;-6.400333165071742;-0.030686351486926493;-1.0703610428335154e-05;-4.859643483446735e-06;-0.2949653912708447;0.9555079370754878
62.232;-3.247703209774275;-6.416372157259762;-0.03068635275157116;-1.070517516934538e-05;-4.821595612894992e-06;-0.2949343329394946;0.9555175242326469
62.325;-3.2508620151060184;-6.432407946119354;-0.030686354684947285;-1.070543398621667e-05;-4.822012267769561e-06;-0.29490276853322456;0.955527266473114
62.422;-3.2529672137585215;-6.443098164413937;-0.030686355965163864;-1.0705394411259983e-05;-4.82225863740831e-06;-0.2948817253684164;0.9555337607357922
62.509;-3.2561240997213132;-6.459133517101476;-0.030686357882935195;-1.0705259474697432e-05;-4.822619642372239e-06;-0.2948501604620222;0.9555435012272647
62.509;-3.2592799173676488;-6.475169033240899;-0.030686359799422393;-1.070510238451843e-05;-4.822977638817678e-06;-0.29481859542153804;0.9555532406181309
62.688;-3.2613960862225184;-6.485843826026843;-0.030687420936965176;-2.3410163079007807e-06;-4.078344271231291e-06;-0.2950233547741846;0.9554900418715375
62.781;-3.266018879522714;-6.501014952676319;-0.030687647793034165;-3.908104549288354e-06;-2.359314405021924e-06;-0.29726565838794605;0.9547948095388565
62.872;-3.2717160724608747;-6.5146195538950105;-0.03068628793728907;-9.992966175720598e-06;-6.594109031359228e-06;-0.29479712744558156;0.9555598639051831
62.963;-3.2731185095220394;-6.522905451525017;-0.0306863219814903;-1.0321854374377444e-05;-5.8104132447279025e-06;-0.2957568812350419;0.955263244902587
63.048;-3.2741169025365395;-6.5351779552182405;-0.030686349938738467;-1.0360980175880974e-05;-4.929393118353909e-06;-0.2994775462126318;0.9541033482714607
63.139;-3.2753665414596087;-6.547276365872701;-0.03068628815164997;-1.0036829450114014e-05;-4.7246798389065436e-06;-0.3059358015823674;0.952052144153404
63.231;-3.2762941583797534;-6.55528880659101;-0.03068624739964327;-1.0469502990710908e-05;-4.256473809120801e-06;-0.3108847134177834;0.9504476286652591
63.322;-3.278119515010463;-6.567282883092671;-0.030685668076019572;-6.774833858355538e-06;5.441540193216377e-06;-0.31731488196163316;0.9483202336817275
63.411;-3.282859615412421;-6.577680591370551;-0.030686332937281437;-1.0177767757782296e-05;-4.297260465995968e-06;-0.3168770388123771;0.9484666267989855
63.501;-3.2860684083511678;-6.584303917458602;-0.030686373642531697;-1.0709008928842524e-05;-5.088072586216467e-06;-0.3155333172552841;0.9489144985515318
63.589;-3.290817053071023;-6.594195986312808;-0.03068635962103596;-1.0659162186564045e-05;-4.741457817511964e-06;-0.31545955301602413;0.948939023475603
63.683;-3.2939732288144943;-6.600777630602202;-0.030686360476002882;-1.0661325204951911e-05;-4.741904268175662e-06;-0.31539803900553304;0.9489594706073147
63.775;-3.298703468624717;-6.6106458070903775;-0.03068636167948143;-1.066186854456917e-05;-4.742795477326922e-06;-0.31530581595129825;0.9489901170671466
63.863;-3.303404808709296;-6.6205263672616015;-0.030686357054508;-1.0599096144130519e-05;-4.623004806320628e-06;-0.31483356936461887;0.9491468924604983
63.954;-3.306238854920947;-6.627134925688501;-0.0306856846028156;-2.4839238481846823e-08;-4.257005514533029e-06;-0.3141139735499982;0.949385280906813
64.045;-3.3067404704769285;-6.636041678091068;-0.030686325241180368;-1.0284513564149913e-05;-4.866826392464066e-06;-0.3158952291470072;0.948794078856262
64.128;-3.3060638540269176;-6.641748126186462;-0.030686326833072777;-1.0467290738793712e-05;-4.465053494240861e-06;-0.31835130391605587;0.9479728092964725
64.218;-3.305356680507474;-6.650443985737405;-0.03068561758230401;1.2194426808463012e-07;1.318189288385056e-05;-0.3230386175018699;0.9463857836150664
64.307;-3.3077293043770513;-6.65769995983298;-0.030686375213539546;-1.069809124930329e-05;-4.586284620634468e-06;-0.32389554041499036;0.946092848912726
64.396;-3.3092882074415546;-6.662098678469549;-0.030686378081648903;-1.0766534497871828e-05;-4.556492699463632e-06;-0.3238584510090235;0.9461055456836495
64.486;-3.311572997192888;-6.6685468271525075;-0.03068637990044234;-1.079579550319133e-05;-4.556862774413412e-06;-0.3238027204235535;0.9461246208132372
64.576;-3.313085676721249;-6.672817120495713;-0.030686380580344633;-1.0800412079808041e-05;-4.557259745296267e-06;-0.32376567380894555;0.94613729887666
64.667;-3.3145958721092126;-6.677081433421514;-0.030686381146394257;-1.0801856348906915e-05;-4.557676887118372e-06;-0.3237286499209434;0.9461499675436821
64.759;-3.3176135581281243;-6.685605578937401;-0.030686382189029773;-1.0802226338227614e-05;-4.55852580389457e-06;-0.32365461932513623;0.9461752941458749
64.853;-3.3198525927269493;-6.692006167004137;-0.030686373261953767;-1.0710880316513488e-05;-4.401372652158514e-06;-0.3233320441641967;0.9462855748041957
64.943;-3.321341355023718;-6.69626913080813;-0.030686410093743004;-1.0910432609680833e-05;-5.1578494100422825e-06;-0.3225782007398581;0.9465428169194434
65.033;-3.3237613932372296;-6.702445429586621;-0.03068845788507031;1.5297578663332997e-07;-2.506507527769479e-06;-0.3225991788214743;0.9465356674829558
65.124;-3.3245513970667404;-6.703490473491157;-0.030686015085118153;1.1167734190166275e-06;3.665843787919951e-06;-0.31945269964216694;0.9476022228111571
65.213;-3.3244865164737134;-6.703482794309442;-0.03068603728056315;1.1870387726246068e-06;3.897972614302004e-06;-0.3127080625765207;0.9498492867729256
65.306;-3.3243691981653813;-6.703473438705949;-0.030686035221045696;1.069438274366709e-06;3.972788548211662e-06;-0.29171584561415814;0.9565050263332074
65.396;-3.3242996631706605;-6.703458610245779;-0.030686021887357653;9.244558200662558e-07;3.7870156273101987e-06;-0.27030625971111166;0.9627743899511416
65.485;-3.324247794049943;-6.703434324291997;-0.030686012056442738;7.887905238684413e-07;3.6417611377653387e-06;-0.24486832443382628;0.9695563437341255
65.567;-3.3241911530446537;-6.703387262768788;-0.030686004284117364;6.064651473509824e-07;3.5382765407633458e-06;-0.2023858331336065;0.979305863626849
65.654;-3.324150680929859;-6.703332670632712;-0.030686000816163506;4.3586627670440926e-07;3.499089408195398e-06;-0.15709896198466441;0.9875828654502402
65.746;-3.3241212646524385;-6.703273308645495;-0.030685999303095415;2.6919074648280835e-07;3.484397874835934e-06;-0.11038730911095916;0.9938886466677381
65.833;-3.3239755689476915;-6.70338764200582;-0.030687358870091875;-8.590076767420619e-06;1.3756366522634881e-05;-0.08026314099340984;0.9967737094922022
65.927;-3.324233604361893;-6.706874224974606;-0.03068793347313768;-7.612950115604853e-06;-1.3801014888262944e-06;-0.07496111025227235;0.9971864579354682
66.014;-3.324712032804561;-6.7102971774579885;-0.03068791836818721;-7.472074828538901e-06;-1.4370824182540105e-06;-0.0752102573639183;0.9971676975962249
66.106;-3.327097844522233;-6.715752051561127;-0.030686237206215206;-1.2883883409122784e-05;2.331908488929085e-06;-0.07523081952662165;0.9971661464479832
66.201;-3.3301552699470887;-6.721626489568386;-0.03068622931282492;-1.2778639652575502e-05;2.2933308954007335e-06;-0.07499200724755015;0.9971841347917798
66.295;-3.332113036580453;-6.7268500827048685;-0.030685511378588208;5.173040596130613e-06;-2.45901192422105e-07;-0.07455895213219123;0.9972166076786572
66.386;-3.332090010245652;-6.726829106696967;-0.03068599802194518;-1.0777071987983892e-07;3.7986991660808106e-06;-0.07457149486724253;0.9972156698221419
66.476;-3.3320679059710874;-6.726879936502726;-0.03068601165346634;-2.9676913817338083e-08;3.827034384208881e-06;-0.07433990778843699;0.997232960794698
66.572;-3.3320498962317684;-6.726930189562901;-0.03068601163489621;-3.05207875650455e-08;3.826641903694955e-06;-0.0741091385119823;0.9972501369136872
66.666;-3.3320386183259;-6.72696357647206;-0.030686011628158393;-3.112317273053437e-08;3.826521704550973e-06;-0.07395526545349021;0.997261559821224
66.761;-3.3320220572926225;-6.727013594290456;-0.030686011626949866;-3.2018452948306074e-08;3.826431192519091e-06;-0.07372444225745385;0.9972786504278455
66.854;-3.3320056313819624;-6.727063580544139;-0.03068601163013157;-3.2907391256279937e-08;3.826378431505579e-06;-0.0734936133377615;0.9972956877395577
66.947;-3.3319892289391353;-6.727113551819479;-0.030686011634048136;-3.379848383960463e-08;3.826336476846675e-06;-0.07326278275770524;0.9973126714566277
67.041;-3.331978289476037;-6.727146860275569;-0.03068601163675834;-3.439088076610164e-08;3.826309858507141e-06;-0.07310889542324604;0.997323964113643
67.135;-3.3319618650332505;-6.727196815616599;-0.03068601164136288;-3.527878695084714e-08;3.826272671717086e-06;-0.07287806431479184;0.9973408583463766
67.226;-3.3319454189307627;-6.727246762632503;-0.03068601164595775;-3.616558868961822e-08;3.826235428136636e-06;-0.07264723320850275;0.9973576988686197
67.315;-3.3319344421483073;-6.727280056113363;-0.030686011648956443;-3.6758034739525046e-08;3.826210748918123e-06;-0.07249334583467451;0.9973688960435118
67.411;-3.3319179575755538;-6.727329989580731;-0.030686011653826336;-3.764709477694918e-08;3.826171755022821e-06;-0.07226251483812773;0.9973856470466318
67.5;-3.3319014495967907;-6.727379914953288;-0.030686011658519426;-3.853376349710465e-08;3.8261362228590015e-06;-0.07203168393074066;0.9974023443402673
67.593;-3.3318904312498123;-6.727413194036879;-0.03068601166147908;-3.91271612703646e-08;3.826109437615119e-06;-0.07187779671447446;0.9974134460317007
67.687;-3.3318738841780795;-6.727463105908805;-0.03068601166571332;-4.001528376885528e-08;3.826070211052665e-06;-0.07164696597948816;0.9974300538139473
67.783;-3.331857313643602;-6.727513009668197;-0.030686011670947852;-4.090105013382944e-08;3.826033158864376e-06;-0.07141613535972949;0.9974466078921923
67.874;-3.331840719648809;-6.727562905305277;-0.030686011675170308;-4.179006787880366e-08;3.825994400697565e-06;-0.07118530486441349;0.9974631082685317
67.967;-3.331829643953978;-6.727596164545779;-0.030686011678196484;-4.238411210269105e-08;3.8259675927239485e-06;-0.07103141794103979;0.9974740786860807
68.06;-3.3318130108675104;-6.727646046622562;-0.03068601168284111;-4.3271293668895375e-08;3.8259286161679045e-06;-0.07080058767249314;0.9974904895639808
68.153;-3.331796354331752;-6.727695920549442;-0.030686011687799684;-4.415786383738068e-08;3.825890975947495e-06;-0.07056975755158093;0.997506846745661
68.24;-3.3317852369493566;-6.727729165301102;-0.030686011690206245;-4.475201452921751e-08;3.825862609400267e-06;-0.07041587089096717;0.9975177217032424
68.336;-3.331768541341246;-6.727779025621782;-0.030686011695014878;-4.5640092761256455e-08;3.825823144813449e-06;-0.0701850410360158;0.9975339893959171
68.429;-3.331751822295557;-6.727828877764783;-0.03068601169927482;-4.652957800975798e-08;3.825782467484299e-06;-0.0699542113522918;0.9975502033980245
68.521;-3.3317350798168173;-6.727878721719986;-0.030686011704039746;-4.741618577148571e-08;3.825743717081648e-06;-0.06972338184831993;0.9975663637117055
68.61;-3.331723905148138;-6.727911946469366;-0.03068601170708172;-4.800996975857437e-08;3.825716412067573e-06;-0.0695694956167427;0.9975771074282898
68.701;-3.331707123624146;-6.727961776755165;-0.030686011711681282;-4.8897727006828284e-08;3.825676714080308e-06;-0.06933866643220223;0.997593178265953
68.795;-3.3316903186789535;-6.728011598825514;-0.030686011716360803;-4.978388664945311e-08;3.825636411958988e-06;-0.06910783745095007;0.9976091954208397
68.888;-3.3316791023725147;-6.728044808969782;-0.0306860117194019;-5.03782786772964e-08;3.825608257725694e-06;-0.0689539515808061;0.997619843701374
68.982;-3.331662258401871;-6.728094617324797;-0.030686011724181526;-5.126538870419491e-08;3.825567155935354e-06;-0.06872312295782872;0.9976357713896818
69.076;-3.3316453910218207;-6.72814441743673;-0.030686011728948817;-5.215190287010756e-08;3.825527459733698e-06;-0.06849229456138287;0.9976516454008781
69.166;-3.331634133098824;-6.728177612926896;-0.030686011731366633;-5.2748555478916424e-08;3.8254979090234315e-06;-0.06833840909418036;0.9976621982554212
69.259;-3.3316172267131208;-6.728227399277503;-0.030686011736322207;-5.363321100876359e-08;3.825457447752273e-06;-0.06810758109480387;0.9976779828094725
69.35;-3.3316002969301084;-6.728277177357856;-0.03068601174064284;-5.452217951302412e-08;3.82541584426e-06;-0.06787675334541964;0.9976937136920572
69.444;-3.3315833437540836;-6.728326947157138;-0.030686011745572696;-5.540944209970688e-08;3.825374041161503e-06;-0.06764592585459551;0.9977093909053066
69.534;-3.3315720286428956;-6.728360122417869;-0.030686011748249552;-5.6002163496985554e-08;3.825345482764567e-06;-0.06749204100879086;0.9977198125655475
69.627;-3.331555036488582;-6.728409878392838;-0.030686011753124326;-5.689073662656291e-08;3.825303736318708e-06;-0.06726121396839263;0.9977354003346087
69.72;-3.331538020953291;-6.7284596260594;-0.0306860117580667;-5.7776926386747764e-08;3.82526169722162e-06;-0.06703038720986076;0.9977509344399836
69.815;-3.331526664275913;-6.728492786549697;-0.03068601176095631;-5.8369396284325096e-08;3.825232706661779e-06;-0.06687650286511976;0.997761260698117
69.91;-3.3315096097823407;-6.728542520346285;-0.030686011765859535;-5.9254792128944636e-08;3.825192112072259e-06;-0.06664567659557266;0.9977767053687326
70.004;-3.3314925319197113;-6.728592245806908;-0.030686011770318704;-6.0143871691166e-08;3.8251477989060965e-06;-0.06641485063132223;0.9977920963812971
70.098;-3.3314754306926186;-6.728641962921246;-0.030686011774646287;-6.103384381753444e-08;3.825104485744773e-06;-0.0661840249807655;0.9978074337379484
70.192;-3.3314640168965246;-6.7286751030224545;-0.030686011778013694;-6.16235793243028e-08;3.825076885082102e-06;-0.06603014139222922;0.997817628834592
70.285;-3.3314468767385845;-6.728724806203666;-0.030686011782472468;-6.251341432833768e-08;3.825032119224862e-06;-0.06579931628398245;0.9978328767694146
70.381;-3.331429713228173;-6.728774501011307;-0.03068601178745374;-6.339994643637159e-08;3.824989325641723e-06;-0.06556849151251933;0.9978480710539747
70.477;-3.3314125263698293;-6.728824187434909;-0.03068601179129825;-6.429172849798554e-08;3.82494300206597e-06;-0.06533766708690528;0.9978632116903632
70.571;-3.331401055495453;-6.72885730705463;-0.030686011795032005;-6.488062724515505e-08;3.824915426272651e-06;-0.06518378433251659;0.9978732756444868
70.662;-3.33138382973396;-6.728906979482255;-0.030686011799973472;-6.57670419193282e-08;3.824871918773201e-06;-0.06495296050194625;0.9978883268719996
70.757;-3.331366580636594;-6.728956643498316;-0.03068601180430804;-6.665638179475577e-08;3.824827000214553e-06;-0.0647221370401695;0.9979033244569937
70.854;-3.3313493082078764;-6.729006299092706;-0.03068601180925052;-6.754289692469526e-08;3.824783475338754e-06;-0.06449131395567985;0.9979182684015943
70.946;-3.3313377802957707;-6.729039398138454;-0.030686011812099095;-6.81351175668012e-08;3.8247537566965005e-06;-0.0643374321133736;0.9979282012321448
71.037;-3.3313204689915485;-6.729089039673913;-0.03068601181665962;-6.902344794586859e-08;3.824707986529564e-06;-0.06410660967726063;0.9979430557807667
71.134;-3.3313031343681243;-6.72913867276015;-0.030686011820956913;-6.991341426026708e-08;3.824661297684426e-06;-0.0638757876416756;0.9979578566946216
71.227;-3.3312857764301183;-6.729188297387098;-0.030686011826118076;-7.079838319601642e-08;3.824617852155871e-06;-0.06364496601491672;0.9979726039758444
71.318;-3.3312741915210538;-6.729221375766975;-0.030686011829054078;-7.1391614845037e-08;3.824586056837864e-06;-0.06349108516218462;0.9979824057017717
71.413;-3.3312567947352836;-6.729270986271871;-0.03068601183367045;-7.227863500370576e-08;3.82454173610615e-06;-0.06326026423655697;0.997997063599933
71.508;-3.3312393746470366;-6.729320588290015;-0.030686011838169786;-7.316757283827885e-08;3.8244947160579365e-06;-0.06302944374330194;0.9980116678710615
71.605;-3.3312219312609233;-6.729370181811081;-0.030686011842924535;-7.405372530598489e-08;3.824449893471523e-06;-0.06279862369059581;0.9980262185172968
71.702;-3.331204464581369;-6.729419766824733;-0.030686011847467422;-7.494351531804536e-08;3.8244025365392365e-06;-0.06256780408754122;0.9980407155407196
71.797;-3.3311928071898143;-6.72945281876905;-0.030686011850737285;-7.553297162110838e-08;3.824372653352843e-06;-0.06241392460594873;0.9980503504336098
71.89;-3.331175301698166;-6.729502389580748;-0.030686011855104056;-7.642344586509783e-08;3.824325261353149e-06;-0.062183105771022096;0.998064758090395
71.985;-3.3311577729253643;-6.72955195185769;-0.030686011859635286;-7.731127095470229e-08;3.824277585971223e-06;-0.06195228740847612;0.9980791121300087
72.081;-3.3311402208759913;-6.729601505589798;-0.03068601186439887;-7.819959954647089e-08;3.824230493588353e-06;-0.0617214695269303;0.9980934125545591
72.172;-3.331128506580537;-6.729634536658663;-0.03068601186782971;-7.87894224573612e-08;3.824200239501986e-06;-0.06156759121059501;0.9981029163858277
72.265;-3.331110915747015;-6.7296840761261505;-0.03068601187243103;-7.96766912333688e-08;3.824153546433297e-06;-0.06133677414981786;0.9981171274566246
72.358;-3.3310933016492252;-6.7297336070211715;-0.030686011877581375;-8.056278125850898e-08;3.824106498876895e-06;-0.06110595759299456;0.9981312849179775
72.454;-3.3310815459949916;-6.729766622850315;-0.030686011880794298;-8.115393970323783e-08;3.824074831275142e-06;-0.060952080172706584;0.9981406934435597
72.548;-3.3310638931335745;-6.7298161394350196;-0.030686011884580117;-8.20459817448369e-08;3.824025605376638e-06;-0.06072126447503173;0.9981547615605124
72.548;-3.3310462170200696;-6.729865647420056;-0.030686011889498228;-8.293214777870732e-08;3.823977019434391e-06;-0.060490449304231156;0.9981687760736371
72.642;-3.331028517659186;-6.729915146794923;-0.030686011894606294;-8.381811921635756e-08;3.823931189629558e-06;-0.06025963466861651;0.9981827369850551
72.737;-3.3310107950554864;-6.72996463754968;-0.03068601189908264;-8.470627497190792e-08;3.823881565248173e-06;-0.060028820577413225;0.9981966442968317
72.83;-3.3309989670759843;-6.729997626592117;-0.03068601190204336;-8.5299674909116e-08;3.823847942485632e-06;-0.05987494482308624;0.9982058860614895
72.927;-3.3309812057445622;-6.730047102956821;-0.030686011906432883;-8.618761124468706e-08;3.823798821458558e-06;-0.05964413165759616;0.9982197040452481
73.021;-3.330963421182674;-6.730096570673928;-0.030686011911740467;-8.707311171131121e-08;3.823751326093366e-06;-0.0594133190588472;0.9982334684350065
73.116;-3.330945613394986;-6.730146029733215;-0.030686011915883472;-8.796212196552754e-08;3.823701692787514e-06;-0.05918250703573867;0.9982471792328472
73.212;-3.3309337286355793;-6.730178997624421;-0.030686011919184342;-8.855387886861283e-08;3.823667663661693e-06;-0.059028632677724284;0.9982562899924899
73.307;-3.330915882148484;-6.73022844223116;-0.030686011923884694;-8.944131912505313e-08;3.823619292665724e-06;-0.05879782163264739;0.9982699114751618
73.402;-3.330898012447911;-6.730277878152729;-0.030686011928655714;-9.032805422941855e-08;3.823569156224283e-06;-0.05856701118602648;0.99828347937152
73.496;-3.3308801195385707;-6.730327305378925;-0.03068601193311854;-9.12168461617474e-08;3.823518145772785e-06;-0.058336201346333195;0.9982969936836694
73.59;-3.3308681780408453;-6.7303602520272525;-0.03068601193642452;-9.180750763288548e-08;3.823485457381486e-06;-0.05818232846111574;0.9983059734571438
73.681;-3.330850246460472;-6.730409664738324;-0.030686011941126044;-9.2696128757856e-08;3.82343470858218e-06;-0.05795151965183822;0.9983193984669513
73.777;-3.33083229168368;-6.730459068726702;-0.030686011945937695;-9.35822511104076e-08;3.823385472689366e-06;-0.057720711472066075;0.9983327698981594
73.871;-3.3308143137152277;-6.730508463982101;-0.030686011950588517;-9.447017479062372e-08;3.823334391936309e-06;-0.05748990393060976;0.9983460877528507
73.966;-3.330796312559734;-6.730557850494308;-0.03068601195499862;-9.535731423934292e-08;3.823282720444874e-06;-0.05725909703594367;0.9983593520331253
74.061;-3.330784298910049;-6.7305907699735235;-0.03068601195788631;-9.595245625055596e-08;3.8232475488464385e-06;-0.05710522613638881;0.9983681651241118
74.155;-3.330766259119887;-6.730640141891112;-0.030686011963458593;-9.683549922504655e-08;3.823198652216263e-06;-0.056874420338350704;0.9983813401183691
74.252;-3.330748196155102;-6.730689505038269;-0.03068601196769704;-9.772369536380069e-08;3.82314768715591e-06;-0.056643615209939734;0.998394461543794
74.347;-3.3307301100205047;-6.730738859404906;-0.0306860119728756;-9.86103511772713e-08;3.823095944999377e-06;-0.056412810759562226;0.9984075294024881
74.439;-3.330718039727565;-6.730771757432755;-0.030686011975231728;-9.92050954681501e-08;3.823059932410895e-06;-0.056258941506980714;0.9984162115500173
74.536;-3.3306999149868357;-6.730821097142134;-0.030686011980505565;-1.0008975368754794e-07;3.823008238658008e-06;-0.0560281382054981;0.9984291901354849
74.631;-3.3306817670887474;-6.7308704280437395;-0.030686011984932853;-1.009779185661014e-07;3.822956332287166e-06;-0.05579733560479598;0.9984421151598026
74.727;-3.3306635960380393;-6.7309197501271365;-0.030686011989486207;-1.0186584142596358e-07;3.822904050865987e-06;-0.05556653371326266;0.9984549866250697
74.821;-3.3306454018393508;-6.730969063382297;-0.03068601199430504;-1.027534826875439e-07;3.822850768908432e-06;-0.055335732539564766;0.9984678045333687
74.915;-3.3306332595159147;-6.731001933975896;-0.03068601199750781;-1.0334471824802248e-07;3.8228166489178325e-06;-0.055181865493220954;0.998476320052741
75.01;-3.3306150267477554;-6.731051232494658;-0.030686012002165357;-1.042313543649574e-07;3.822762714504513e-06;-0.05495106553468786;0.9984890487040797
75.107;-3.330596770844214;-6.7311005221575835;-0.030686012006538366;-1.0512165684188746e-07;3.822708746527118e-06;-0.05472026631646357;0.9985017238040358
75.203;-3.3305784918100096;-6.731149802954959;-0.030686012011286755;-1.0600844204234366e-07;3.822654967406346e-06;-0.05448946784710174;0.9985143453546954
75.297;-3.3305662929391944;-6.731182651889485;-0.0306860120146583;-1.0659777701590335e-07;3.8226210453653105e-06;-0.05433560262096151;0.9985227299732305
75.392;-3.330547975364416;-6.731231917887939;-0.030686012019713327;-1.0748513018913455e-07;3.822567638548122e-06;-0.05410480541855318;0.9985352622797039
75.486;-3.3305296346716204;-6.731281174993435;-0.03068601202380205;-1.0837486143833004e-07;3.822512004650626e-06;-0.0538740089878395;0.9985477410424375
75.581;-3.3305112708654456;-6.73133042319584;-0.03068601202889907;-1.092606291221989e-07;3.822458612814701e-06;-0.05364321333691268;0.9985601662635394
75.677;-3.3304928839506833;-6.731379662484877;-0.030686012033614637;-1.1014731616199904e-07;3.822405139007359e-06;-0.05341241847445119;0.9985725379450846
75.771;-3.3304806131717477;-6.731412483720677;-0.03068601203688174;-1.1073971428368326e-07;3.822367536587826e-06;-0.05325855567519244;0.9985807559896044
75.867;-3.3304621877532017;-6.731461708131551;-0.030686012041474475;-1.1162708958119652e-07;3.8223136066075795e-06;-0.0530277621456789;0.9985930384431883
75.96;-3.330443739238781;-6.731510923601998;-0.03068601204616673;-1.1251504642245609e-07;3.822258385316096e-06;-0.05279696942731416;0.99860526736277
76.056;-3.3304252676331965;-6.731560130121764;-0.030686012050983442;-1.1340079579967796e-07;3.822203956838651e-06;-0.052566177528390975;0.9986174427504417
76.151;-3.330412940403374;-6.731592929490574;-0.030686012054256022;-1.1399117800640049e-07;3.822167308947066e-06;-0.05241231672193853;0.9986255299366311
76.246;-3.3303944303231265;-6.731642121069856;-0.030686012058887553;-1.148790114865922e-07;3.822111929542207e-06;-0.05218152620770844;0.9986376161090733
76.34;-3.330375897164352;-6.731691303671341;-0.030686012063759788;-1.157666025867577e-07;3.82205616332901e-06;-0.051950736535530555;0.998649648755155
76.436;-3.330357340931946;-6.731740477284848;-0.030686012068411588;-1.166533827776967e-07;3.822001030792285e-06;-0.05171994771381796;0.9986616278769596
76.533;-3.3303387616306006;-6.731789641900112;-0.03068601207341609;-1.1754019079208663e-07;3.821944514315942e-06;-0.051489159751217685;0.9986735534765565
76.627;-3.3303263626160193;-6.731822413306284;-0.03068601207582792;-1.1813355844523279e-07;3.821906603926766e-06;-0.05133530159083311;0.9986814741427605
76.72;-3.3303077448771434;-6.731871562902039;-0.030686012080938997;-1.1901989187166853e-07;3.821851114358337e-06;-0.051104515078461046;0.9986933105433192
76.815;-3.33028910408215;-6.73192070347241;-0.030686012085776572;-1.1990664729473057e-07;3.821793971041023e-06;-0.05087372944765342;0.9987050934272171
76.91;-3.330270440235848;-6.731969835007325;-0.03068601209041419;-1.2079475371044917e-07;3.8217374706318315e-06;-0.050642944706757884;0.9987168227965364
77.006;-3.3302579848676657;-6.732002584339084;-0.030686012093595158;-1.2138643380717868e-07;3.82169948919818e-06;-0.05048908871139699;0.9987246126467858
77.1;-3.3302392826130864;-6.73205170079231;-0.030686012098603055;-1.222716014907413e-07;3.821642823509175e-06;-0.05025830547234609;0.9987362528297591
77.194;-3.3302205573199957;-6.732100808182971;-0.0306860121030264;-1.231596959450282e-07;3.821585628760585e-06;-0.05002752314575246;0.9987478395036865
77.287;-3.3302018089931043;-6.732149906500823;-0.030686012108153984;-1.2404568194558632e-07;3.821529090377204e-06;-0.04979674173988173;0.9987593726706508
77.382;-3.3301892973143623;-6.732182633667293;-0.03068601211125891;-1.2463757783976737e-07;3.821489995441173e-06;-0.04964288798512498;0.9987670317235533
77.477;-3.3301705106085997;-6.732231716841346;-0.030686012116340533;-1.2552305141038577e-07;3.8214323385140064e-06;-0.049412108132734466;0.9987784757168429
77.571;-3.330151700881914;-6.732280790915532;-0.030686012120902814;-1.264106428754277e-07;3.821375045385299e-06;-0.049181329223526755;0.9987898662086978
77.666;-3.330132868139172;-6.732329855879692;-0.0306860121255413;-1.2730017159754706e-07;3.821315670981896e-06;-0.04895055126616535;0.9988012032011775
77.759;-3.3301203001930584;-6.73236256078979;-0.030686012128986827;-1.2788950214919414e-07;3.821278271710604e-06;-0.04879669982722023;0.9988087314753279
77.856;-3.330101429100908;-6.732411610548192;-0.030686012133270005;-1.2877730635651e-07;3.821219378407457e-06;-0.0485659234746193;0.9988199793068014
77.95;-3.330082535005605;-6.732460651169544;-0.030686012138210317;-1.296649624319495e-07;3.82115961467393e-06;-0.04833514809613463;0.9988311736444287
78.046;-3.3300636179118914;-6.732509682643541;-0.0306860121432333;-1.3054941008179248e-07;3.82110217859198e-06;-0.04810437369992369;0.9988423144902905
78.14;-3.33004467782466;-6.732558704960318;-0.0306860121476287;-1.3143870389548032e-07;3.821042276797725e-06;-0.04787360029479347;0.9988534018464355
78.235;-3.330032038328119;-6.732591381412397;-0.0306860121512859;-1.32028140470969e-07;3.821004283715618e-06;-0.0477197519124863;0.998860763701725
78.331;-3.330013059929209;-6.7326403884445;-0.030686012155888988;-1.32915010629936e-07;3.820943686261006e-06;-0.04748898017749945;0.9988717619129515
78.425;-3.3299940585496604;-6.732689386291974;-0.030686012160510395;-1.338042001222575e-07;3.820883290583506e-06;-0.04725820945575986;0.9988827066399832
78.52;-3.329975034194416;-6.732738374945118;-0.030686012165291533;-1.3469077548039678e-07;3.820823716066006e-06;-0.047027439755518215;0.998893597884892
78.614;-3.3299623385290467;-6.732771028934175;-0.030686012168956285;-1.3528009186474268e-07;3.820783805500527e-06;-0.046873593860458314;0.9989008290035545
78.709;-3.3299432758917216;-6.732820002240516;-0.030686012173288632;-1.3616800906266483e-07;3.820723678089667e-06;-0.0466428258816432;0.9989116311161657
78.803;-3.3299241902916896;-6.732868966325371;-0.0306860121782093;-1.3705485803791464e-07;3.8206633031074445e-06;-0.046412058946834964;0.9989223797521504
78.898;-3.3299050817337914;-6.732917921178536;-0.030686012183018738;-1.379413735607386e-07;3.820602761602734e-06;-0.046181293064399616;0.9989330749135722
78.991;-3.3298859502229696;-6.732966866790062;-0.030686012187526736;-1.3882975444012882e-07;3.820541206716958e-06;-0.04595052824276514;0.9989437166024896
79.086;-3.329873183133172;-6.7329994920582426;-0.03068601219080707;-1.3941985013008036e-07;3.820501354061392e-06;-0.045796685621671204;0.9989507813558455
79.183;-3.329854013378184;-6.733048422244111;-0.030686012196036016;-1.403059092507839e-07;3.8204404174037224e-06;-0.045565922586460084;0.9989613339285106
79.276;-3.3298348206832253;-6.733097343161264;-0.030686012200265525;-1.411951646934506e-07;3.820377946197725e-06;-0.04533516063441769;0.9989718330341633
79.369;-3.3298156050531915;-6.733146254799408;-0.030686012205103138;-1.4208050104726508e-07;3.820317105318556e-06;-0.045104399773620976;0.9989822786748754
79.462;-3.3298027818939104;-6.733178857398312;-0.030686012208631607;-1.4267092453741883e-07;3.8202763569996055e-06;-0.04495055981026128;0.9989892127336157
79.559;-3.3297835280496986;-6.733227753549162;-0.030686012213003294;-1.4355952730751404e-07;3.820214053157577e-06;-0.04471980078717184;0.9989995692706485
79.652;-3.3297642512835233;-6.7332766403942195;-0.03068601221818329;-1.444438405397793e-07;3.820153196819421e-06;-0.04448904287762143;0.999009872348226
79.746;-3.32974495160029;-6.733325517923084;-0.030686012222748388;-1.4533310010902538e-07;3.820089490776317e-06;-0.044258286090357785;0.9990201219683864
79.839;-3.3297320724155566;-6.733358097761983;-0.030686012226595394;-1.4592059898363276e-07;3.820050158124882e-06;-0.044104448859378954;0.999026925350962
79.934;-3.3297127345480337;-6.733406959741755;-0.03068601223087123;-1.4681066144138767e-07;3.819985381160457e-06;-0.04387369396078038;0.9990370858800097
80.029;-3.329693373776593;-6.733455812378817;-0.03068601223555586;-1.4769657657325461e-07;3.8199232542371314e-06;-0.043642940206267786;0.9990471929571388
80.123;-3.329673990106098;-6.73350465566263;-0.030686012240487063;-1.4858296527951688e-07;3.819859873879442e-06;-0.0434121876044543;0.9990572465843899
80.214;-3.329661054939844;-6.7335372126507975;-0.030686012243576498;-1.4917428133930985e-07;3.819818340108091e-06;-0.043258353181014376;0.9990639193091969
80.309;-3.3296416331152345;-6.733586040323762;-0.0306860122484325;-1.5006114478797255e-07;3.819753806031945e-06;-0.04302760251891596;0.9990738838578761
80.406;-3.329622188404779;-6.733634858616707;-0.030686012253483476;-1.5094755154183038e-07;3.819690534649592e-06;-0.04279685303154329;0.9990837949621562
80.501;-3.3296092125525103;-6.733667398929385;-0.030686012256829976;-1.5153765450820829e-07;3.81965005030954e-06;-0.04264302069667944;0.9990903726746896
80.595;-3.3295897297098818;-6.733716201566602;-0.030686012261886948;-1.5242175442041725e-07;3.819585692147166e-06;-0.04241227318601833;0.9991001947095107
80.69;-3.3295702239945153;-6.73376499479688;-0.03068601226591089;-1.5331288979797845e-07;3.819520328253281e-06;-0.04218152687251007;0.9991099633053869
80.785;-3.3295506954114207;-6.7338137786103065;-0.030686012271044578;-1.5419838915895526e-07;3.819456970105933e-06;-0.04195078176422718;0.999119678464376
80.883;-3.3295311439656006;-6.733862552996641;-0.030686012276100565;-1.5508371657156027e-07;3.8193929665229144e-06;-0.04172003786971932;0.9991293401885152
80.978;-3.329518096969241;-6.733895064011811;-0.03068601227921147;-1.556749759412914e-07;3.819349464850521e-06;-0.041566209285156405;0.9991357516529229
81.071;-3.3294985074297068;-6.733943822663866;-0.030686012284174335;-1.5656144966243285e-07;3.819284762780769e-06;-0.04133546743202598;0.9991453243235264
81.165;-3.3294788950406184;-6.733992571861925;-0.030686012289034365;-1.5744762994599276e-07;3.81922048960587e-06;-0.041104726814765215;0.999154843564736
81.261;-3.32945925980695;-6.734041311595896;-0.030686012293385082;-1.5833668360155818e-07;3.819153936730395e-06;-0.04087398744187716;0.9991643093785878
