29.921;0.00020495118656175816;0.0005584103660438429;-0.0013229384671230933;0.012518586077075143;-0.01694894174642018;-0.007934017652195856
29.989;0.00020519826337732556;0.0005583172329344956;-0.0013229385945027461;0.012511027289824759;-0.01695448927871931;-0.007933975382940325
30.055;0.0002054453088008403;0.0005582240696241069;-0.0013229379481312113;0.012503467931177658;-0.016960031025664228;-0.007933932975442147
30.135;0.00020569233833996948;0.0005581308364888316;-0.0013229372204256913;0.01249588990950684;-0.016965593967811915;-0.007933892766574859
30.21;0.00020606272142955788;0.000557990544851907;-0.0013229388970322782;0.012484548244290874;-0.016973901507323905;-0.007933829754708894
30.302;0.00020630967171744708;0.0005578972052124485;-0.0013229369829314253;0.01247697822403266;-0.016979446698074115;-0.00793378885717714
30.381;0.0002066798875775199;0.0005577565176055664;-0.0013229380618576306;0.012465623052021747;-0.016987743376031577;-0.00793372623106686
30.465;0.00020692667296986683;0.000557662691837073;-0.0013229372954179858;0.012458044115327721;-0.016993273487033233;-0.00793368489566148
30.557;0.000207296778520804;0.0005575218055608128;-0.0013229362489439133;0.012446674780840198;-0.01700157162918629;-0.007933623729001952
30.646;0.00020754345610270004;0.000557427722548005;-0.0013229371035333882;0.012439088914128153;-0.017007099776497354;-0.007933583032909513
30.733;0.00020791334185836123;0.0005572862393146277;-0.0013229375979717595;0.012427711854361369;-0.017015376084188915;-0.007933521246289942
30.812;0.0002081599138897925;0.0005571918857089339;-0.0013229377065424363;0.01242011552742708;-0.017020901774179104;-0.007933481228305414
30.897;0.0002085296812055933;0.0005570502208040115;-0.0013229355819010782;0.012408726741620262;-0.017029158094196067;-0.007933419139259884
30.987;0.00020877610407020542;0.0005569555134471368;-0.001322936976687525;0.012401136912078272;-0.017034669856523545;-0.007933378650080748
31.08;0.00020914568134700872;0.0005568133642910329;-0.0013229355981322398;0.012389746682125427;-0.017042914516015428;-0.007933316754444062
31.176;0.0002095151468765065;0.0005566708840149244;-0.001322936414953639;0.01237833761697536;-0.017051166026155917;-0.007933256214617445
31.256;0.00020976140532507725;0.0005565758545519765;-0.0013229347536656611;0.012370734502780088;-0.017056644974158458;-0.00793321445470808
31.32;0.00021000762269204914;0.0005564806565830631;-0.001322936033676818;0.012363118179805283;-0.017062145961305977;-0.007933174853674991
31.406;0.00021037686106683035;0.0005563376840694107;-0.0013229350388039133;0.012351707529184401;-0.017070368653922134;-0.007933113636842262
31.493;0.00021062297470172785;0.0005562422357346035;-0.0013229351188688524;0.012344092618033202;-0.017075864902383595;-0.00793307444623882
31.587;0.00021099203277515012;0.0005560988643199358;-0.0013229355065063112;0.01233267440114879;-0.017084073608317284;-0.00793301325781008
31.676;0.00021123799891658408;0.0005560030960127226;-0.0013229341503292087;0.012325064983293478;-0.017089533047155422;-0.0079329717944725
31.767;0.00021160690258263388;0.0005558593308088007;-0.0013229336634355054;0.01231362265463434;-0.017097738397101058;-0.007932911716478372
31.857;0.00021197566753012722;0.0005557151828733248;-0.0013229346577568269;0.012302183038653275;-0.01710593904393214;-0.00793285187358661
31.95;0.00021222148371042478;0.0005556190881282804;-0.0013229346429111406;0.012294549000713034;-0.017111401680039436;-0.007932812083663159
32.041;0.00021259006405968493;0.0005554745332470648;-0.0013229349532206686;0.01228310212661273;-0.017119574219234518;-0.007932751164399503
32.126;0.0002129586173033937;0.0005553299828948241;-0.001322932692575278;0.012271647372022682;-0.017127756917777282;-0.007932691923474603
32.21;0.00021320418221738765;0.0005552332343473677;-0.0013229344973933002;0.012264020761595672;-0.017133190313177005;-0.007932650843080934
32.299;0.00021357255310883546;0.0005550882455980827;-0.0013229328881582535;0.012252555431775525;-0.017141356200425062;-0.007932591449512322
32.381;0.00021381804872252605;0.0005549913731440987;-0.0013229328288075401;0.01224490702969247;-0.017146793083867084;-0.007932551662245943
32.471;0.00021418624551079675;0.0005548459724065087;-0.0013229313496248669;0.01223343829513259;-0.017154950490886268;-0.007932492746487486
32.565;0.00021443161996264942;0.000554748819351083;-0.0013229317414351252;0.012225784017442802;-0.017160375817238647;-0.007932452816605486
32.647;0.00021479955532052435;0.0005546027228913949;-0.0013229324226636625;0.012214308213280194;-0.017168504602692296;-0.00793239268868215
32.737;0.00021504483402599856;0.0005545053601333772;-0.0013229327313323813;0.012206647044156768;-0.017173930229211615;-0.007932353612249305
32.831;0.00021541263362986256;0.0005543590016793508;-0.0013229321182154435;0.012195165072749377;-0.01718204900463365;-0.007932293903793275
32.915;0.00021578035608905987;0.0005542125017277181;-0.0013229315317068425;0.012183669051392697;-0.01719016260350083;-0.007932234595088076
33.003;0.0002160254169110197;0.0005541145998171008;-0.0013229314845702325;0.012176000726737057;-0.017195571860015142;-0.00793219545769738
33.1;0.0002163929789252176;0.0005539677361514979;-0.0013229300158288503;0.012164499540348291;-0.01720367244988935;-0.007932136301600964
33.186;0.00021663789874886;0.0005538694691993567;-0.0013229313935411327;0.01215682057323256;-0.017209065468719212;-0.007932096661295275
33.282;0.00021700529120892263;0.0005537222328572777;-0.001322929692253645;0.012145310960551907;-0.017217159286776616;-0.007932038166343598
33.363;0.00021737249897741333;0.0005535744968637323;-0.0013229306136358196;0.012133797867844093;-0.017225235492058177;-0.007931978852519369
33.456;0.0002176172870404438;0.0005534760183984932;-0.0013229297229577102;0.012126116435811058;-0.017230613971972362;-0.007931939335539023
33.546;0.00021798435776067314;0.0005533279695744804;-0.0013229298892394404;0.012114594370678914;-0.017238686399712683;-0.007931880977504059
33.632;0.00021822900845479168;0.0005532291296440704;-0.0013229302055802836;0.01210690132492444;-0.017244066980728574;-0.007931842457453715
33.723;0.0002185958996790382;0.0005530807097143378;-0.001322929444827566;0.012095366990958745;-0.017252117067952853;-0.00793178352945979
33.809;0.00021896265918092708;0.0005529319448941542;-0.001322929638225362;0.012083833789878488;-0.01726015654628731;-0.007931724386506637
33.881;0.00021920711821480423;0.0005528326498092893;-0.0013229304227441291;0.012076120231562761;-0.017265524144193814;-0.007931686198520568
33.964;0.0002194515534253784;0.0005527333578734558;-0.0013229293323436624;0.012068433274778174;-0.017270886672513152;-0.0079316477012556
34.054;0.00021981813810545222;0.0005525842725767884;-0.0013229268330202052;0.012056876856342368;-0.017278913383334628;-0.00793158940629984
34.146;0.0002200624030942864;0.0005524845287130753;-0.0013229282484937363;0.012049180018412849;-0.01728426257610342;-0.007931550590425393
34.232;0.00022042874670348184;0.0005523348444673898;-0.0013229278940456112;0.012037619228976271;-0.01729226886694233;-0.007931491724399024
34.318;0.00022079499812405366;0.0005521849554368216;-0.0013229288265683118;0.012026051045510622;-0.017300285391080045;-0.007931434413217024
34.405;0.00022103910303933558;0.0005520848662124759;-0.0013229281558162973;0.012018337368853422;-0.017305619695201953;-0.007931395811991942
34.499;0.00022140519978522947;0.0005519346475736037;-0.0013229272525561316;0.012006755840816669;-0.017313618553516912;-0.00793133837183764
34.586;0.00022164916536602345;0.0005518342815153882;-0.0013229267421505674;0.011999032369330278;-0.017318933976027198;-0.00793129904421914
34.678;0.0002220150594167127;0.0005516835777561013;-0.0013229260232473351;0.011987456519163636;-0.017326915113558352;-0.00793124122339284
34.761;0.00022225893624259037;0.0005515829853704197;-0.001322926875153415;0.011979723283041508;-0.017332244465450418;-0.007931203872687883
34.843;0.0002226246732734867;0.0005514319415897221;-0.001322926128347282;0.011968131793443717;-0.017340224235436366;-0.007931147220135683
34.937;0.00022299024290808937;0.0005512805078698876;-0.0013229258485909468;0.011956533524512555;-0.01734817112172703;-0.007931088587656666
35.014;0.00022323390898465345;0.0005511794329839057;-0.001322926887045068;0.011948799921057126;-0.017353478805937798;-0.007931050664423709
35.103;0.00022359937123017008;0.0005510278000138963;-0.0013229256025962114;0.011937195748932948;-0.017361430750134844;-0.0079309936861761
35.196;0.00022384290371093535;0.0005509264587917697;-0.0013229251744519119;0.011929450371432625;-0.01736671931181798;-0.007930955080263473
35.289;0.00022420812024552563;0.0005507742292690776;-0.0013229258459594283;0.011917838617009515;-0.017374653131934484;-0.007930897739591335
35.375;0.0002244515892235765;0.0005506727429124657;-0.00132292417209174;0.011910081390305034;-0.01737994164856391;-0.007930860070889466
35.468;0.00022481661545338004;0.0005505200683134415;-0.0013229248127326252;0.01189847039069363;-0.01738786304344399;-0.007930802831888219
35.562;0.00022518155017058644;0.0005503671942628963;-0.001322926241803762;0.01188683589233835;-0.017395782838478993;-0.007930746358708673
35.646;0.00022542482436624928;0.0005502653026289374;-0.0013229238172601547;0.01187908031712327;-0.01740105024297274;-0.00793070815553912
35.737;0.00022578959360619548;0.0005501121077709102;-0.0013229238461359783;0.011867442475994805;-0.017408949880971174;-0.007930651224435597
35.83;0.000226154240123523;0.0005499586357203721;-0.0013229233914271046;0.011855807875674843;-0.017416835654064808;-0.007930593808559018
35.921;0.00022639730102938489;0.0005498562433080847;-0.0013229229802326284;0.01184802905571864;-0.01742210386570403;-0.00793055703484158
36.007;0.00022676177423943897;0.0005497023538242858;-0.0013229239028376126;0.01183638386337796;-0.017429992924938343;-0.00793050108944555
36.101;0.00022712612366044145;0.0005495482106106797;-0.0013229240812635509;0.011824728084086725;-0.017437859716191245;-0.007930444110042897
36.193;0.00022736901130628381;0.0005494454570436191;-0.0013229227003726171;0.01181695417916265;-0.01744311018829241;-0.00793040707026054
36.283;0.00022773318449859726;0.0005492909266411226;-0.0013229223799697447;0.011805287519499694;-0.017450969357243027;-0.007930350707444654
36.379;0.0002279758811980147;0.0005491877224236233;-0.001322922557156678;0.01179750444144419;-0.01745619777920442;-0.007930312634961417
36.463;0.00022833993018396987;0.0005490329437036845;-0.0013229219636781144;0.011785838655963839;-0.017464059215866225;-0.007930257598491865
36.545;0.00022870376448221537;0.0005488776821754833;-0.0013229217142384563;0.011774151305818336;-0.017471876659536985;-0.007930199801865167
36.61;0.00022894632108897228;0.0005487741459647563;-0.001322921980287132;0.0117663578239081;-0.017477117531615717;-0.00793016407455866
36.696;0.00022918878225216313;0.0005486704401582558;-0.00132292173437542;0.011758571685707665;-0.017482322052457366;-0.007930125584850466
36.787;0.00022955244188011456;0.0005485148153494752;-0.0013229205782803817;0.011746879065721284;-0.017490149883097304;-0.007930070309424735
36.87;0.00022979476013734317;0.0005484107723602548;-0.0013229215366501587;0.011739080704851607;-0.01749534804859141;-0.00793003213469216
36.959;0.00023015823544549917;0.0005482547483575645;-0.0013229207247361773;0.011727386410583624;-0.01750316525237424;-0.007929977109482442
37.051;0.0002304004531948339;0.0005481504798502893;-0.001322921230666178;0.011719571128023874;-0.01750836490423511;-0.007929940000573333
37.131;0.00023076371596481745;0.0005479939381656566;-0.0013229215222089457;0.011707863024410849;-0.017516170671910535;-0.007929885267716794
37.131;0.00023100580552071833;0.0005478894500412008;-0.0013229209844006604;0.01170005455136565;-0.017521348132724077;-0.007929847021870363
37.222;0.00023136892746545532;0.0005477326689888596;-0.00132291991211951;0.011688339967592049;-0.017529137191932456;-0.00792979215113636
37.309;0.000231610927019446;0.0005476279688057052;-0.001322918581047777;0.011680526534834852;-0.017534320547011584;-0.007929755216669119
37.395;0.0002319737898988737;0.000547470553943979;-0.0013229193515101774;0.011668800759782643;-0.017542089577611948;-0.007929699869189712
37.485;0.0002322156161608183;0.000547365442835961;-0.0013229199508234882;0.01166097392094081;-0.017547258120856515;-0.007929662546211438
37.571;0.00023257834710646382;0.0005472078104618407;-0.0013229188700297993;0.011649246752079862;-0.01755501625642567;-0.007929607490234556
37.662;0.00023294095604969666;0.0005470499095559711;-0.0013229181434405483;0.011637498974025875;-0.017562769328539934;-0.00792955289074593
37.754;0.00023318260895504285;0.000546944451577972;-0.0013229182484878032;0.011629670557637629;-0.017567924624696703;-0.007929515704196505
37.843;0.0002335450015705772;0.0005467860193754497;-0.0013229191387913388;0.011617925536688941;-0.01757566808803216;-0.007929461355697689
37.939;0.00023390731279799247;0.0005466275097125439;-0.0013229181610689097;0.011606176345118367;-0.01758339344166016;-0.00792940627500751
38.025;0.00023414873332320687;0.0005465215048974837;-0.0013229182983111854;0.011598331804918025;-0.01758853207430994;-0.007929369077411968
38.115;0.0002345108474376166;0.0005463625718718345;-0.001322918056964592;0.011586575861992429;-0.017596243903867832;-0.007929314044819167
38.203;0.00023475223627471075;0.0005462565719460974;-0.0013229172062536741;0.011578735143921616;-0.017601396208536412;-0.007929278703162197
38.285;0.00023511409661202155;0.0005460970163638714;-0.0013229181578400216;0.011566964458983121;-0.017609089000153195;-0.007929223339502122
38.376;0.00023535534159023998;0.0005459907147468682;-0.0013229164511978793;0.011559117483019911;-0.01761421889553032;-0.007929186984007124
38.464;0.00023571702919493508;0.0005458307999895579;-0.001322917547636447;0.011547335229204378;-0.017621902759224754;-0.007929132123198278
38.557;0.00023607868014782323;0.0005456708769486054;-0.0013229162245024903;0.011535545095022151;-0.017629586481560426;-0.007929078083995471
38.649;0.0002363196623958608;0.0005455639808184351;-0.0013229162806521325;0.011527690420313203;-0.01763469697412442;-0.007929041330414091
38.734;0.00023668111562773336;0.000545403593832995;-0.0013229154858275527;0.01151589701155265;-0.017642375419514245;-0.007928987983761872
38.831;0.00023692201379903394;0.0005452965776995675;-0.00132291414506873;0.011508032636135259;-0.017647469120532885;-0.007928950753987044
38.918;0.00023728318608654274;0.0005451355739312836;-0.001322915700054069;0.011496237495127286;-0.017655115161151404;-0.007928895779170709
39.0;0.0002376443117496392;0.0005449745148267532;-0.0013229147570485162;0.011484434750992095;-0.017662756624977172;-0.007928841260578275
39.089;0.000237885002771536;0.0005448669933961767;-0.0013229152583239005;0.011476561936722992;-0.01766786236900766;-0.007928806235710408
39.161;0.00023812566366427545;0.0005447594890247619;-0.0013229128800815774;0.01146868219981457;-0.017672945195696142;-0.007928769779950717
39.252;0.00023848651737760391;0.0005445978090592365;-0.001322914636823049;0.01145686531429198;-0.01768058447964914;-0.007928716721648306
39.339;0.00023872701410420247;0.0005444899418355778;-0.0013229132697408913;0.011448988624716714;-0.017685651528513414;-0.007928679628556876
39.429;0.00023908765866805746;0.0005443278414667329;-0.0013229135505161318;0.011437155681899723;-0.017693266821479484;-0.007928625911949257
39.52;0.00023944818143881738;0.0005441654844080045;-0.0013229143014644423;0.011425329732614264;-0.0177008724549201;-0.00792857196154572
39.606;0.00023968848449414362;0.0005440571817991915;-0.0013229136293202908;0.011417436807506239;-0.017705936471883028;-0.007928535973002464
39.695;0.0002400488979947501;0.0005438946757364143;-0.0013229111559385906;0.011405594138111458;-0.017713531167819572;-0.007928482522807883
39.789;0.0002404091065466255;0.0005437316752859274;-0.0013229122653547539;0.011393767042833649;-0.017721116738571113;-0.007928428667564968
39.883;0.00024064921165275734;0.000543622979588778;-0.0013229109648371794;0.011385851927556978;-0.01772616030613443;-0.007928392455561765
39.972;0.00024100922142094734;0.0005434595539328014;-0.0013229113740447238;0.01137400148423926;-0.017733726982079496;-0.007928338445863492
40.06;0.00024124920586085014;0.0005433505898313842;-0.0013229113333961232;0.0113660976978834;-0.017738778511870563;-0.007928303438361359
40.145;0.0002416090648479946;0.000543186881157576;-0.0013229109806788763;0.011354234079301391;-0.017746337139436425;-0.007928250050329091
40.239;0.00024196877727520645;0.0005430228728778943;-0.001322911624413745;0.011342378582623304;-0.017753882409688254;-0.007928196083298065
40.326;0.00024220855075121953;0.0005429134341430362;-0.0013229112072930286;0.011334456638927085;-0.01775891757358161;-0.007928161137480075
40.422;0.00024256810461891897;0.0005427491554643253;-0.0013229098177201955;0.011322579778719026;-0.017766443437102885;-0.007928106983991488
40.495;0.00024280771187057187;0.0005426393364100187;-0.0013229106981504008;0.01131467094717025;-0.017771473170922602;-0.007928072109202697
40.592;-0.004983765521645765;-0.0027360280549875884;-0.0009661618932091935;0.011802392578141412;-0.01826760485892188;-0.005668719190143079
40.672;-0.031790739546652715;-0.01814822352213443;-0.001184038251913085;0.012174478076703542;-0.018262295800488763;-0.016258866068733932
40.763;-0.07468271640826106;-0.04278085902461232;-0.0011473938753427486;0.012097507075266436;-0.01839674065054007;-0.03471599840825802
40.843;-0.10295475490011158;-0.058705267444235425;-0.0011732801591465478;0.01196650978776292;-0.01839994037447976;-0.046773709050208126
40.915;-0.13440262001272074;-0.07610933900014892;-0.0011435604922871373;0.011904131926341339;-0.018529629982294057;-0.060195760372677765
41.005;-0.18765734792198366;-0.10444625821446146;0.00013360731396064925;0.005179084966543519;-0.02005465545922939;-0.005687181989323088
41.09;-0.21993271563014932;-0.12213696906987269;9.569566698734396e-05;0.004952971125585822;-0.020150450492778967;-0.004312390421706808
41.175;-0.2671576753419804;-0.1419152663995316;-0.0031597587470994183;0.015880771765485583;-0.030280863054937077;-0.022234687738293176
41.262;-0.2939237902065682;-0.14010852620037384;-0.00031684792769926223;-0.0069860721829043265;-0.03227883423797848;-0.1119946820827839
41.346;-0.33086331047187995;-0.1240283145156961;0.0008285582093271802;0.004594540073046852;-0.013563271845825847;-0.27599345639005446
41.421;-0.35160832073566434;-0.11419943874082329;-0.0013359297664426268;0.012981815160184583;-0.017552078452415545;-0.25821603396538007
41.508;-0.35190944432353105;-0.1351177433068716;8.230027164883162e-05;0.007059322961440266;-0.019471334815974135;-0.12768452987370252
41.598;-0.30867245107385866;-0.17927131041796734;6.408256697005134e-06;0.005644605522816253;-0.022951204643687086;0.14425631658030483
41.672;-0.22924454180326917;-0.24154855181901114;0.0013210547668619566;-0.0027451481650245515;-0.026340831722648138;0.14384072398520534
41.74;-0.12546868660032456;-0.2884733327843878;-6.572796297344788e-05;0.0017435603609957607;-0.015673987110795446;0.23053431198455138
41.812;-0.07000905621195344;-0.3065354370297497;-7.336758663544854e-05;0.0038622467926745776;-0.02080850443771288;0.3025182623085481
41.889;-0.018476495448637456;-0.3148280253771773;-0.00010697452325796861;0.004140111986492291;-0.021541253348129584;0.35802042426869335
41.982;0.018835970906320054;-0.3178230555376685;-0.0018042861162823449;0.02027269697981042;-0.019891775096886524;0.37442625774886523
42.068;0.04968228420957714;-0.3268356043884935;-0.00017080036641356253;0.005057841317091666;-0.021155243429886547;0.14689294936022187
42.16;0.08624997090140132;-0.3272810003857514;-5.6594305841457744e-05;0.005458801664182731;-0.020535011148371606;0.20903695795784094
42.239;0.08439850212145436;-0.34341180285434125;-0.0013012958464983636;0.013309794837470967;-0.017099304758041247;0.2559924238397235
42.323;0.11288330679616458;-0.3335790932220413;-3.0210488699816804e-05;0.006148598256238036;-0.01952630779016;-0.16094741000363763
42.402;0.07940834983674545;-0.35446571764079066;-0.0012334528282069213;0.014597847310698043;-0.015380087228270244;0.036652141327614365
42.489;0.08491040193442718;-0.3654186155381034;-0.0012272195842814436;0.012598833517166222;-0.01501525640341936;0.14804775740061604
42.579;0.08241787064826973;-0.371860116215599;-0.0014104374191499691;0.01380402861801788;-0.017593903872999445;-0.1076427170116259
42.661;0.04447910634040295;-0.3780904583992624;-0.0017602937024119544;0.012771828791691463;-0.009195841134495921;-0.129900576230897
42.745;0.03314125321331552;-0.3736934420576522;-0.0028240806326789818;0.020871049242474623;-0.024936769614452042;-0.10062424526212431
42.817;-0.06917749418155679;-0.37123514052213225;-0.0012945050544739371;0.017986551740591175;-0.020014078959014907;0.032755456710746575
42.903;-0.07051668321228698;-0.3830092605231755;-0.0013024811272382862;0.01306176831466035;-0.01667101619086079;0.035524051622318566
42.989;-0.07031847341001309;-0.3903056575271784;-0.0013715033838114419;0.01307560582220985;-0.0177571303772104;0.019415837090467927
43.066;-0.07037847033279056;-0.39200924771710777;-0.0013250049817597042;0.013256002274447773;-0.016657917438331022;0.007323118093971973
43.15;-0.07233073673367454;-0.38546228046885433;0.007227459276683101;-0.009562447996577133;-0.009464509219710931;-0.28218044526157987
43.232;-0.08428741468152318;-0.37323673918730704;0.0018571481832081284;0.014837978217119312;0.00253013027430201;-0.5171646622564147
43.316;-0.09722139440850253;-0.36546244633972924;0.0018746182382330455;0.015371625374446045;0.0037220690902678437;-0.5952943778293414
43.392;-0.11281819072661368;-0.36593680547731516;0.0018984514879699364;0.015787691473959177;0.00343864322276695;-0.5340300620319653
43.476;-0.13164217593258015;-0.363452252498634;-0.000318851601837382;0.001335147277161433;-0.018108200947260948;-0.44594143167293365
43.555;-0.1450225361537402;-0.3618785657897844;-0.0012447330869649709;0.009506907467898378;-0.020595792828974422;-0.3919625844046919
43.637;-0.15935629893417444;-0.3616994988461384;-0.0013285577509841787;0.010271883075537556;-0.021804480579119996;-0.19873539049743258
43.72;-0.16491239541850927;-0.36104767868240323;-0.0011886320191317715;0.009624757412453113;-0.017888898792230688;-0.16863323707370387
43.795;-0.16704188331456185;-0.36096816966426326;-0.0013219873752331182;0.008649237641517168;-0.019864962271286486;-0.14189725582594184
43.875;-0.17132856343023298;-0.3602968294549939;-0.0013240746147852118;0.008418209007444364;-0.019854970906567158;-0.0813275443000215
43.962;-0.1743523451784365;-0.3590376514514577;-0.0013231669967272712;0.008250078180899146;-0.019906836132897832;-0.08148132891018829
44.051;-0.1773128366422416;-0.3576429303789066;-0.001323357806622216;0.008086874128754666;-0.01997265977646461;-0.08149637990227708
44.117;-0.1794812525015386;-0.3546295575529027;0.001876130918058638;0.01759703136104061;0.003888926896608754;-0.17884055182504507
44.188;-0.18394381169952623;-0.35339795246430533;0.0019420410459173591;0.017154514212106498;0.0018831016534500377;-0.15580089651043633
44.263;-0.18777527857188267;-0.35005798370910424;0.0019257903713164972;0.01697176598950118;0.0014768912735801806;-0.21728313988289435
44.353;-0.19276494291256593;-0.3455202413176335;0.001921691218388578;0.01671982339748785;0.0007796963671974652;-0.27667121401251904
44.443;-0.2022173638047709;-0.3406823646383119;-1.0983941070908185e-05;-0.0007626598046357759;-0.020533060788271856;-0.15163163788337225
44.517;-0.204439755169285;-0.3389506448617753;-0.0014216004634837404;0.006813244488962911;-0.021511408390155043;-0.20122636033866032
44.606;-0.21189548437634223;-0.33545681538285343;-0.0013139465210882315;0.005923766610144166;-0.021137667145167415;-0.20352672912278386
44.678;-0.21667325256099432;-0.33404983119219284;-0.0013221694481964736;0.005745136380719833;-0.02087502668911858;-0.14207771860598972
44.767;-0.21819739680398503;-0.33417606693857427;-3.076363086737988e-05;-0.0015477674969794886;-0.01954756472255528;-0.008702254515074547
44.854;-0.22157521455925341;-0.33262409618962463;-3.075599023119176e-05;-0.001912431814074393;-0.02020447722165548;0.0014474121094671347
44.934;-0.221015403242796;-0.33077475427513675;0.002096654643821476;0.016408358078549703;0.00017895685392043808;-0.15537477944057182
45.023;-0.22467536829228163;-0.3273485047904985;0.0019388989829670746;0.016962238224789716;-0.0004998406937438487;-0.2156100533317371
45.103;-0.22567859233766666;-0.3276081310296685;0.0001399979272971747;-0.0008515817396741456;-0.01885033254020558;-0.043040909084345866
45.186;-0.23093608821453315;-0.32485260603733296;-0.0013110598173370048;0.004716313747854149;-0.021117357167806227;-0.08057988851778024
45.275;-0.23212466044769678;-0.32038665044353964;0.001949009540482338;0.015444487378014751;-0.0024830391317912748;-0.24004968160025897
45.353;-0.2376083885356895;-0.30555274185188086;0.0018860772730692563;0.015529602772450376;-0.002840737862428965;-0.45651949550851023
45.438;-0.2468148779895372;-0.3015797183598613;-0.00032037512336429244;-0.0046999937030360785;-0.017414387803154893;-0.3786830589574315
45.525;-0.24974780806554966;-0.2912550455853739;0.0005409813750322178;0.017675884510803742;0.009466707331464439;-0.4929063483171559
45.603;-0.2660555747898053;-0.27775375582410755;0.002013569502932663;0.01474065521875557;-0.00438790201886722;-0.5345040545650815
45.689;-0.2803122127432048;-0.26227469983121793;0.0018837349705766683;0.015363962366824786;-0.004847965791371653;-0.5347610271638448
45.775;-0.28963388432587406;-0.25902870971366854;-0.00022717606695727972;-0.006928483432409061;-0.016998486392060634;-0.3937688956136126
45.856;-0.30258287248974636;-0.2559198020612456;0.00033835294213515916;-0.005788120848500935;-0.019095283938375257;-0.02199134083902953
45.939;-0.3040088184804914;-0.2533602062229064;0.001956908754223906;0.012456904478163148;-0.011173601525541631;-0.19715366632039052
46.024;-0.31065802728405556;-0.2474140138474036;-0.0017102473177540668;-0.0002452183360140701;-0.0222451063597359;-0.13836129587784388
46.105;-0.3135911284092703;-0.24596227667028903;-0.0013161425248915974;-0.001293218557483733;-0.021383284285647872;-0.08118818288406242
46.193;-0.31520557596501264;-0.24449228573167878;-0.0013220641842505787;-0.001424376565424273;-0.02150204719198268;-0.08136870312071726
46.278;-0.31590165442287704;-0.23837494897066655;-0.0014419105884579222;-0.0038016398811527717;-0.023329969925358053;-0.23545017320362133
46.361;-0.31963683192603826;-0.23235877757165888;-0.0013084916506850139;-0.0024470452264565064;-0.022029060117309183;-0.26596612617337634
46.454;-0.32694401058227646;-0.22526371362796302;-0.0013170690263901732;-0.0027806368902485116;-0.021671811994040804;-0.20370485773233654
46.542;-0.3300732442225269;-0.22081614549574727;-0.0013141688193207264;-0.003163773058931392;-0.021721440538198633;-0.20358281390734068
46.542;-0.331604133382353;-0.21855296550395084;-0.0013145381344009577;-0.003312043782284916;-0.021697012782063194;-0.20359280678326666
46.61;-0.3359347384881585;-0.2149032202367666;-0.0012747000622756318;-0.0033781645732937583;-0.020923888010461047;0.0075313107015176845
46.683;-0.336201153791958;-0.2153466645081432;-0.001330693140241135;-0.003189985272062163;-0.021036341012722594;0.007392839535101926
46.762;-0.33577810095328026;-0.21550480427541346;-0.0015004894207006638;-0.006071820088881155;-0.023052245198405884;-0.04345181080313948
46.853;-0.33785358008615624;-0.21301705319537004;-4.826514573972243e-05;-0.010180550412864755;-0.017750651811915708;0.0029677624453167905
46.935;-0.33794757115088814;-0.2135195546266211;-3.164364776212018e-05;-0.009984621247772066;-0.017666294989166054;0.0016113139477152785
47.008;-0.3356582053035595;-0.21070809056983256;0.002088603116994044;0.015099087406306786;-0.007416555352849837;-0.19599202224468898
47.1;-0.337647346934053;-0.20461904970317238;0.0019233245204496505;0.01510445712267292;-0.007467781109746807;-0.2787085495410527
47.183;-0.3441225055401814;-0.1993959716702362;-0.0012887554895360527;-0.004465581814485499;-0.02170974314926345;-0.14154315519063576
47.274;-0.34635730042203783;-0.19628332025351927;-0.0013193432720298498;-0.004624931052508803;-0.021238471061581624;-0.14184626488268356
47.353;-0.34837205543522143;-0.19304509054857946;-0.0013182182079005036;-0.004829284351214826;-0.021200136229557753;-0.1419147523766805
47.436;-0.34938285895523297;-0.18481838030951564;-0.001327130854014804;-0.005910414293776924;-0.021668142405022465;-0.2615916576161899
47.531;-0.3527254343557196;-0.17851986848907686;-0.00131065226086419;-0.005925083905261728;-0.021362984636201454;-0.265856379700146
47.608;-0.3575200771727216;-0.1689881683473219;-0.0013110608948753637;-0.0064997184309971145;-0.021196957690991638;-0.26590402166274457
47.608;-0.36170434994384165;-0.16481135238264732;-0.0013271431460141203;-0.006576514369173436;-0.022856026211910605;-0.1393093446293521
47.775;-0.3624345419600658;-0.15669083137018508;-0.0013071523222226984;-0.0073307580968640035;-0.021049170146794395;-0.2651522718494423
47.853;-0.36684250953452774;-0.15335037862533102;-0.0013296706119093305;-0.007215786469509943;-0.022520556252051897;-0.0785236219764307
47.944;-0.36842598572843477;-0.15183805534839376;-0.001325098451124238;-0.007082534795330426;-0.02029848781740784;-0.08116385953734617
48.017;-0.37009601959724076;-0.1505746858199379;-3.080154939970632e-05;-0.012941067645145542;-0.015637841270286137;0.0014299414688803975
48.096;-0.3703001089702878;-0.1507296069134232;-3.177997988820498e-05;-0.012947240437153916;-0.015638909494795045;0.0015946910582652857
48.179;-0.3703467561009384;-0.15088503998265979;-3.197502315019558e-05;-0.012942180086716158;-0.015641281973953085;0.0016001993683165087
48.267;-0.37033018127597267;-0.15096957208558934;-3.200703797372141e-05;-0.012938834010994596;-0.01564371772763422;0.0016009594109104186
48.35;-0.366752338800503;-0.15174217507142618;0.002456754054018534;0.009883073727545665;-0.008024643170365778;-0.12527723575058242
48.424;-0.36955008206454604;-0.14839890425247063;-0.001295368726126389;-0.007246655134450657;-0.02055145502380102;-0.021613892955095283
48.505;-0.3704835738499683;-0.14811819127968645;-0.0012757254541106444;-0.006088454193115107;-0.019626460654456335;-0.004757504806574861
48.587;-0.37073044767307184;-0.1484508076435154;-0.0013304593763146114;-0.007088376107234941;-0.02006381536399297;0.007467970314137007
48.673;-0.36993393133106195;-0.1475241856848662;-0.0014285367252128258;-0.009503158671207398;-0.021239049774353147;-0.11318805978820186
48.758;-0.3683612751346674;-0.14929667492398244;5.129826695128857e-05;-0.01120213140957097;-0.01475734335630362;-0.05315941663916465
48.839;-0.37248759632058;-0.1429923805957529;-0.0012783870156657157;-0.0063501671108257985;-0.019492438692511216;-0.004779420163054511
48.924;-0.3727411263607314;-0.1433223042888157;-0.0013302693404600705;-0.007365167997000691;-0.019965446509273597;0.007469699869130668
49.007;-0.3647564114184701;-0.14564611600747748;-0.0002117145992562014;-0.015453645207786583;-0.016192923015752154;-0.0336831909991839
49.082;-0.3191394892869967;-0.16454306533770524;-1.9882412079790738e-05;-0.013859667925052997;-0.01597747069714855;-0.2601555666806128
49.165;-0.30201980152501073;-0.17312639806231678;-6.535834920506364e-05;-0.015209565691087133;-0.01644798348273136;-0.41194821145174587
49.239;-0.2960983359737948;-0.18544807478146974;0.00018999607767858118;-0.014094693137952377;-0.016242472601782958;-0.4409345905626665
49.31;-0.2952451941490809;-0.21100388925959324;2.2798167454150136e-05;-0.014827426980408188;-0.014602832578899346;-0.2856042612038337
49.392;-0.30254539322883167;-0.23171582579811295;-3.8211448279965385e-05;-0.014856267690786854;-0.013638457484887368;-0.0012161641907977433
49.474;-0.3028661108812822;-0.23766154890992094;-3.2903697629274207e-06;-0.014673933064397876;-0.013674735975240182;0.09323206387952526
49.552;-0.2716246023743678;-0.24764664107082682;-2.4759500459781375e-05;-0.01512307721450159;-0.013886482202609306;-0.1504463872646718
49.632;-0.2521958912598715;-0.2672950428225927;3.746160400093431e-05;-0.015674066461648796;-0.014024630457387827;-0.21165430232298993
49.704;-0.27891591199155447;-0.22603060633266364;0.00029582337739458115;0.015133430394138805;0.011603036131955784;-0.0017539635217280315
49.794;-0.2647652446313386;-0.2379746061078534;6.100856868993684e-05;0.01539306137869436;0.013096652718232406;-0.14243889472918247
49.87;-0.2504731292477212;-0.27343143160670336;-0.0006348024376944669;-0.016664384412250533;-0.009556885015240836;-0.03820912449282398
49.951;-0.24992043731081992;-0.28820599596266355;-0.0013251790073666556;-0.009773807287807254;-0.01815008607472104;0.03516643446792838
50.022;-0.2531123882003197;-0.29248107377225285;-0.0013650877826175119;-0.010048660626126839;-0.018486009776767554;0.01653201325448674
50.102;-0.2528078971295475;-0.29577670078900903;-0.001156991596515269;-0.008414787335904237;-0.016571273102348856;0.07414531994816301
50.185;-0.21063509170514594;-0.31646430904361683;-0.002127472897489556;-0.011068942621323324;-0.027911007138715537;0.09271927298309998
50.27;-0.19287038462356576;-0.32752896836957485;0.0012963134712035362;0.009628028871852781;0.017826739126890284;0.1819578939156941
50.359;-0.19182058411112501;-0.3328959926807485;0.001333372488702239;0.009235362619872565;0.018144181741109426;0.09293421762587478
50.434;-0.22312988863228372;-0.3025614716543311;0.001116540278761322;0.009724789706619216;0.017241475068820674;0.2450251299976883
50.52;-0.18723925497981617;-0.3240999635296726;0.0017337735827651893;0.01030147139739509;0.018619407297946432;0.20966315451372577
50.606;-0.14225003030599065;-0.33073545252778;0.0020504045386269616;0.008952867146565565;0.020358792961093265;-0.08386375896009819
50.682;-0.159785255035353;-0.3278014979436009;0.0011143432169068985;0.008286973818422574;0.017301282948709064;0.10435367835719365
50.763;-0.167368155182147;-0.3378614462201432;0.0013446986376812347;0.008613041285092946;0.018571831487773135;0.21178860741702268
50.837;-0.1405169621984389;-0.3505199293194554;0.0038509855029285125;0.010706155281189908;0.014522375473795283;0.10461157477683629
50.921;-0.11401114703171648;-0.35971275619923604;0.0014560941658821995;0.00757714150450449;0.01969846853763617;-0.08085946919696299
51.003;-0.18072764585335216;-0.3133319636924705;0.00010660384254452458;0.0036072552061073297;-0.014033095164646592;0.1961951346397191
51.085;-0.1767862499490557;-0.30769350704741244;-0.0012705097767348034;-0.00759686458595701;-0.01938834046307759;0.2964925944629531
51.175;-0.17500869130203492;-0.31307957871825437;0.00018263097645614416;0.003105567271020005;-0.012625159735036818;0.20177234220385704
51.258;-0.17714360830138845;-0.31653943249558003;0.0013396524566318922;0.007143333163152427;0.018498633275988868;0.29576988605925936
51.331;-0.17419183166995042;-0.32211643223327474;0.00145323716861755;0.0074807441261092915;0.019460562465841342;0.47943669354480756
51.402;-0.16185835981000535;-0.3294986139214328;0.0015027339413529392;0.007478435730700743;0.020079239911133754;0.5671534888040833
51.475;-0.15927057886546664;-0.33748213430339313;0.0002616302406482193;0.013518112338228408;0.01724663644436492;0.46240266194308727
51.558;-0.1474909041263416;-0.3540752352685382;0.001362140134991981;0.004703218290581879;0.020225073859734044;0.2894568172252316
51.647;-0.1454147540424725;-0.3589485238893557;0.0013383637658362503;0.0038397508154635494;0.020201612563837807;0.16293644500508406
51.734;-0.14330876573351137;-0.3620729345797487;0.0013087444665675592;0.004008225637875853;0.02084697821891491;0.0628636319404389
51.817;-0.14247412662074094;-0.3634841109368002;0.0013275244042824793;0.0031268990845443774;0.020278010067215097;0.037516790300973255
51.891;-0.14218069640996486;-0.3641322463487091;0.0013210611592444038;0.003012486125511901;0.020386086541149786;0.0056839436741367546
51.976;-0.14217162642507467;-0.36444615877120773;0.0013233772441901643;0.0030039943799895;0.020361350329418125;0.006007516851252267
52.062;-0.14209258527019264;-0.3646127808425;0.0013236190202566603;0.0029945691742328533;0.02036151237169072;0.005998238512131364
52.149;-0.14409152972866376;-0.3624676494580974;0.0013027229945050311;0.0029582701999296564;0.02075109121068034;-0.08898328919496455
52.231;-0.14500721686707507;-0.3634230303535313;0.0013222237873858663;0.0030995388254379795;0.020388792515981625;-0.024824141391611477
52.303;-0.1447670369771703;-0.3637553887565848;0.0013237436384606145;0.00313835796399986;0.02033907133257162;0.006036816032197602
52.395;-0.14462478901646322;-0.3637631208312294;0.0013238796354006926;0.0031305571410972905;0.020338958717222973;0.005991824426549982
52.475;-0.14208237972839627;-0.36470386512314695;0.0013550895026790911;0.00279452879935361;0.019809087425998743;0.08716509849615271
52.551;-0.13556258717802677;-0.3659431897069347;0.0013516021829915034;0.003173123526423502;0.020177955094544262;0.16534009039876169
52.641;-0.1312744310587755;-0.36770232214154874;0.0013353191320625633;0.0026959754761649245;0.02031186171467318;0.10055247978381328
52.728;-0.0838308779868628;-0.37053827528589267;-0.00030065182026569866;0.0065624450646442865;0.010238054064770706;0.1876325790540405
52.81;-0.03170019839762893;-0.36348219568965096;0.0017608262382898946;0.0018230654471900198;0.021842656469888522;0.25730002777564653
52.895;-0.007525283313137688;-0.3654543729745679;0.0015349802424791668;0.002608554639842987;0.02108719371529467;0.25845616822496487
52.974;-0.06297187181826515;-0.34269435720397495;-1.478591910085631e-06;-0.008462172820430968;0.009013904255578577;0.38493671902354193
53.063;-0.019693208863719044;-0.352879405682561;0.0008098467441308917;0.01098446536388075;0.01755257530436873;0.2540049674783365
53.145;-0.021523044397483693;-0.3520738593657864;-0.0008675247444105296;0.0007280261199205448;0.013813187136260658;0.02805703325999793
53.23;-0.037104593223007694;-0.34819410941978335;0.0014644196367527879;0.0007053043740460539;0.02144821537464025;0.149880533020348
53.314;-0.05675108329547115;-0.3553509720866243;-0.00036463668987936164;-0.008051582022015787;0.00891711853105148;0.1822454221436204
53.314;-0.06319485472509273;-0.36002328356407853;0.0011634873977651515;0.0003670812657992085;0.02023284491913247;0.33153004153423926
53.483;-0.054079690789765475;-0.3746443997185205;0.0013753131082964007;-0.00011060502443864706;0.020891115986585006;0.35048833063037166
53.569;-0.047052328376529215;-0.37980815572754945;0.0013286776595686062;-0.0002008577537462653;0.021495489369440228;0.3172684245557096
53.657;-0.03868978755426742;-0.3846436698785455;0.0012928184913205115;-0.0006737542537571756;0.021950620835254144;0.21791418391099193
53.741;-0.036717221161692036;-0.3867023223034382;0.0012975010785947988;-0.0013309760145841017;0.021814825035290423;0.0897838783605408
53.823;-0.03568010416765806;-0.38859631267719813;0.0013200672458099814;-0.0027447158356429554;0.020447159557167766;0.005757665905225432
53.89;-0.0356184580235715;-0.38927046247480634;0.0013230206648921889;-0.002752927403084259;0.020415557363429367;0.0060251670831853125
53.981;-0.06525703976461364;-0.38172363703873663;-0.0006907986250411938;-0.0074527949102147295;0.011031683087885158;0.01114479586973989
54.065;-0.10252949348305823;-0.35579676277707595;0.0002826765341550697;0.006006325359853907;0.01904039043491417;0.06857882806988436
54.149;-0.08222353532107968;-0.34763287145224414;0.0010326828931462569;-0.00019819722066297652;-0.017380743606643694;-0.2004161058827807
54.232;-0.05836438413941096;-0.36434240412286084;3.0067069594408248e-05;-0.005557402198899881;-0.020374913279933224;-0.2116499409561701
54.319;-0.05364209190793735;-0.376501570116872;2.901778229741982e-05;-0.005801017998256754;-0.020185781686449033;-0.21773523778254283
54.405;-0.055151409735596686;-0.38646906787269053;0.0001936521888396966;-0.005544201478922635;-0.0193683460028662;-0.10461078100780984
54.491;-0.061268269893206447;-0.38673891528773235;-0.0013077330068721063;0.0014548098190165836;-0.02057286165247956;-0.026747868088103408
54.578;-0.06138796416059398;-0.38679304583761004;-0.0013263716765189201;0.0014127342525233281;-0.02052977610127197;0.004417783204589263
54.66;-0.06122102949195502;-0.3866783542152276;-0.0013242603714434175;0.0014250932732762273;-0.02054242141634334;0.004100035923936821
54.752;-0.061557915438569324;-0.3863098901551827;-0.0013697977805907722;0.0013700619669009485;-0.02105714370914041;-0.014629747025787166
54.836;-0.06217971619774886;-0.38620706249944803;-0.001318573404016792;0.0014525332592611395;-0.020627814386171197;-0.027350729672149784
54.92;-0.06268328700944642;-0.386415545461725;-0.0012736722752249433;0.0014674622612752424;-0.02010488135243295;-0.008638203260597895
55.006;-0.06262389619538823;-0.3864445820359954;-0.0013246128248887575;0.0013510556806075517;-0.020549960899749864;0.004152609461863093
55.083;-0.06858068447628614;-0.38273534469186304;-0.0012979619336805416;0.0013285148143140923;-0.021167153526012332;-0.15119313203796292
55.175;-0.07104779818709539;-0.3841646870072879;-0.0013132290283643614;0.0011032696170528613;-0.020857838278992895;-0.08899798552046832
55.254;-0.0745337738369925;-0.383654193594323;-0.0013099023309491415;0.0009308563188035786;-0.020886154570507284;-0.08975097076257958
55.344;-0.07686036984195421;-0.38323448554655964;-0.0013099712515901962;0.0008052203733337041;-0.02089062439727584;-0.08976302606306184
55.344;-0.08268699960901767;-0.38079150752668983;-0.001300410392532032;0.0005717182196609777;-0.02119627469025635;-0.1514697214073898
55.507;-0.08565759876035706;-0.3811480491014484;-0.0012040638463080772;0.0005694805674162456;-0.02013555427891592;-0.11430867613797402
55.507;-0.08683469781331139;-0.38209303123224136;-0.0013304041833782625;4.427489008620166e-05;-0.020549070269131872;0.005053973524286973
55.591;-0.08661087035628733;-0.381881964018537;-0.0013243146832315218;6.806816191167433e-05;-0.0205877974595731;0.004092055851771891
55.674;-0.08645603678586787;-0.3818068758889352;-0.0013242044702477785;7.344617863143461e-05;-0.020588767954349853;0.00410357391315025
55.757;-0.08624600467308283;-0.3817923650489915;-0.001324086220564065;8.305711396863282e-05;-0.020589430853584775;0.0041045208635879776
55.85;-0.08694740301692237;-0.38130465826972776;-0.001316896397481364;0.0001237037490280758;-0.020689804366618027;-0.027633175575874695
55.924;-0.10829651605703691;-0.3581021117347424;0.0003933012603526857;-0.004135072102073676;-0.015427297757573726;0.0849582812530866
56.006;-0.09515238149461014;-0.36336226162716895;-0.00014992946936039488;-0.008067362857091934;-0.0192082343715037;-0.08455064127979067
56.092;-0.08926874873551535;-0.37554127406832255;2.5893283147177882e-05;-0.007431978367282681;-0.019098837550744846;-0.16248429163851388
56.18;-0.09240061780242777;-0.37904320219699333;-1.1374144403462769e-05;-0.007696351990810211;-0.018753918849491513;-0.09917430030294296
56.26;-0.09432149860498033;-0.38016758754618457;-2.8523846684960313e-05;-0.007889467902861559;-0.018549938417228354;-0.034455899740461204
56.348;-0.09497959326777097;-0.3799128526992123;-1.4190345336984105e-05;-0.007872799571320869;-0.018547471501597045;-0.034748644584815414
56.423;-0.09482545762573881;-0.38006095456221917;-3.042025635778504e-05;-0.00796368274716516;-0.01849557146774824;-0.0019218142362421285
56.507;-0.09471490172439895;-0.37989956888436544;-2.332124821559283e-05;-0.007937112001513574;-0.01850443712074356;-0.0020857760150706163
56.594;-0.09472570973735145;-0.3798663090290454;-2.3344003090486538e-05;-0.007938303966704674;-0.018504573117909193;-0.0020855558478697286
56.679;-0.09474954487715219;-0.37984778102375066;-2.3353618491204613e-05;-0.007939733185273922;-0.01850421278294693;-0.0020855413560649533
56.753;-0.09476689911351371;-0.37984140626099866;-2.335485958226426e-05;-0.007940619057560444;-0.01850387505558599;-0.002085537982582466
56.837;-0.09479344444299972;-0.37983394077957155;-2.335616982157042e-05;-0.007941929595654148;-0.018503320102527764;-0.0020855347018262347
56.925;-0.09481123898208522;-0.3798293628707738;-2.335559982226748e-05;-0.007942800628182563;-0.01850294893078568;-0.002085533182284234
57.011;-0.09380065127220684;-0.38010409653978294;-3.9906252436514516e-05;-0.008001096560374133;-0.018487696709768985;0.03084483495419
57.1;-0.09284384075965657;-0.3801970277738749;-3.268865146068334e-05;-0.007932271486602596;-0.018513198698554764;0.030664420595034336
57.189;-0.09316242206061015;-0.38009338436011586;-2.3745407632995593e-05;-0.007866497767249148;-0.018539010377172493;-0.002059132724974357
57.269;-0.09215784851122809;-0.3804569742927749;-3.993162381415118e-05;-0.00792228382494612;-0.018523076403337092;0.030840953608685735
57.357;-0.09120797282657633;-0.38057627708260344;-3.2692342151757655e-05;-0.007853022731829433;-0.018547721165232074;0.03066283074865061
57.437;-0.08591238872152644;-0.3817231629690123;-0.0016608369413764973;0.007855938629464987;-0.02527043847027624;0.08855365990817565
57.529;-0.08570781193390602;-0.38158187163248886;-0.0013396917544438464;-0.00020931048744741483;-0.020355302825497884;0.09902631888221727
57.613;-0.07979440961218777;-0.3821102975829214;-0.0013558741196527976;-0.0001381090245740499;-0.020402292134366916;0.1631100554908271
57.699;-0.07547769708699548;-0.38282710916665263;-0.0013515258056507966;0.00010194274507007078;-0.020431326468610674;0.16250796172074386
57.784;-0.07354988723240563;-0.3831691780294319;-0.0014702763237793006;0.00031714229474986966;-0.021918040242319633;0.04242790486915041
57.876;-0.07328670703928873;-0.3839677741791121;-0.0013232134256409554;0.0007661004633769687;-0.02058256512113484;0.0041227023158995355
57.954;-0.07320571879300397;-0.3842592940385577;-0.0013236436749531344;0.0007774457700154242;-0.020579345430439603;0.004108378983308004
58.052;-0.07303640220899447;-0.3844467942961638;-0.0013239399853567162;0.0007904957573628146;-0.020577165515523355;0.004105879681809661
58.143;-0.07116637931311919;-0.3848120857031521;-0.001194575610996272;0.001034894920819094;-0.018967735025515235;0.05995063995363647
58.236;-0.06544203499587745;-0.38494452913233196;-0.0013502487219987027;0.0006484507274159096;-0.020330749421288465;0.1615181899830835
58.316;-0.06565359050682221;-0.3841493754462392;-0.001311966847623437;0.0011759568402285178;-0.020633614727561832;0.0025367581657884143
58.396;-0.06571626311505309;-0.38533651625670207;-0.0013231436696513527;0.0011711626877033915;-0.020564683348946036;0.004113719540889778
58.484;-0.06562958084727347;-0.38562592508376753;-0.0013236588472804794;0.0011824677060263812;-0.02056089787145267;0.004108568496060693
58.565;-0.0654565280044621;-0.38580974984771466;-0.0013239527377166683;0.0011954676094929587;-0.020558466547462323;0.004106013195223505
58.658;-0.06533000942059511;-0.38586726160569934;-0.0013240223942181256;0.0012030845866660997;-0.02055764532832956;0.004105418076043502
58.742;-0.06513459721985866;-0.3859205734327789;-0.001324061710732564;0.0012139970349451727;-0.02055679851706406;0.00410508781935606
58.83;-0.06747923544756211;-0.38405855619984186;-0.0013031080446627846;0.001309907477109841;-0.02090805996510224;-0.09057101748394239
58.923;-0.06858173132891081;-0.38519428276487716;-0.0013197397928103737;0.0011138959318336159;-0.02065503151422157;-0.02721761177989014
58.988;-0.06873248391076375;-0.38539485575229915;-0.0012736478595764722;0.0011521796652438358;-0.02012454631300373;-0.008632901167103024
59.076;-0.06860039753884267;-0.38539739059415984;-0.001324171204692288;0.0010310287052357355;-0.02056563665565426;0.004100482866564354
59.165;-0.06846144716431597;-0.3853836184270292;-0.0013241310014946485;0.0010375139071104387;-0.02056566914162031;0.004104376073470179
59.242;-0.06825921106316402;-0.3853978320985203;-0.0013240900467907366;0.0010477706346516786;-0.02056541767865625;0.004104718485371972
59.324;-0.06812600339657651;-0.38541634182584705;-0.0013240794287054346;0.0010547618817566113;-0.02056512030999375;0.004104805785806405
59.411;-0.06799327426678838;-0.38543753273672887;-0.0013240755086513414;0.0010617887780008655;-0.020564803362744237;0.0041048453114963315
59.501;-0.06779452891781707;-0.38547127574024237;-0.0013240738759337798;0.001072363936479313;-0.020564285461976164;0.004104870590846126
59.596;-0.06703275478435594;-0.38572030883242453;-0.0012796133565235973;0.0011552839957985237;-0.020038090873127797;0.022791207503154165
59.676;-0.06613122384745425;-0.3858284875409739;-0.0013297254531753743;0.0010710823247730467;-0.020497249437159776;0.035697304763995644
59.768;-0.064675467764444;-0.3859929820081771;-0.0013292338689609266;0.0011457459692104232;-0.02049148042530477;0.03564029297439648
59.86;-0.06371051651330374;-0.3861343486094246;-0.0013291972932790793;0.001196538689180303;-0.020488866619067885;0.03563881791462182
59.947;-0.06610976843152064;-0.383207525649607;-0.0015620861821250536;0.000942731992437475;-0.022989783857188688;-0.08980303274260916
60.035;-0.07065164030917136;-0.383494514371646;-0.001203424742501491;0.0013394684119351643;-0.02011084961398865;-0.11406581673309667
60.116;-0.07325839111337368;-0.3837837082757222;-0.0013104185598722807;0.0009986539439648919;-0.020889179655590177;-0.0896325798066664
60.201;-0.07676217558235277;-0.3832295735520612;-0.0013099276866605702;0.0008099087377702486;-0.020890723003129986;-0.08975612124902321
60.201;-0.13290811447348097;-0.3496284763276425;-0.001705527708792825;0.0029874985918036203;-0.012957892566296812;0.07543294005890698
60.368;-0.13189122341234624;-0.33390707520107693;-0.0013502385815056521;0.0005307112261252108;-0.020759212718958118;0.1518524178987221
60.459;-0.12260993113304276;-0.32783736801062674;-0.0012765997580289565;0.0011635655022342502;-0.019551483416693802;0.17936102472380175
60.55;-0.10064995912382191;-0.32637086486115585;-0.0003799726727564964;-0.008613794366883922;-0.020729759299541316;0.0640663956414976
60.632;-0.09216278830783076;-0.3118587395441038;-0.0012816377642077088;0.0015736915787984323;-0.020507124988551863;0.03288646916176383
60.714;-0.08988026282131405;-0.3039017645476504;-0.001340846096290401;0.0017328711212986712;-0.020599919283308624;0.005399520395942997
60.802;-0.11550068057496093;-0.2756861495669937;-1.6128851765554022e-05;-0.005829297174354419;-0.01897561012384449;0.13370366621771868
60.883;-0.1083237618634587;-0.27184295080314735;-9.627957905839762e-05;-0.006208388288434583;-0.019970532164503146;0.2114953218235993
60.972;-0.08635949639198139;-0.2723984388647824;-0.00030090685731014847;-0.007122241961874656;-0.020829349884449497;0.0884841136835779
61.065;-0.06264220310744088;-0.2618278698102077;-3.704435603066317e-05;-0.005589512722860152;-0.019837952174141648;-0.1170642691623692
61.141;-0.08523329876701957;-0.2543239904768858;0.00018248328086674847;0.008682337440621994;-0.008948489445715586;-0.11772684146259021
61.235;-0.08758650580960593;-0.24511999758613295;-5.28064742007435e-05;-0.005740546958942487;-0.018977779703545895;-0.00040494770482140476
61.311;-0.11906564211681966;-0.21698128480055545;-0.001409642494199755;0.0035945648853281144;-0.009851655817262791;0.0626658798806688
61.311;-0.0672533215909697;-0.2126238051680226;0.0038687193461963538;-0.012367666583569158;-0.013541531349665186;-0.09974748771601574
61.488;-0.05025507611138715;-0.20930689856913431;-2.4021740654123582e-05;-0.00638032838830524;-0.020280177801321166;-0.2085856749237517
61.564;-0.037091961080629995;-0.21727283649573786;-1.123024313981816e-05;-0.006810878160548239;-0.02095781845928741;-0.30651435975654273
61.653;-0.06892766444893107;-0.21200111083131193;-0.0012770268757311925;0.001572592630666617;-0.021362669729565843;-0.06348921030255329
61.744;-0.06782241649259012;-0.20886769108784195;-0.0012659145660674415;0.001157170434828587;-0.020028185043699066;-0.027842640797367587
61.828;-0.09820718144466327;-0.18090442512407076;-0.0014525955829084707;0.0028893761655556416;-0.010405891998069346;0.13116979409527726
61.915;-0.06066510376178348;-0.18232275738035608;0.0014258137575439396;-0.008579113412421239;-0.005966047039690222;0.03899341005164532
62.006;-0.036125162468821505;-0.17574688103093167;-9.167062934098934e-06;-0.006829870723481052;-0.019194540598409783;-0.07461903093522775
62.089;-0.03872612191413453;-0.17328407055798803;-0.0012539833657231492;0.00047243424820787226;-0.021550963294450512;-0.15081226904485473
62.18;-0.040575091076784496;-0.17311751481317686;-0.001321625033776341;0.0004980272103990904;-0.021446929488907297;-0.1525514036880354
62.266;-0.042934127191857484;-0.17347564294442455;-0.001269345206622983;0.00028491832015331114;-0.0209390861352601;-0.13566955812219253
62.348;-0.0448285578528356;-0.1726533568838611;-0.0013670285460036713;-8.792587924116673e-05;-0.02164752282221256;-0.14033288159340324
62.433;-0.07628887207760508;-0.1524853518193854;-0.0015455572289013288;0.002873100200417587;-0.024326122427774877;-0.005315332703439916
62.519;-0.07195282315342848;-0.14746796495061007;-0.0012692039094789596;0.00019727617475367093;-0.019619028597464727;0.07752729527956904
62.605;-0.06736361798725111;-0.14441857415987264;-0.00130888031126802;-0.00013800294392783883;-0.020465296771326313;0.13348860030529336
62.696;-0.06447095249031619;-0.14346080550277396;-0.0013382646726671937;-0.0003230332465713272;-0.02100878137539343;0.16596663387738195
62.775;-0.06262131268540025;-0.14376379754320454;-0.0013402285712929667;-0.00014013578196350504;-0.021147691266404704;0.16691371275053155
62.859;-0.04035765375936743;-0.13401673547185422;3.88082438920431e-05;-0.0067489440879849915;-0.01877061141285305;-0.0571938020771149
62.942;-0.03903928459474732;-0.1215516235187749;-5.496835636312848e-06;-0.0070178032198632435;-0.018874726185773006;-0.07946854571635056
63.035;-0.03823265815738963;-0.11742966752129254;-1.9917899444895916e-05;-0.007222753353891697;-0.018808774109333775;-0.055124874544901926
63.117;-0.037133756154589505;-0.1171361545414547;1.7411501230532963e-05;-0.007167575281156706;-0.01873388091447576;-0.03419122817346301
63.202;-0.03832953441289908;-0.11648319059720842;-1.8724432346512994e-05;-0.007353442514465496;-0.018719245487244046;-0.03348962449316164
63.297;-0.037999494684381345;-0.11671716835682797;-3.1072730059548585e-05;-0.007447712850346056;-0.018666993692133278;-0.0013978369849917745
63.38;-0.03789416986957174;-0.1166779655787033;-2.4035015267652698e-05;-0.007416600244035563;-0.018669862297308316;-0.0015321938414855775
63.474;-0.03788671577811844;-0.116650493926597;-2.4020856222824145e-05;-0.007416984433004865;-0.018670217725948453;-0.0015342384383467847
63.557;-0.03788646214633333;-0.11664572052186044;-2.4022323289304596e-05;-0.007417211967818468;-0.018670230445271798;-0.0015342692810021024
63.647;-0.03839488561687509;-0.11564442779473473;-0.001324885319547063;0.00011371841335181461;-0.020777617904103606;-0.04628901543776574
63.725;-0.01073778630512354;-0.11286584737111818;-0.00014207426685198702;-0.022391395174387194;-0.02151778461202519;-0.059877152546901506
63.815;-0.008284600458234512;-0.09441893715746519;-0.0013444398069402405;-1.7627040478113753e-05;-0.020861994378448177;-0.08843175362446724
63.904;-0.00860515187487212;-0.08947057968264673;-0.0013256206162960368;-0.00031160183042401704;-0.02087636364295041;-0.08423697047041007
63.989;-0.02089620098230449;-0.09197359011456312;-0.0012114504354522576;0.00035557208545465243;-0.021019679544474704;-0.018822886048062294
64.066;-0.03440772096180688;-0.09885426067544625;-0.001266642809040191;0.00013622450561244948;-0.02175217049706395;0.004087698352096875
64.142;-0.037695854799057;-0.10823307887760067;-0.0013063460925578157;-0.0005147158791234854;-0.020753802329428434;0.005366049572545329
64.239;-0.039489194214742174;-0.11351740016679618;-0.0013193619773234331;-0.0004088181489789872;-0.02070009226428916;0.005277568438917329
64.323;-0.03996751869199092;-0.11509853081595073;-0.0013231784139715055;-0.0003692391743223748;-0.020681177190562113;0.0052527058477829115
64.408;-0.04004751049041819;-0.11547881609879414;-0.0013240691543067163;-0.0003543720506132997;-0.020676861449472256;0.005246890225365939
64.499;-0.040046874350007186;-0.11570839747002333;-0.0013245712459278012;-0.0003378900596748231;-0.02067459629704123;0.005243607494418931
64.586;-0.03978328920939755;-0.11588272071100812;-0.0013259332386042464;-0.0003374823185327168;-0.020655307549983903;0.01570095268885168
64.675;-0.009791034938080334;-0.10121763001626989;0.0019330668145482962;0.017085069694255738;-0.0039275446107989295;-0.027895665625317655
64.765;-0.008898579197843605;-0.09288073417127464;0.0019413591448184766;0.017243630854548476;-0.0045891384797354705;-0.005055863250075875
64.843;-0.009262050879631547;-0.08997465423158124;0.0019397389254219263;0.017117761698047344;-0.005179267928844927;-0.037818265734730204
64.932;-0.04165039546554412;-0.06402799035244972;-0.0013437926809558728;0.002245015337914265;-0.010220810558240484;0.01285026821652519
65.009;-0.036510945800022704;-0.05936005986393898;-2.3135682419400395e-05;-0.007815402672410687;-0.018466417633264762;0.038254172147679844
65.105;-0.037071479670256126;-0.055874040082913495;-8.455702774388951e-05;-0.008133051873533524;-0.01863771596252224;0.005653735106660129
65.196;-0.035539660328468364;-0.056380304203496524;-2.5733199608328055e-05;-0.007728931474735994;-0.018511578919476992;-0.00024480922585332874
65.277;-0.03491684507155627;-0.05663594651803759;-1.056956460808312e-05;-0.00763219939278353;-0.01848489550501864;0.009345520110131055
65.365;-0.03516262377611567;-0.05648605972056269;-2.8708549698616497e-05;-0.0077334452261166794;-0.01854988799187321;0.015694354441429567
65.451;-0.03506881830141876;-0.056553487153938174;-2.8757940383643835e-05;-0.007701396706482134;-0.0185634652325371;0.015700187128786916
65.536;-0.03420563549078881;-0.05685258269416935;-1.8056105421648724e-05;-0.007634881246490475;-0.018583442957153803;0.03490062434515817
65.626;-0.04475304056026214;-0.03396782895804287;-2.6469084931556573e-05;0.0065103492358476395;-0.010079028179545542;0.024116453147537173
65.713;0.001470875103960522;0.00017976657750269328;0.0020649360953459333;0.015759384981605406;-0.0034080631948155272;0.21374298436626424
65.798;0.0009653157280672415;-0.00016013740289695134;0.0019354595443078853;0.017451521579116377;-0.0026940877904493947;0.5486207204710505
65.887;0.0007981788890472161;6.854588054276169e-05;0.001954895284600332;0.017361500097712524;-0.0023120592971440485;0.7118617327005011
65.974;0.0006395298657123783;0.0002668821289078492;0.001970023908896296;0.0173695858658178;-0.0012037237733388197;0.8392098301144609
66.059;0.0005650629657637067;0.0003455207044761148;0.0019752885182086777;0.01737484240878432;-0.0002824965969902615;0.8820757660584689
66.134;0.00047718978560576386;0.0004238643625450334;0.00197944400572643;0.017307074546311616;0.001233061037021424;0.9155141252962123
66.134;0.0004274124529946993;0.0004621184879813646;0.0019808423110169076;0.017190927979661316;0.0022867661419911337;0.9267687345417952
66.306;0.00035892620761024396;0.000509181318763088;0.0019819167251766447;0.016895118344534076;0.003885170724663824;0.9355469802506968
66.4;0.00031505939259449806;0.0005364715173100804;0.0019822656424908045;0.01661394263670821;0.004945196931104474;0.9385008630417968
66.4;0.0002498063125910138;0.0005731029370909645;0.0019825181241404106;0.01606617154448932;0.006505902157860626;0.9408040107133671
66.481;0.0001841773704873914;0.0006048089065829707;0.001982611883596395;0.015370521697952598;0.008012695876390852;0.9418354646312934
66.573;-0.00022454616709776526;0.0005691633718831089;0.0020010331549926083;0.01517770545034656;0.008126751439969807;0.9103741914260339
66.651;-0.009909209017618463;-0.009994340088627306;0.0026773000125949907;0.017648604726926892;0.0058312249610225205;0.37776454250312336
66.74;-0.005191064295874956;-0.0004197201864524259;0.00198839248052047;0.014192743937228849;0.010160066016863055;0.005563128757592937
66.834;-0.0013902149686193844;-0.0004874715362346365;0.001970657569183002;0.014179404583743121;0.010097677229097485;0.00528123674399816
66.916;-0.0005013139796392809;-0.0005027306779366184;0.0019684015885157607;0.014184952506533448;0.010096069481934328;0.005229230260225256
67.001;-1.0337355946401334e-06;-0.000511068336991948;0.0019671445901204188;0.01418514357025022;0.010099200657808319;0.005199923990617117
67.091;0.00011601917110462467;-0.0005129255186178974;0.0019668499552244994;0.014183169443593732;0.010102756793734968;0.005193050406437743
67.184;0.00018203003948340032;-0.0005138835745032738;0.0019666847996644755;0.014179154050762139;0.01010882741059084;0.005189149811923518
67.27;0.0002017462248566573;-0.0005140871245186188;0.00196663509569343;0.014174691529023295;0.01011520728948342;0.005187957452651177
67.355;0.0002064608952702101;-0.0005140890585382691;0.001966623578214617;0.014171627584988829;0.010119520064787264;0.005187655954770453
67.441;0.0002092661879919646;-0.0005140258304268084;0.00196661773611237;0.014166986515013193;0.010126004141216302;0.00518745242030848
67.528;0.00021002768765674234;-0.0005139669047189804;0.0019666162924542314;0.0141638890195301;0.010130336945525266;0.005187382015082563
67.622;0.00021060872276095337;-0.0005138702432491527;0.0019666142420831662;0.014159220156700457;0.010136836788562286;0.0051873090173524825
67.713;0.00021095260245934203;-0.0005137700606993986;0.001966614130065006;0.014154555411955547;0.010143335363262592;0.005187250024138197
67.8;0.00021113865592433387;-0.0005137026249766531;0.0019666142533015124;0.014151436454019973;0.010147665866187821;0.005187213108568612
67.889;0.00021139582258571278;-0.000513601059173171;0.0019666145872206677;0.01414675850994706;0.010154165939099324;0.005187159592459939
67.973;0.00021156157211589652;-0.0005135332700073251;0.001966614290260597;0.014143645205620505;0.010158494201320357;0.005187124033146042
68.053;0.00021180726192055754;-0.0005134313860573769;0.0019666142984256178;0.01413896537301798;0.010164992810601582;0.005187071484528342
68.145;0.000211888812218533;-0.0005133974343976624;0.001966614523078918;0.014137404472188376;0.010167159028516197;0.005187054044017442
68.235;0.00021221439602764987;-0.0005132613560788451;0.0019666145650478065;0.014131155977141112;0.010175806712331904;0.005186983205697787
68.32;0.00021237700863272816;-0.0005131932284520115;0.001966614850337061;0.014128030410267776;0.010180132909797508;0.005186948150483994
68.414;0.00021262083804616822;-0.0005130910257316751;0.0019666144850603536;0.014123344140039547;0.01018661681901942;0.005186895384995151
68.506;0.0002128645837575024;-0.0005129887566218141;0.001966613446946871;0.014118649713897568;0.010193102086054758;0.005186842910495332
68.591;0.00021302704321042002;-0.0005129204712419908;0.001966614297404286;0.01411552119492615;0.010197426390758168;0.005186808176696655
68.682;0.00021327070726311867;-0.0005128179989509134;0.0019666133813008206;0.014110823927639998;0.010203903653342726;0.00518675549152904
68.779;0.0002135143104815209;-0.0005127153829662262;0.001966613337458656;0.014106123577752374;0.010210379158509916;0.0051867029287437525
68.867;0.00021367667624046696;-0.0005126469438509452;0.0019666135366374926;0.014102987283334867;0.010214697450613123;0.0051866681193465285
68.959;0.00021392017926560611;-0.0005125441505677323;0.0019666139230476868;0.014098276026451327;0.0102211718615753;0.005186615828511905
69.055;0.00021416363367494622;-0.0005124413361137132;0.001966613407021442;0.014093572577683938;0.01022764807136971;0.0051865640066807725
69.146;0.000214325932283238;-0.0005123725857590919;0.0019666140619460596;0.0140904336760047;0.010231946252802994;0.005186528078370715
69.239;0.00021456928165778676;-0.0005122696191509624;0.0019666134912204223;0.014085717360519874;0.010238423868015944;0.005186476699757215
69.332;0.00021481260244268955;-0.0005121664081867152;0.0019666143072030384;0.014081003267097606;0.010244887527748717;0.005186424529498197
69.429;0.00021505585584277484;-0.0005120632370577872;0.0019666130820813893;0.014076283149000373;0.010251354354370872;0.005186372804414478
69.522;0.00021521800249438215;-0.0005119943326377578;0.001966613174576557;0.014073135819559041;0.010255659296121971;0.0051863379803880226
69.606;0.00021546117656013645;-0.0005118909420020927;0.0019666130081493656;0.014068413006927075;0.010262116637846451;0.005186285948505098
69.699;0.0002156232676725151;-0.0005118219449276782;0.0019666125874720974;0.014065260197381373;0.010266419729969532;0.0051862512181393965
69.786;0.0002158663432907462;-0.0005117183197710141;0.001966613120222393;0.014060528867919158;0.010272874517783649;0.005186199374283891
69.877;0.00021610936478908734;-0.0005116146714429707;0.00196661284233147;0.014055797927175633;0.01027933113435708;0.005186147928683938
69.973;0.00021627135256927383;-0.0005115454712807983;0.001966612890388447;0.014052641067563288;0.010283633039133863;0.005186113561916844
70.068;0.00021651429019319858;-0.000511441626634597;0.0019666127681286566;0.014047904360664661;0.010290081904587694;0.005186061906703533
70.16;0.0002167571708455294;-0.0005113376559697722;0.001966613070745667;0.014043161927244066;0.010296528323368827;0.005186010289662621
70.256;0.0002169999955598307;-0.0005112336724805845;0.00196661211528489;0.01403842228740213;0.010302978112132604;0.005185959211017942
70.351;0.00021724275871771464;-0.0005111294728543021;0.0019666133777138588;0.014033670706662968;0.010309422906079755;0.005185907939402138
70.446;0.00021740459422568193;-0.0005110599722885563;0.0019666125615644477;0.014030510456677475;0.010313711326756902;0.005185873308665509
70.538;0.00021764727561642553;-0.000510955598992883;0.0019666129498501312;0.014025756405666705;0.01032014886983483;0.005185821884021718
70.632;0.00021788989971022188;-0.0005108511966281063;0.001966612809790707;0.014021003849585888;0.010326591259202536;0.005185771106593907
70.725;0.00021805162690677525;-0.0005107816034180807;0.0019666120322518518;0.014017838203672637;0.010330882308201145;0.005185737118422382
70.818;0.00021829417647025137;-0.0005106769718518939;0.0019666120814185823;0.014013080721006715;0.010337308908832882;0.0051856855162711905
70.912;0.00021853665133874156;-0.0005105722305898913;0.00196661260626699;0.014008314281157829;0.010343741953142053;0.005185634622632608
71.005;0.00021877906657840064;-0.0005104673972273518;0.001966613361078869;0.014003547206004581;0.01035017772352328;0.005185584205754055
71.098;0.0002189406683360021;-0.0005103974986167;0.0019666129349947;0.014000373642519949;0.010354457404113346;0.005185549920024321
71.195;0.00021918301372775864;-0.000510292487055845;0.0019666125475881688;0.013995600609264903;0.010360878853487914;0.0051854987562754565
71.289;0.00021942528980479294;-0.0005101874485423106;0.0019666127728324486;0.013990829669812126;0.01036730631280663;0.005185448371178575
71.379;0.0002196675344415933;-0.0005100823281855927;0.001966610971894356;0.013986056546128299;0.010373721121136168;0.005185397209016677
71.473;0.00021982898531849244;-0.0005100120769191776;0.001966612775348763;0.013982868108632541;0.010378000068707384;0.005185363427663096
71.569;0.0002200711276905331;-0.000509906760547926;0.0019666121337859003;0.013978090383699541;0.01038441727325438;0.005185312882638035
71.661;0.00022031320755931292;-0.0005098012849726454;0.0019666123113929552;0.013973304572756163;0.010390831773775979;0.005185262339808516
71.753;0.0002204745647571912;-0.0005097309765730372;0.0019666116587663094;0.013970109931580193;0.010395106142862674;0.00518522859507928
71.843;0.00022071656604293337;-0.0005096253188500596;0.00196661209724433;0.013965329478164938;0.010401515543388935;0.005185178142624614
71.937;0.00022095850098304253;-0.0005095196338018151;0.001966611921145916;0.013960540257552723;0.010407926235951815;0.005185127987013803
72.032;0.00022120038286231743;-0.000509413777304369;0.001966612354764459;0.013955742482585404;0.010414331785507568;0.005185077631287627
72.116;0.00022136161251548866;-0.0005093431980290422;0.0019666121846247113;0.013952548468889207;0.010418600864640939;0.005185044134963334
72.213;0.00022160340373023735;-0.0005092372228101775;0.001966611647742253;0.013947750162605965;0.01042500348861724;0.005184993981807624
72.309;0.00022184514174793197;-0.0005091311675064867;0.0019666111991695325;0.013942946847837973;0.010431404131934403;0.005184943898946074
72.402;0.00022200626579528532;-0.000509060342957839;0.001966611514567446;0.013939742106022822;0.010435669118430043;0.005184910484819384
72.494;0.00022224791508573623;-0.0005089540854323383;0.001966611949352263;0.013934938616436235;0.01044206365028653;0.0051848603860283945
72.589;0.00022248950131923404;-0.0005088476505307074;0.0019666123915410517;0.013930126079285055;0.01044845694757194;0.005184810384110213
72.681;0.00022273105153805179;-0.0005087412318441612;0.0019666119800951063;0.013925321768368153;0.010454846499711764;0.005184760403407006
72.774;0.00022289203552511356;-0.0005086702148285538;0.0019666117087341352;0.01392210666332373;0.01045910515295384;0.005184727069278107
72.868;0.00022313346269092307;-0.0005085635583707408;0.0019666125037780097;0.013917284221778969;0.010465501817407628;0.005184677968153977
72.964;0.0002233748639511529;-0.0005084569109291252;0.0019666112559546247;0.013912468740349529;0.010471884135782766;0.005184628040979266
73.054;0.00022353575969427523;-0.0005083856259163865;0.0019666122574752507;0.013909253160880743;0.010476136648827825;0.005184594705542067
73.144;0.00022377706455301033;-0.0005082787497430563;0.0019666109621486343;0.013904430370882043;0.01048251461459722;0.005184544827042248
73.237;0.00022401830404637424;-0.0005081717251205272;0.0019666114185804685;0.013899602309458232;0.01048889438570256;0.005184495342623855
73.33;0.00022425949093269633;-0.0005080646559368731;0.0019666106248615346;0.013894768857177917;0.010495269851923464;0.005184445729307296
73.42;0.00022442023969323807;-0.0005079931999435862;0.0019666116460879276;0.013891549618909664;0.010499526938161897;0.005184413384282453
73.515;0.00022466133416004785;-0.0005078859026674904;0.001966611730107199;0.0138867133975324;0.010505897825638695;0.005184363849021215
73.607;0.00022490238195671143;-0.0005077785187737737;0.0019666108004536137;0.013881871247675334;0.01051226181220619;0.0051843139790762206
73.701;0.00022514335585294734;-0.0005076710211798545;0.0019666118259220227;0.013877031812447937;0.010518634844104058;0.0051842651405904746
73.796;0.00022530397731715642;-0.0005075993624275556;0.00196661070520087;0.013873803283496187;0.010522881661627966;0.005184232542506019
