29.921;0.004243522972689706;0.018704434427421847;-0.030686973025486296;-5.63869647020209e-07;-3.1332725065004382e-06;-0.09711544147520945;0.9952731238293034
29.989;0.0042574466678926785;0.01874609232803354;-0.030686973021819358;-5.645631641225839e-07;-3.133100537526588e-06;-0.09733721925418506;0.995251458545893
30.055;0.004271389084075748;0.018787743988674045;-0.030686973017543376;-5.652584590265486e-07;-3.1329266572409344e-06;-0.0975589907143482;0.995229743989127
30.135;0.004285350217940034;0.018829389400897477;-0.030686973013839443;-5.659595114754358e-07;-3.132766150027071e-06;-0.097780755847468;0.995207980160812
30.21;0.004306327007692163;0.018891845786437232;-0.03068697300938599;-5.669954715975969e-07;-3.132508558769286e-06;-0.09811339165954346;0.9951752420387713
30.302;0.004320334922501133;0.018933475543528002;-0.03068697300507883;-5.676964895723686e-07;-3.1323383556626677e-06;-0.0983351409300119;0.9951533550403883
30.381;0.004341381868878922;0.018995908408011936;-0.030686973000201078;-5.687335368765367e-07;-3.132081947522493e-06;-0.09866775290474712;0.9951204321722041
30.465;0.004355436544843437;0.019037522459154244;-0.030686972996526198;-5.694297691336899e-07;-3.1319105910726204e-06;-0.09888948625366858;0.9950984220158088
30.557;0.004376553618508559;0.01909993172793153;-0.030686972990753625;-5.704740834991618e-07;-3.1316586386953722e-06;-0.0992220743023101;0.9950653144196184
30.646;0.004390655036132891;0.019141530023467995;-0.030686972987918296;-5.711712749156703e-07;-3.1314909124567503e-06;-0.09944379167071286;0.9950431811172917
30.733;0.004411842207585551;0.019203915620904125;-0.030686972983257017;-5.722104894271995e-07;-3.1312355636287294e-06;-0.09977635570319654;0.9950098888113913
30.812;0.00442599034726498;0.01924549811052863;-0.030686972979531546;-5.729087536159713e-07;-3.1310699219930123e-06;-0.09999805703151302;0.9949876323752926
30.897;0.004447247586866486;0.01930785996158929;-0.030686972972775832;-5.739536350389364e-07;-3.130807618729848e-06;-0.10033059695826206;0.9949541553779588
30.987;0.004461442428857529;0.019349426595267796;-0.030686972970879182;-5.746458946135874e-07;-3.1306414759442286e-06;-0.10055228218655894;0.9949317758203041
31.08;0.004482769707230662;0.01941176462524765;-0.03068697296460436;-5.756872066364088e-07;-3.130379130128578e-06;-0.10088479791869354;0.9948981141497725
31.176;0.0045041389945431175;0.019474088326091772;-0.030686972960089064;-5.767306214720736e-07;-3.1301262455114844e-06;-0.10121729909185903;0.9948643416840403
31.256;0.004518408519110246;0.019515629486299164;-0.03068697295520266;-5.774269557457505e-07;-3.1299481424800947e-06;-0.10143895843517459;0.9948417651573828
31.32;0.004532696706389392;0.01955716425759438;-0.030686972952257363;-5.781243514254518e-07;-3.1297842424702476e-06;-0.10166061128482858;0.9948191393932193
31.406;0.004554163972958047;0.019619454419097012;-0.030686972946518808;-5.791652988217975e-07;-3.1295220262862157e-06;-0.10199307835902807;0.9947851084313235
31.493;0.004568498803199511;0.01966097318481227;-0.03068697294373931;-5.798616566760836e-07;-3.1293572043955854e-06;-0.10221471492946418;0.9947623595823072
31.587;0.004590036019158525;0.019723239299646752;-0.03068697293902232;-5.809029447520988e-07;-3.129096284604534e-06;-0.10254715754018418;0.99472814400232
31.676;0.004604417472346448;0.01976474200913219;-0.030686972934608328;-5.81593955127693e-07;-3.1289163739442798e-06;-0.10276877777035708;0.9947052720808606
31.767;0.004626024607738727;0.01982698400195168;-0.030686972929278338;-5.826397033443564e-07;-3.1286594568863375e-06;-0.10310119582802613;0.9946708719012048
31.857;0.004647673680486783;0.019889211485857258;-0.030686972924598016;-5.836799797130147e-07;-3.128404776223864e-06;-0.10343359911061759;0.9946363609706296
31.95;0.004662129688859398;0.019930688401349605;-0.030686972921562267;-5.843786698076299e-07;-3.128234691203958e-06;-0.10365519307459367;0.9946132921585863
32.041;0.004683848633051915;0.019992891643400724;-0.030686972916390828;-5.854185194890839e-07;-3.1279718493455956e-06;-0.10398757165909124;0.9945785966580613
32.126;0.004705609485653472;0.020055080304422424;-0.030686972910146788;-5.864645198054962e-07;-3.127713899395707e-06;-0.10431993538240958;0.9945437904243751
32.21;0.004720139997776231;0.020096531297774858;-0.030686972907699575;-5.871520690081752e-07;-3.1275359949580705e-06;-0.10454150292482081;0.9945205247535587
32.299;0.0047419706735550935;0.02015869559674356;-0.030686972902048425;-5.881975557182213e-07;-3.127275597030287e-06;-0.1048738418062954;0.9944855339795861
32.381;0.004756547724426351;0.020200130323824884;-0.03068697289804744;-5.888939361911129e-07;-3.1271033026026457e-06;-0.10509539275807604;0.9944621452880447
32.471;0.00477844819317505;0.02026227018612851;-0.030686972892804344;-5.899379518541955e-07;-3.126844060088145e-06;-0.10542770670771447;0.9944269699923806
32.565;0.004793071762483693;0.020303688596817956;-0.03068697288946428;-5.906335828341681e-07;-3.1266703653144246e-06;-0.10564924100793698;0.9944034582926199
32.647;0.004815041993758376;0.020365803947071725;-0.03068697288446269;-5.916700744760901e-07;-3.126407082249274e-06;-0.10598152993478438;0.9943680984939923
32.737;0.004829712061328593;0.02040720599140123;-0.03068697288153642;-5.923672368208193e-07;-3.1262368788392716e-06;-0.10620304752363227;0.9943444637984209
32.831;0.004851752024815287;0.02046929675486672;-0.030686972876802582;-5.934060608369995e-07;-3.125971707947962e-06;-0.10653531133758067;0.9943089195154999
32.915;0.004873833812791814;0.020531372729915766;-0.03068697287135226;-5.9444966181452e-07;-3.1257078909916304e-06;-0.10686756004043307;0.9942732645509891
33.003;0.004888578235347114;0.020572748484501798;-0.030686972867977107;-5.95144008824322e-07;-3.1255371615850503e-06;-0.10708905076491293;0.9942494330881698
33.1;0.0049107297067347185;0.020634799753167236;-0.03068697286161485;-5.9618806485495e-07;-3.125270035617086e-06;-0.10742127420973185;0.994213593669406
33.186;0.004925520574485087;0.020676159011008922;-0.030686972859236637;-5.968805883030943e-07;-3.1250957286788394e-06;-0.10764274806503632;0.9941896392433814
33.282;0.004947741698543615;0.020738185497940632;-0.030686972853316306;-5.979253444615578e-07;-3.1248322529117037e-06;-0.10797494616159498;0.9941536153891303
33.363;0.00497000459931017;0.020800197079462943;-0.03068697284904018;-5.989628644086097e-07;-3.124568618155238e-06;-0.10830712900523537;0.994117480882678
33.456;0.004984869737082599;0.02084152984001283;-0.030686972845004667;-5.996590119432547e-07;-3.1243892019878155e-06;-0.10852857574415169;0.9940933297416419
33.546;0.005007202241399034;0.0209035165200359;-0.03068697284048907;-6.00698341467131e-07;-3.124125265945567e-06;-0.10886073309382459;0.9940570108299394
33.632;0.005022113771130822;0.02094483265435287;-0.030686972837602508;-6.013941636283476e-07;-3.1239538684167995e-06;-0.10908216280703245;0.9940327367583118
33.723;0.005044515847991761;0.021006794357698616;-0.030686972832234996;-6.024355169680719e-07;-3.123686337054148e-06;-0.10941429457137394;0.9939962334603327
33.809;0.005066959653554994;0.02106874103929981;-0.030686972827383762;-6.034725366617857e-07;-3.1234163855863264e-06;-0.10974641094063992;0.9939596195397117
33.881;0.005081945367716348;0.021110030468172832;-0.03068697282428377;-6.041716814164463e-07;-3.123245851345912e-06;-0.10996781328547074;0.9939351488055407
33.964;0.005096949619735945;0.02115131320090926;-0.030686972820860574;-6.048635214924696e-07;-3.1230692770020816e-06;-0.1101892087633284;0.9939106289108657
34.054;0.005119490748801136;0.02121322472646096;-0.030686972813995465;-6.059091474674395e-07;-3.1227982934996995e-06;-0.11052128908380032;0.9938737568972914
34.146;0.005134541330867114;0.021254490683189742;-0.030686972812383095;-6.065979126671674e-07;-3.122622151494105e-06;-0.11074266735295303;0.9938491141101019
34.232;0.00515715193952012;0.02131637700780415;-0.03068697280692597;-6.076381644207772e-07;-3.122350406450925e-06;-0.11107472181448447;0.9938120577673207
34.318;0.005179804220943386;0.02137824817561806;-0.03068697280306136;-6.086794928253421e-07;-3.122088972590191e-06;-0.11140676071778799;0.9937748908360744
34.405;0.005194928887831778;0.02141948718719467;-0.03068697279946712;-6.093722366394184e-07;-3.1219095443576144e-06;-0.11162811132597251;0.9937500514473842
34.499;0.005217650598871866;0.021481333034412874;-0.030686972793883934;-6.104175134652416e-07;-3.12164287143248e-06;-0.11196012422375816;0.9937127002175646
34.586;0.005232821541762612;0.02152255514039318;-0.030686972790085712;-6.111119037865207e-07;-3.1214617788962944e-06;-0.11218145746455874;0.9936877379695347
34.678;0.005255612650994539;0.021584375591776405;-0.03068697278494173;-6.121495212639597e-07;-3.1211905699377217e-06;-0.11251344426514542;0.9936502024603413
34.761;0.0052708298489811106;0.021625580742508144;-0.030686972782551232;-6.12846612189932e-07;-3.1210190438029093e-06;-0.11273476007840189;0.9936251173656737
34.843;0.005293690325164623;0.021687375723395953;-0.030686972777570376;-6.138880322904754e-07;-3.1207537151276735e-06;-0.11306672069114601;0.9935873975962227
34.937;0.005316592406219137;0.02174915538576352;-0.0306869727722541;-6.14926141848335e-07;-3.120478985859393e-06;-0.11339866554587004;0.9935495672800128
35.014;0.005331883568722778;0.021790333304334816;-0.030686972769924943;-6.156192078426329e-07;-3.120301853595251e-06;-0.11361995334595618;0.9935242856576519
35.103;0.005354854966261712;0.02185208737654632;-0.030686972764561324;-6.166606080535639e-07;-3.1200305782615303e-06;-0.11395187186568816;0.993486271112083
35.196;0.0053701923290368925;0.0218932482097406;-0.03068697276100362;-6.173549735575702e-07;-3.1198512783110843e-06;-0.11417314207798347;0.9934608666766528
35.289;0.005393233011516215;0.02195497661742312;-0.030686972756909535;-6.183926992843953e-07;-3.119581656883333e-06;-0.11450503417044366;0.9934226679211178
35.375;0.005408616553676594;0.021996120315791068;-0.030686972752071426;-6.190914999126121e-07;-3.119400428800436e-06;-0.11472628673378389;0.9933971406855184
35.468;0.005431726489309602;0.022057822983865816;-0.030686972748142978;-6.201250328050855e-07;-3.1191288030906163e-06;-0.11505815230664052;0.9933587577394526
35.562;0.005454877961460471;0.022119510171699004;-0.030686972744824157;-6.211644588549788e-07;-3.118862213894662e-06;-0.11539000192401949;0.9933202642883421
35.646;0.005470335346556809;0.022160626350907;-0.030686972739630565;-6.218604133999863e-07;-3.118675485957386e-06;-0.11561122612084641;0.9932945405994749
35.737;0.005493556021025709;0.02222228768001017;-0.03068697273499911;-6.229010904908409e-07;-3.1184031676481846e-06;-0.11594304907080881;0.9932558629890144
35.83;0.005516818201559396;0.0222839334577158;-0.030686972730297326;-6.239377729195576e-07;-3.1181262418008316e-06;-0.11627485597592349;0.9932170748923251
35.921;0.005532349375147421;0.022325021989760895;-0.030686972726592023;-6.246367306546059e-07;-3.117952199761841e-06;-0.11649605165024761;0.9931911547833032
36.007;0.005555680706849807;0.022386641788635964;-0.030686972723262894;-6.256731841878328e-07;-3.1176825190798303e-06;-0.11682783174121877;0.9931521825584105
36.101;0.005579053513818984;0.022448245964352617;-0.030686972718736272;-6.267113664238068e-07;-3.1174069144658693e-06;-0.11715959569841271;0.9931130998661097
36.193;0.005594658421283118;0.022489306722123868;-0.030686972714624925;-6.274068638957838e-07;-3.117225509228753e-06;-0.11738076269079951;0.9930869833705483
36.283;0.005618100328138247;0.022550884799776676;-0.030686972709981643;-6.284463891970904e-07;-3.1169523312367287e-06;-0.11771249968542633;0.9930477165814836
36.379;0.005633751291304111;0.02259192813356089;-0.030686972706707692;-6.291384329287492e-07;-3.116769872847782e-06;-0.11793364867149848;0.9930214773613497
36.463;0.005657262265875013;0.022653480038614685;-0.03068697270282915;-6.301782452346143e-07;-3.11649815634651e-06;-0.11826535861083552;0.9929820264952134
36.545;0.00568081466535845;0.022715016203555503;-0.03068697269684848;-6.312177288870284e-07;-3.1162183526359663e-06;-0.11859705227160744;0.992942465192408
36.61;0.00569653927335652;0.02275603155617108;-0.03068697269445138;-6.319122299755149e-07;-3.116043453305432e-06;-0.11881817232011845;0.9929160296401695
36.696;0.005712282283762446;0.022797039893496848;-0.030686972691249467;-6.326025702432707e-07;-3.115853667404775e-06;-0.11903928510795293;0.9928895450103594
36.787;0.005735931296702825;0.022858539228624526;-0.030686972685731145;-6.336442898412382e-07;-3.115580709096164e-06;-0.11937094065783908;0.992849726049393
36.87;0.00575172029837809;0.022899529993130108;-0.03068697268334357;-6.343355332420777e-07;-3.115394234244113e-06;-0.11959203525420115;0.9928231187344754
36.959;0.0057754382820119875;0.02296100293174173;-0.030686972678553;-6.353750709991478e-07;-3.1151210320106587e-06;-0.11992366347001156;0.9927831157558149
37.051;0.0057912732532246596;0.023001976073279355;-0.03068697267517;-6.360702134659438e-07;-3.1149395085708517e-06;-0.12014473981310017;0.9927563857690038
37.131;0.005815060174830098;0.023063422540197245;-0.030686972671815103;-6.371077680016766e-07;-3.1146680591594348e-06;-0.12047634060183304;0.9927161987925271
37.131;0.0058309410939546575;0.02310437800952046;-0.030686972667492915;-6.378004259304551e-07;-3.1144791918743307e-06;-0.1206973986285157;0.9926893461472237
37.222;0.005854796921155413;0.023165797930871746;-0.030686972663011663;-6.388416182072709e-07;-3.1142024661499977e-06;-0.12102897189657233;0.992648975192919
37.309;0.005870723766377638;0.02320673567811824;-0.030686972659127322;-6.395344671087735e-07;-3.114017329226996e-06;-0.12125001154558653;0.9926219999023239
37.395;0.005894648466391238;0.023268128978917998;-0.030686972655320964;-6.405713345531545e-07;-3.1137406993099614e-06;-0.12158155720002926;0.9925814449901381
37.485;0.005910621215932168;0.023309048954244686;-0.030686972652090742;-6.412637194004724e-07;-3.1135565112961816e-06;-0.12180257840892553;0.9925543470676212
37.571;0.005934614755962889;0.023370415560112233;-0.030686972647275573;-6.423020692318862e-07;-3.113276768386128e-06;-0.12213409635613512;0.992513608217623
37.662;0.005958649584345002;0.02343176611374579;-0.030686972641873613;-6.433463062407523e-07;-3.113002376843782e-06;-0.12246559763477295;0.9924727590144998
37.754;0.005974695735262094;0.023472657550996198;-0.030686972639175816;-6.44037978336746e-07;-3.1128149826504243e-06;-0.12268658920958488;0.9924454649087848
37.843;0.005998799351074948;0.023533981289808336;-0.030686972635703604;-6.450735088262755e-07;-3.11253952396677e-06;-0.12301806263151895;0.9924044318000016
37.939;0.006022944223514614;0.023595288904585;-0.03068697263108851;-6.461130553895236e-07;-3.1122592540009085e-06;-0.12334951929418557;0.9923632883575398
38.025;0.006039063719591165;0.023636151676419862;-0.03068697262764456;-6.46804218762848e-07;-3.11207163396867e-06;-0.1235704810753786;0.9923357981029891
38.115;0.0060632773267448765;0.023697432357805647;-0.030686972623157942;-6.478426839674447e-07;-3.111791152384283e-06;-0.12390190973162057;0.9922944707871522
38.203;0.006079442635072612;0.02373827714953417;-0.030686972620223064;-6.485371467109369e-07;-3.11160859161863e-06;-0.12412285281116799;0.992266857957029
38.285;0.0061037249437192916;0.02379953082296519;-0.030686972616315374;-6.495720020192377e-07;-3.1113279554173052e-06;-0.12445425336707923;0.9922253467880875
38.376;0.006119936041913295;0.023840357584483343;-0.030686972612410233;-6.502652744944648e-07;-3.1111389616700555e-06;-0.12467517768128134;0.992197611396056
38.464;0.006144287018974575;0.023901584175773913;-0.030686972608513476;-6.513023903548531e-07;-3.11085944621366e-06;-0.125006550043211;0.9921559163942895
38.557;0.0061686791810454875;0.023962794482063673;-0.030686972603157656;-6.523458171992506e-07;-3.110580076163299e-06;-0.12533790544366136;0.9921141111025962
38.649;0.006184963497103613;0.024003592292339122;-0.030686972600336104;-6.530351240107474e-07;-3.1103921501636455e-06;-0.1255587996039571;0.992086179639608
38.734;0.006209424274308928;0.024064775397217415;-0.030686972595699896;-6.540744609946453e-07;-3.11011432009799e-06;-0.1258901266599903;0.9920441905476949
38.831;0.006225754322622126;0.02410555504866444;-0.030686972591509258;-6.547690545275725e-07;-3.109919822209232e-06;-0.12611100189201546;0.9920161365581167
38.918;0.0062502836814038575;0.024166710877678806;-0.030686972588565876;-6.558013922369825e-07;-3.109637810893451e-06;-0.12644230050884497;0.9919739636865128
39.0;0.006274854173168894;0.024227850305757186;-0.030686972583552727;-6.568388191592185e-07;-3.1093520956166813e-06;-0.1267735820170351;0.9919316805569175
39.089;0.00629125734672875;0.024268600799401515;-0.030686972581884908;-6.575302351902398e-07;-3.109170014742908e-06;-0.12699442683508508;0.9919034305529592
39.161;0.006307678792574038;0.024309343983977938;-0.030686972576575863;-6.582268296581917e-07;-3.1089787391214297e-06;-0.12721526402348857;0.9918751315510109
39.252;0.00633234521420296;0.024370445038749588;-0.030686972573906568;-6.592636461409224e-07;-3.1087008691096637e-06;-0.1275465054804745;0.9918325911814053
39.339;0.006348812325190715;0.02441116991535219;-0.030686972570006035;-6.59954581149287e-07;-3.1085064709715615e-06;-0.12776732355222997;0.9918041696938976
39.429;0.006373547227655472;0.024472243471186626;-0.03068697256560692;-6.609933624322722e-07;-3.1082260087935895e-06;-0.12809853628724321;0.9917614456062345
39.52;0.006398323202565802;0.02453330049211517;-0.03068697256212369;-6.620278036547854e-07;-3.107942198150548e-06;-0.12842973174358008;0.9917186112976677
39.606;0.0064148633310252764;0.024573995973182713;-0.03068697255860832;-6.627205731542805e-07;-3.107752639245636e-06;-0.12865051909847738;0.991689993861789
39.695;0.0064397077328354636;0.024635025376620226;-0.030686972552817184;-6.637637904383968e-07;-3.1074662467597196e-06;-0.12898168568164928;0.9916469758682388
39.789;0.006464593174444559;0.0246960381734865;-0.0306869725500536;-6.647934813394946e-07;-3.107181836015653e-06;-0.12931283489549344;0.9916038476736535
39.883;0.00648120626268049;0.024736704132382572;-0.030686972545127658;-6.654918032666281e-07;-3.106990427431044e-06;-0.12953359137152598;0.9915750343248353
39.972;0.006506160076900436;0.024797689192595698;-0.030686972541431025;-6.665260607371613e-07;-3.106704420008101e-06;-0.12986471156062357;0.9915317224784995
40.06;0.006522818735686928;0.024838336636081332;-0.030686972538995314;-6.672192657705494e-07;-3.106518199973114e-06;-0.13008544865568236;0.9915027867020617
40.145;0.006547840888530846;0.024899293885565967;-0.030686972534338046;-6.682575848691524e-07;-3.1062327072156294e-06;-0.1304165397253792;0.9914592912247903
40.239;0.0065729040281243545;0.02496023441286181;-0.03068697253069129;-6.692901042729579e-07;-3.1059450894338475e-06;-0.13074761327747436;0.9914156855790355
40.326;0.006589635552272077;0.02500085212769496;-0.030686972527903644;-6.69984051590405e-07;-3.1057564101991883e-06;-0.1309683192305605;0.9913865539474638
40.422;0.006614766975888019;0.02506176472537101;-0.03068697252219276;-6.710241138628463e-07;-3.10546616937627e-06;-0.13129936351104574;0.9913427647042673
40.495;0.006631544011329;0.025102363795981863;-0.030686972520844617;-6.717092767639537e-07;-3.1052778815009334e-06;-0.13152004991800054;0.9913135106813953
40.592;0.006623057530493474;0.025138342296308316;-0.030686673415478524;-1.600853109584424e-06;-2.861315197565107e-06;-0.13183965336529638;0.9912710556602411
40.672;0.005351024668155271;0.024419016207742703;-0.030686825777206172;-1.021548639046247e-06;-2.9592497883223297e-06;-0.13216169609083706;0.9912281705422785
40.763;2.391207989676722e-05;0.021369413029357773;-0.030686812232921586;-1.0786074524568e-06;-2.8360659512389697e-06;-0.13337063583702852;0.9910662306259961
40.843;-0.006043849794173329;0.017903248059644977;-0.030686822383770396;-9.96675571082632e-07;-2.8789640398374733e-06;-0.13470952687656387;0.9908851312636651
40.915;-0.014091466127076714;0.013332559858475618;-0.030686813676480296;-1.0379041348827036e-06;-2.762769907083854e-06;-0.1364664567893997;0.9906446921892009
41.005;-0.03031472344674578;0.0042121061997966135;-0.030685339834293182;-9.175828382380996e-06;-5.351721291761588e-06;-0.13871996909629075;0.9903316465008515
41.09;-0.044218702555755815;-0.0035212626344201664;-0.030685335888077724;-9.188894707089096e-06;-5.577470797894848e-06;-0.1388223031996323;0.9903173067349704
41.175;-0.06890798691734541;-0.01717628044541101;-0.030688447729572143;3.4986202975661603e-06;-7.21506494811715e-06;-0.139024916406291;0.9902888833839983
41.262;-0.08797956578093578;-0.02690006764472806;-0.03068629818830583;-4.2734786270300454e-06;-8.4685878552834e-06;-0.14090939136827527;0.9900224963778566
41.346;-0.11983873016905086;-0.04046531353171552;-0.030684756463817433;-4.067584322668172e-06;-4.575581661592571e-08;-0.15112328188244786;0.9885149233352682
41.421;-0.14302801660439426;-0.04863977648037398;-0.030686968272889737;1.1072856284322197e-06;-1.4042281210769475e-06;-0.1604891519033007;0.9870376042067299
41.508;-0.17968781135741302;-0.06031637232406536;-0.03068516231298421;-1.4587250569646593e-05;-1.0246858380596823e-05;-0.17227836682944994;0.9850483054169433
41.598;-0.20242916317082812;-0.07061799128245849;-0.030685245369485276;-1.6304328374265786e-05;-1.215563126639037e-05;-0.17143199707693277;0.9851959551097559
41.672;-0.2216319793180846;-0.08420711625534272;-0.030686573318673936;-1.0357704589883292e-05;-1.6845335677851006e-05;-0.1663323950874567;0.9860697409176608
41.74;-0.23458930213576543;-0.10192954339190141;-0.030685870233607207;-1.176774654159065e-05;-2.2284003794585355e-05;-0.15963713844633945;0.9871757611457078
41.812;-0.24088051400533056;-0.1222843076381285;-0.030685556067680662;-9.965004128553106e-06;-8.785903748895386e-06;-0.15003917810015494;0.9886800518158219
41.889;-0.24537665019312818;-0.1539614957190189;-0.030685512234364252;-9.052315021159084e-06;-8.735335148571952e-06;-0.13304562959769248;0.9911099133227874
41.982;-0.24542014550793725;-0.17551182448559127;-0.030687207349885837;-4.336205192433364e-07;-6.4523374432142346e-06;-0.12092172833109141;0.9926620449959801
42.068;-0.24202260765940853;-0.20824048644988508;-0.030685629742617307;-9.765895068720415e-06;-9.532485475268306e-06;-0.10541779618711446;0.9944280205529262
42.16;-0.23733291818187635;-0.2304736697072508;-0.030685624600723035;-8.930276959904261e-06;-8.43489519246237e-06;-0.09973155121387153;0.9950143805702397
42.239;-0.22867946157580143;-0.2645938796814749;-0.030687011474698933;-1.1580010107456211e-06;-3.527146125912282e-06;-0.08771816707982352;0.9961453323438176
42.323;-0.22198704134054903;-0.28766610543181714;-0.030685654016824805;-8.812552070906624e-06;-8.828722364090342e-06;-0.08602888785308953;0.9962926429012477
42.402;-0.21255093620485885;-0.3227747954922401;-0.0306871717378136;-1.7946703581158934e-06;-1.9282977714024456e-06;-0.08822988173942058;0.9961001395247913
42.489;-0.20698086240748143;-0.34732019621255183;-0.030687081194756653;-1.996487448504973e-06;-3.726783631452261e-06;-0.08514960759237782;0.9963681770856542
42.579;-0.19838301353480386;-0.3849764301021149;-0.030686998825019268;-2.692991814042316e-07;-4.143121711525036e-06;-0.08410732177749901;0.9964567017217448
42.661;-0.19327707007077044;-0.4103237491434602;-0.030687001808228136;-2.5153362120295648e-06;1.022243882534006e-05;-0.08993695339472388;0.9959474606138871
42.745;-0.1910167580496693;-0.4360237645440999;-0.030688263881272923;1.6145692363209765e-06;-1.047778835062984e-05;-0.0916630303113744;0.9957900826789475
42.817;-0.19281814973685985;-0.473835160766897;-0.0306873039767305;-6.959050166030373e-07;-3.502212294634272e-06;-0.09252964794850911;0.9957099297675882
42.903;-0.19758104529182008;-0.4995242826897549;-0.030686968316288546;-1.3119468507305157e-06;-4.0759364792432485e-06;-0.09130834314961273;0.9958226681758848
42.989;-0.20477924049254906;-0.5390419731389486;-0.030686960918344365;-6.496691221524775e-07;-4.277269066251332e-06;-0.08949527355476225;0.9959872469026102
43.066;-0.2095644266056051;-0.5656521203405005;-0.03068698427627593;-1.0621528870977375e-06;-3.993343284779943e-06;-0.08915794343273183;0.996017500401359
43.15;-0.21431268574153772;-0.5921270824820025;-0.030684507734176712;-1.4819200543408175e-06;1.0552440019192098e-06;-0.09316283398852072;0.9956508857827214
43.232;-0.22229075140021304;-0.6309876555763823;-0.030685590648861692;3.0813721037803075e-06;-5.9055573695253e-07;-0.11276407601758352;0.9936217907987209
43.316;-0.22847954976539592;-0.656046126293412;-0.030685454128323873;1.8716763193421553e-06;1.7774583076117536e-06;-0.13193349436966137;0.9912585702311724
43.392;-0.23564543896967227;-0.6808923884162543;-0.030685385154779837;1.3709334928807125e-06;2.460640345671505e-06;-0.15104613955057178;0.988526713710325
43.476;-0.24819706552593984;-0.7179200375315109;-0.030685802865716566;-1.0003344998480258e-05;-5.012004700260817e-06;-0.17765973263464196;0.9840919770402562
43.555;-0.2577201070800792;-0.7426234931231619;-0.030686887093434742;-1.1738494961778534e-07;-2.8290618176059183e-06;-0.19091108318128316;0.981607334075358
43.637;-0.2732128858456565;-0.7794773737249644;-0.030687101376274943;-6.161866926460547e-07;-3.6378017864947863e-06;-0.2067931921439109;0.9783846767347281
43.72;-0.28423409655658605;-0.8040471949093263;-0.03068701907872743;-2.127763271235508e-06;-2.744049136563814e-06;-0.2133408544499137;0.9769778297436046
43.795;-0.28988248585040766;-0.8163272849650073;-0.030687001442046984;-1.1815137240600219e-06;-3.4652437538667753e-06;-0.21580069710465397;0.9764374322585865
43.875;-0.30717747784062566;-0.8531212551387534;-0.0306870054395966;-1.2973247988723262e-06;-3.6032258991518007e-06;-0.22077747247516175;0.9753242064220558
43.962;-0.32481656748298243;-0.8898130991992033;-0.03068700913665883;-1.3184760920879066e-06;-3.5945577994252675e-06;-0.22477125205409326;0.9744115579340057
44.051;-0.34276033142306145;-0.9263683637582062;-0.03068701359236972;-1.3325251067789852e-06;-3.5887556441238547e-06;-0.22876309385811008;0.9734821245784695
44.117;-0.35488320425598785;-0.9505701926877008;-0.030685220015625188;5.837363025358284e-07;4.455827574881834e-06;-0.23343223999011295;0.9723730710550367
44.188;-0.36725630818763577;-0.9746471824899872;-0.030685297809680594;9.2856763086855e-07;2.8481420291560732e-06;-0.23873504652739708;0.9710847427236139
44.263;-0.37990211355372516;-0.9985592711344559;-0.030685336855726743;1.1289309822668e-06;2.5475283380909348e-06;-0.24493357500323898;0.9695398619078888
44.353;-0.3928520242118572;-1.0222027724884186;-0.03068537374079529;1.3239863843129496e-06;2.1818094389130437e-06;-0.2530703700413284;0.9674478734281408
44.443;-0.41302044869302457;-1.0572244731157228;-0.030685648889565487;-9.911216860049719e-06;-5.283148614247474e-06;-0.26329542160514413;0.964715253759173
44.517;-0.42682552959283715;-1.0803390986068668;-0.03068709471736593;-6.152143158874934e-07;-3.384344556720731e-06;-0.269023860576555;0.9631335122550009
44.606;-0.4480832770475406;-1.1147440553338779;-0.030687011656036628;-1.082146162451178e-06;-3.237200170724332e-06;-0.27892988135852154;0.960311470968493
44.678;-0.4626727091670091;-1.1375056598494528;-0.03068703910516716;-1.4234592984326519e-06;-3.364427437382406e-06;-0.2845217081189286;0.9586695977216246
44.767;-0.48498358058563246;-1.171521838363176;-0.030685792216704748;-1.0103162910680981e-05;-4.3378258141558295e-06;-0.28913563670514814;0.9572881402515222
44.854;-0.5000248963112855;-1.1941415851861412;-0.03068568328472878;-1.0326127390450269e-05;-5.1324434630232205e-06;-0.288976425543721;0.957336213326856
44.934;-0.5225883681768818;-1.2280220142520824;-0.030685275772733882;7.044331820957459e-07;2.0969298137739846e-06;-0.29138457688268565;0.9566059943100947
45.023;-0.5377505640734411;-1.2503937016348625;-0.0306853694799522;1.260855193413141e-06;2.3639825985562215e-06;-0.2974469105325049;0.9547383596606402
45.103;-0.553161477622335;-1.2725929992871066;-0.03068572589342967;-1.0556650198761146e-05;-3.7771438246023014e-06;-0.3028635140588523;0.9530339404901662
45.186;-0.5766177621457661;-1.3057887840015594;-0.030687037117701665;-1.556921353308714e-06;-3.4800340981026735e-06;-0.3047735336108856;0.9524248491066368
45.275;-0.5923790380643001;-1.3277458943440152;-0.030685510996644648;1.796062438219638e-06;-1.7464358971730535e-07;-0.30955239522015804;0.9508823873698612
45.353;-0.6163588034728995;-1.3597232164336686;-0.03068555358529039;2.190977421551688e-06;5.734556772021179e-07;-0.3262846999427208;0.9452715454186483
45.438;-0.6328411648401296;-1.3802404179361047;-0.030685891276439156;-1.0782440893471996e-05;-3.3858540601902053e-06;-0.3410185156152844;0.9400565790843779
45.525;-0.6588321759490501;-1.410520345996559;-0.030685638068558556;6.3328818217990985e-06;-7.377846380128382e-06;-0.3580466695465482;0.933703690863481
45.603;-0.676589597722226;-1.4297158681308528;-0.030685440627089146;1.644156312955082e-06;1.5176487843387181e-06;-0.3747124333430731;0.9271410854304251
45.689;-0.7044720653809609;-1.457211695316722;-0.030685506279725386;2.0851314487104323e-06;1.7361748165243302e-06;-0.39996439324410754;0.9165306782260543
45.775;-0.7238591709250894;-1.4747238395319182;-0.030685971813706713;-1.240134726950485e-05;-2.3148772731763037e-06;-0.41615194540359796;0.9092950886140586
45.856;-0.7440905935774315;-1.4922113183329595;-0.03068547306028254;-1.0408481131657975e-05;-2.399209681334862e-06;-0.4210800140121709;0.9070234956633799
45.939;-0.7751054428555442;-1.518270869624326;-0.030685449080360826;9.290544120340642e-07;-1.911142651470648e-06;-0.42486630169908857;0.9052561105433222
46.024;-0.8063648192682998;-1.5437661740155428;-0.030687360491564133;-1.0032373245294547e-06;-3.61280643663241e-06;-0.4347690036138247;0.9005420109481753
46.105;-0.8276009934664204;-1.5605393968814358;-0.030687090485769217;-2.211932631312758e-06;-3.150790556866388e-06;-0.43810943092536286;0.8989216464850731
46.193;-0.848987442792746;-1.5772164534902324;-0.030687090681292828;-2.1102757777140226e-06;-3.1692565494485905e-06;-0.44055468058724784;0.8977257785082096
46.278;-0.8812098298527777;-1.601898966420139;-0.03068701300648912;-3.749660008246682e-07;-3.8378586765754434e-06;-0.4470649529488431;0.8945014968293674
46.361;-0.902819591860956;-1.6178867140415383;-0.030687056261825663;-1.3942274756071824e-06;-2.8581654266318266e-06;-0.4549221081647311;0.8905312321827032
46.454;-0.9358087877482824;-1.6411886316586344;-0.030687086143817863;-1.8080094816953608e-06;-2.9020190231298074e-06;-0.4659642861536963;0.8848035284839146
46.542;-0.9581601431286547;-1.6563522890019007;-0.03068707517092353;-1.7230074414064122e-06;-2.9138144019123354e-06;-0.47203628176345325;0.8815791221935072
46.542;-0.9694148043862131;-1.663819392803367;-0.030687076191446352;-1.732502377054924e-06;-2.907498116247114e-06;-0.47506617280477526;0.87995007326846
46.61;-1.0148331963191717;-1.6932249601464848;-0.030687080306916994;-2.7059957290669843e-06;-3.124712074402491e-06;-0.48056359901041706;0.8769598778103073
46.683;-1.037689799642243;-1.7078567291264142;-0.030687124097061563;-2.5603731396069666e-06;-3.1993300652828346e-06;-0.4803104984159663;0.8770985264464961
46.762;-1.0605562905563783;-1.7225062289541244;-0.030687055774804288;-1.1927132717260677e-06;-4.458581887566771e-06;-0.4802299644879524;0.877142623058872
46.853;-1.094870298222896;-1.7443904620191846;-0.030685746984679005;-1.1245085915917974e-05;-2.9894350651671786e-06;-0.48212228854992334;0.8761039314761666
46.935;-1.1178420230877328;-1.758908137935969;-0.030685749676249142;-1.1168746202759573e-05;-2.8455935092297085e-06;-0.48203016344587674;0.8761546218536446
47.008;-1.1521842241025375;-1.780645699809964;-0.030685367526958635;1.2894459954726793e-06;2.1078188443777235e-06;-0.4849812922577625;0.8745245257589321
47.1;-1.1750831775433677;-1.7947587103506244;-0.0306854604723173;1.832892499998497e-06;1.9438105247330494e-06;-0.4920461693747773;0.8705691053537739
47.183;-1.2099027757324214;-1.8153699823553442;-0.030687109442153;-2.0794351833150884e-06;-2.9362868801934903e-06;-0.500062323034204;0.8659894185662372
47.274;-1.233389972028746;-1.8288209182268602;-0.030687108074630008;-2.0914393151401094e-06;-2.920224130203618e-06;-0.5041962572399272;0.8635891003089069
47.353;-1.2570205829432957;-1.842055458483188;-0.030687109168859215;-2.1043700561564774e-06;-2.9090636713293817e-06;-0.5083219581453736;0.8611671073922657
47.436;-1.2926156835245466;-1.86135881269629;-0.030687068384876594;-1.3685889967054287e-06;-2.9257212713209984e-06;-0.5170000192279571;0.855985385452263
47.531;-1.31650071316044;-1.8737027659580399;-0.03068708746798087;-1.6140370766813638e-06;-2.731233312309195e-06;-0.5246631620910601;0.8513099120382338
47.608;-1.3527480738242235;-1.8914147274689637;-0.030687089507061338;-1.6470792514126773e-06;-2.7088001638620077e-06;-0.5361022928485459;0.8441530261703036
47.608;-1.3771949550015752;-1.902792235201574;-0.030687242064468073;-2.0878369199482855e-06;-3.1212854904153153e-06;-0.5416277849958898;0.8406184286026238
47.775;-1.414137002586762;-1.9192289242856306;-0.030687078386004138;-1.5870246304726694e-06;-2.719826857509629e-06;-0.5501850885856655;0.8350427344082861
47.853;-1.4389112280319556;-1.9298344636595217;-0.030687256769602742;-2.421358958192387e-06;-3.190088609426386e-06;-0.5546362870719777;0.8320928968853005
47.944;-1.463918391855217;-1.9402154060950962;-0.030687130967243976;-2.517519196006825e-06;-2.8379975453315372e-06;-0.5568813846678998;0.8305920318640017
48.017;-1.5015846515006996;-1.9556478450692052;-0.03068577173077862;-1.1381929561256473e-05;-1.8312934217301794e-06;-0.5576385792660472;0.8300838600895951
48.096;-1.5267582736227925;-1.9658997943818433;-0.030685772714381616;-1.1374714245895474e-05;-1.8387453615486363e-06;-0.5575511954274316;0.8301425566399284
48.179;-1.5645303198168525;-1.9812937214877255;-0.030685774482011992;-1.1371891538479711e-05;-1.842305426980291e-06;-0.5574195359346427;0.8302309683610302
48.267;-1.5897119398302788;-1.9915641908297732;-0.030685775679551948;-1.1371294744061347e-05;-1.8438089891878845e-06;-0.5573317070217968;0.8302899302144188
48.35;-1.6148629838295243;-2.001849095326244;-0.030685249710482473;-1.454587294945425e-06;-3.608736592076945e-06;-0.5576495418247058;0.8300764955638467
48.424;-1.6523814702571669;-2.0170995324392527;-0.030687154075065226;-2.7526478175700335e-06;-2.8969522121707875e-06;-0.5605226860513892;0.8281390694839643
48.505;-1.677548352179186;-2.027185614772574;-0.0306871776299749;-3.1144844808787078e-06;-2.4567201770498423e-06;-0.5610514380109994;0.8277809395546954
48.587;-1.7027537232687164;-2.037271274756548;-0.030687160998410505;-2.8450699088225403e-06;-2.9329372226023938e-06;-0.560855261113711;0.8279138699553079
48.673;-1.7405592050273084;-2.0523985550955617;-0.030687082654044774;-1.5530043644445614e-06;-3.7662829092309664e-06;-0.5618585765887812;0.8272333043930425
48.758;-1.7656983627938045;-2.062343047253632;-0.030685922527923678;-1.0963012953588492e-05;-2.8299115224411184e-07;-0.5659643271674913;0.824429730330961
48.839;-1.8036129858747236;-2.0769847581996914;-0.03068718225612363;-3.1314649864153115e-06;-2.432941121102791e-06;-0.5667473344719111;0.8238916548025346
48.924;-1.828954899527082;-2.086721718188078;-0.030687166657152223;-2.8653238252206955e-06;-2.9122804019893806e-06;-0.5665521741381002;0.8240258697169043
49.007;-1.8542346919988029;-2.096528302832364;-0.030685708231753178;-1.2033221059154693e-05;-4.777288173215995e-06;-0.5657053435482124;0.8246074606219485
49.082;-1.8889119740801232;-2.1123108109309707;-0.03068576031519392;-1.1578615822159763e-05;-3.5197149774478513e-06;-0.571748993241183;0.8204286005383045
49.165;-1.910184991493645;-2.123638687189383;-0.03068577504935801;-1.0643213626172392e-05;-5.4194954030259665e-06;-0.5805146367390993;0.8142498120288533
49.239;-1.9304758638993147;-2.135570834991751;-0.03068562275785683;-1.1947336552235775e-05;-1.3420252653209487e-06;-0.5934182369702458;0.8048942762168118
49.31;-1.9506740144649537;-2.1486991705050813;-0.0306858168447708;-1.3206653029320335e-05;-9.774444890457047e-07;-0.6046239042928311;0.796511101104261
49.392;-1.9812697117772322;-2.171393466822725;-0.030685862212263444;-1.2013205822561551e-05;-9.76081435250784e-07;-0.6079994264557547;0.7939374643409918
49.474;-2.0018760188753024;-2.187367125142724;-0.030685840809509715;-1.1495686987912393e-05;-7.855643526219725e-07;-0.6068506407603506;0.7948158904274523
49.552;-2.021620223775839;-2.203784840333498;-0.030685890435825106;-1.1767653506700975e-05;-2.929370567884795e-06;-0.6076814820985234;0.7941808460089448
49.632;-2.0480880337158616;-2.2298506655425037;-0.03068582039083833;-1.1768890719961162e-05;-1.8777479623899083e-06;-0.6158372001669377;0.7878734306654303
49.704;-2.0666170027705433;-2.246274873944482;-0.030685627469330526;-1.0043681662945547e-05;5.4251198961750945e-06;-0.6173211377505413;0.7867112639056782
49.794;-2.084987003174118;-2.262076945112282;-0.03068577766620885;-9.898475465734425e-06;7.742029531093311e-06;-0.619707068128325;0.7848331985548758
49.87;-2.1112965065263327;-2.287938753615411;-0.030685872299813906;-1.0169316304054243e-05;-3.7328513938366365e-06;-0.6254886315940418;0.7802332802625535
49.951;-2.1282748435630103;-2.3071005433597835;-0.030687359476866193;-3.4817406890021914e-06;-2.3511336755374438e-06;-0.6248306709078724;0.7807602914308386
50.022;-2.1453826552384205;-2.3268834052627234;-0.030687342727566312;-3.3511837972077553e-06;-2.721111953818545e-06;-0.6239254114125908;0.7814838968110569
50.102;-2.1626251605636657;-2.3468694216203874;-0.030687398798402585;-3.213316713970387e-06;-9.464069319044329e-07;-0.623533296929116;0.7817967943202925
50.185;-2.1869693784747035;-2.3778626283836464;-0.030688149666522432;-3.3601062459422614e-06;-8.160748410753658e-06;-0.6186965929493159;0.7856300183897128
50.27;-2.2005873910929794;-2.39974705083373;-0.030686145342705484;-4.582687465735021e-06;7.701634531347043e-06;-0.6153383206827482;0.788263122960233
50.359;-2.220224074865624;-2.433442432309614;-0.03068607025416393;-5.1150295205259995e-06;7.627433191017637e-06;-0.6102503837308463;0.7922086019931958
50.434;-2.234632700937455;-2.454869918697322;-0.030686187539112144;-4.583958539920724e-06;8.923460345325759e-06;-0.6061503228133345;0.7953501028180293
50.52;-2.256315642543744;-2.486479881186222;-0.03068593304207253;-4.951012277922575e-06;4.5544663390492644e-06;-0.595368186965634;0.8034529991878792
50.606;-2.2674803829328916;-2.5088369712405716;-0.030685785239538542;-4.4863553495182e-06;4.475370031514758e-06;-0.592910281733362;0.8052685252601826
50.682;-2.2776820738625165;-2.531140769990767;-0.03068617118475054;-4.978285928144039e-06;9.244036824343793e-06;-0.5934710582649306;0.8048553304114149
50.763;-2.2945823556920777;-2.5650373913770013;-0.030686077076325452;-5.196447316004941e-06;7.374044862767817e-06;-0.5864280144062395;0.8100013480471351
50.837;-2.3056600421471916;-2.5883037966660494;-0.030684823910357206;-3.849223133288648e-06;-4.450474344727174e-06;-0.5809027347466127;0.8139729803435022
50.921;-2.314163530613157;-2.612388810572928;-0.030686054431549793;-5.1502674739896594e-06;6.689112896132373e-06;-0.5815395496100698;0.8135181326608816
51.003;-2.3280859270225815;-2.647974938259316;-0.03068547614391192;5.3395070703236215e-06;1.3670374564905128e-05;-0.5819763618935451;0.813205702133085
51.085;-2.3400134710246587;-2.669100757785911;-0.03068743903842983;-1.9575529644264105e-06;-1.0696075977640608e-06;-0.5751389576684366;0.8180557312109537
51.175;-2.3575984832063868;-2.700925554468161;-0.030685339257484835;3.0246129726777495e-06;9.47672256482594e-06;-0.5629335906860767;0.8265021308976305
51.258;-2.369490221412821;-2.722343453815961;-0.030686120537391268;-4.788613055074736e-06;8.323702148227037e-06;-0.5561790088332417;0.831062518731929
51.331;-2.3815690829735807;-2.744043567816935;-0.030686010779423692;-3.4177403025094177e-06;7.3898802814459045e-06;-0.5453838782067909;0.8381863905634765
51.402;-2.3930607165174314;-2.7662560071938485;-0.030685891695022154;-2.5485198325001672e-06;7.345633861593309e-06;-0.5305430492512955;0.8476579928430358
51.475;-2.403689963573302;-2.7888962387048153;-0.030685537272391147;-1.2716848907153099e-05;7.948317208248078e-06;-0.5138868899893865;0.8578579509873078
51.558;-2.4191155212769835;-2.824377249897909;-0.030686019090875767;-5.8457814941674914e-06;6.509215004285253e-06;-0.4976074411859556;0.8674023486248021
51.647;-2.4290816444729364;-2.8486268480326067;-0.030686073195485254;-6.276807245825916e-06;6.544427602446262e-06;-0.49098032091367955;0.8711706631844719
51.734;-2.443738165291199;-2.885450201546096;-0.030685994744472707;-6.316783088108317e-06;6.55474582127772e-06;-0.48481362372319864;0.8746174879165832
51.817;-2.453453341015229;-2.9101213994302064;-0.03068609722304288;-6.4068792296100665e-06;6.718507068243359e-06;-0.4836435225666849;0.8752650701319584
51.891;-2.4679677631795744;-2.947238736269487;-0.030686095448676804;-6.4034007642789485e-06;6.757353779036433e-06;-0.4824911793389501;0.8759008287320225
51.976;-2.477642339648699;-2.972008085033441;-0.03068609939919949;-6.398220621695589e-06;6.765177548137708e-06;-0.4823437610012177;0.8759820181581899
52.062;-2.4873133898130138;-2.996793097014834;-0.0306861022030797;-6.39712453496671e-06;6.763779610009346e-06;-0.4821931322983855;0.8760649422717472
52.149;-2.501875268361061;-3.033900458100845;-0.030686078663541436;-6.288425886042823e-06;6.970756044714102e-06;-0.48341111521656677;0.8753934507391175
52.231;-2.5117117971259946;-3.058580095335451;-0.030686105676129834;-6.35345065893843e-06;6.869600821144272e-06;-0.48510587103141894;0.8744554269963053
52.303;-2.526499520229554;-3.0956680845832367;-0.03068611357191746;-6.369905840370426e-06;6.785021431290367e-06;-0.4853254999389473;0.8743335513534859
52.395;-2.536344562288156;-3.1203999002408396;-0.030686116845534378;-6.37207644790329e-06;6.785326851515179e-06;-0.4851752845798816;0.8744169160910525
52.475;-2.5461214266348766;-3.1451602578607494;-0.030686182212629285;-6.337338604035543e-06;6.727031545807214e-06;-0.48405181822507026;0.8750393346516422
52.551;-2.560297886560863;-3.182413209917414;-0.030686116988996856;-6.287908012683345e-06;6.4879334481768354e-06;-0.47774935252561945;0.8784961901338675
52.641;-2.5738828338773754;-3.2198315452018496;-0.030686128788373082;-6.460398793197584e-06;6.495919786555972e-06;-0.47136754956251237;0.8819368645971766
52.728;-2.581292332900928;-3.245009629763784;-0.030685659882305375;-4.052362267098896e-06;2.604341426657074e-06;-0.4673719456866637;0.884060780920553
52.81;-2.5852544833775135;-3.2700007908394872;-0.030686100161558757;-4.833667665736558e-06;4.252182508787981e-06;-0.4604982739521465;0.8876605993540823
52.895;-2.5865945253268894;-3.294684925583128;-0.03068612681375097;-5.556114150376436e-06;5.545610116575757e-06;-0.4527424944070371;0.8916413144849613
52.974;-2.5888956416490068;-3.3316624857015467;-0.030685616556053088;-2.474516011924834e-06;1.4061720119262116e-05;-0.43949293763256253;0.8982460451163954
53.063;-2.5937745571198567;-3.3669693763782087;-0.030685625930610125;-9.977257365992063e-06;-7.19300590843911e-07;-0.42251458832105726;0.9063561234723494
53.145;-2.5942303366885926;-3.3910105008798235;-0.030685912166616758;-1.0868559094605046e-05;1.4078342014837578e-05;-0.41986666991726734;0.9075857971433109
53.23;-2.598001815148393;-3.4263580613211184;-0.03068616411783308;-6.847991075101419e-06;5.054206010015039e-06;-0.41503029130710173;0.9098075935191476
53.314;-2.600413663373472;-3.4505234421126243;-0.030685680946187288;-5.346369565235236e-06;1.807195523770043e-05;-0.41043202423726716;0.9118911958810217
53.314;-2.6043999552205244;-3.4747884527703974;-0.030686189767277897;-6.466798714771461e-06;7.371854627617623e-06;-0.40230362462187097;0.9155063044676104
53.483;-2.6104663798198313;-3.5123781814039132;-0.030686080255430594;-6.292556655109046e-06;5.858924695376383e-06;-0.38624023435616645;0.9223982227273482
53.569;-2.613871031474912;-3.5380382514661557;-0.030685998714486865;-6.836487563415669e-06;5.488525211066944e-06;-0.37534919012300066;0.9268834799461827
53.657;-2.6181175679436293;-3.577069414585117;-0.030685948657508504;-7.182939145145846e-06;5.259288204518632e-06;-0.3617677390305059;0.9322682569504879
53.741;-2.6205962687031636;-3.603333492935157;-0.03068598509791444;-7.042667483087141e-06;5.494836842000568e-06;-0.3566415616050731;0.9342412945573015
53.823;-2.6242519039684535;-3.642887045441906;-0.0306861769678295;-7.2804739570803736e-06;5.786639529898455e-06;-0.35521682399289445;0.9347839364612075
53.89;-2.6266829993937493;-3.669335849207752;-0.030686180821330806;-7.270094368046598e-06;5.79671523269771e-06;-0.3550589064736768;0.9348439296734299
53.981;-2.630740201405963;-3.708893541905723;-0.03068661410323144;-8.525219295787249e-06;1.8375377812219247e-05;-0.35752624459071264;0.9339030913422056
54.065;-2.6372679408647497;-3.733831253254562;-0.030685728921427895;-1.1489622031986986e-05;1.230928301203125e-06;-0.35330690404030574;0.9355074726713453
54.149;-2.6434201878817327;-3.7576622843594176;-0.030685404029790635;-7.478961796535729e-06;-2.1153986215190996e-06;-0.3561772552729411;0.9344184088329085
54.232;-2.650747399490375;-3.793764643973284;-0.030686004535660723;-1.0785507206329843e-05;-5.12121985159131e-06;-0.36623960472631256;0.9305205810659753
54.319;-2.654615791981016;-3.818958317200398;-0.030685978380665016;-1.077859924568694e-05;-4.406709843083173e-06;-0.37306062427155573;0.9278069683304389
54.405;-2.660560162226177;-3.857809949659284;-0.030685863772293792;-1.0580486528077407e-05;-2.586161717806185e-06;-0.3831478219866949;0.9236870392011665
54.491;-2.6646764852586093;-3.884097480314955;-0.0306875113865199;-2.4321022168900444e-06;-3.089985408523955e-06;-0.38481578856408244;0.9229933958898842
54.578;-2.670936807720481;-3.9235455223740674;-0.03068753789372708;-2.4532872010730108e-06;-3.156732041693699e-06;-0.3855361272236716;0.9226927411600188
54.66;-2.6750986683492277;-3.9498451553141063;-0.030687538170880907;-2.452846201663908e-06;-3.1699835711312164e-06;-0.38537445946424254;0.9227602754651817
54.752;-2.6813291109525945;-3.9892838805955333;-0.030687531132704178;-2.250207844162577e-06;-3.4714410335916635e-06;-0.3852069974495561;0.922830195159859
54.836;-2.685529296329195;-4.015548888604402;-0.030687534907905815;-2.405672039281937e-06;-3.125433706374129e-06;-0.3859936626998316;0.9225014321614972
54.92;-2.6919120558063554;-4.054947271643799;-0.030687552453612738;-2.5886593517484747e-06;-2.809043770966472e-06;-0.3871661965124091;0.9220099436901549
55.006;-2.6961680207997762;-4.081229850010965;-0.030687553909294743;-2.4575542983159793e-06;-3.1681270571962465e-06;-0.3870501671152613;0.9220586576351699
55.083;-2.702856902032018;-4.120369091728816;-0.030687479887848368;-2.0884244496600443e-06;-2.9742433415004858e-06;-0.39183183741883065;0.9200368531595761
55.175;-2.7076042487966694;-4.146457929563735;-0.03068752604780583;-2.2923898010967757e-06;-3.0114329604631413e-06;-0.39551484288629357;0.9184595848714884
55.254;-2.71502700218821;-4.185626042567308;-0.03068752651407345;-2.2920604636892166e-06;-3.015249541393483e-06;-0.3996686295585742;0.916659689597195
55.344;-2.7201737053079396;-4.211705682357665;-0.030687529678406114;-2.300574173728288e-06;-3.0076260750757883e-06;-0.4024385360400308;0.915447008130792
55.344;-2.7283121903441443;-4.250643345731512;-0.03068749595198468;-2.118170351525355e-06;-2.9312997006418303e-06;-0.40856478984722516;0.9127293204910278
55.507;-2.7340613307213144;-4.2765317017774915;-0.03068752708256455;-2.696597124173404e-06;-2.3504779493658735e-06;-0.4130978747519867;0.9106866342834924
55.507;-2.742904826381646;-4.315463530458335;-0.03068759070947032;-2.5612701978336407e-06;-3.0469703764865322e-06;-0.41577712748705337;0.9094665360763805
55.591;-2.7487944822770802;-4.341440177807399;-0.030687585478583614;-2.5586832760714215e-06;-3.0833464917519933e-06;-0.41561127543944965;0.9095423397025231
55.674;-2.754672331343527;-4.367407772178956;-0.0306875885550223;-2.560460388178082e-06;-3.0847426781371947e-06;-0.41545531952841575;0.9096135868925169
55.757;-2.7634705321207824;-4.406354774280364;-0.030687593165957643;-2.5610411861382144e-06;-3.08588284447231e-06;-0.4152211571562741;0.9097205013814534
55.85;-2.769354344974704;-4.4323007197635835;-0.03068758249619058;-2.506339363488903e-06;-3.0564543616236744e-06;-0.4155767189413582;0.9095581293454045
55.924;-2.779895359664039;-4.469898319778453;-0.030685757824985713;-1.0665785608292743e-05;-1.9076893682556853e-06;-0.4105716142335805;0.9118283552666225
56.006;-2.786682581545293;-4.494437727757414;-0.030686251608870122;-1.1571136060878643e-05;-5.363914906242105e-06;-0.4105219192963399;0.9118507298974907
56.092;-2.7957250423333297;-4.532269004204469;-0.030686053538977062;-1.1166769531411601e-05;-2.9009145177644473e-06;-0.41619745764202365;0.9092742579217803
56.18;-2.801861300431672;-4.5579784793829266;-0.030686098944189243;-1.119906742247954e-05;-3.223296333348334e-06;-0.41991388163577775;0.9075639547016867
56.26;-2.8113562265009806;-4.596727319438767;-0.030686126567311248;-1.1272444998984096e-05;-3.256967003037397e-06;-0.42317014806860664;0.9060502335113202
56.348;-2.8177794453352876;-4.622574156659817;-0.03068612043004665;-1.1285853412305457e-05;-3.0450157839069726e-06;-0.42419995622473183;0.9055685490355178
56.423;-2.8242012782810537;-4.648427504473261;-0.030686137542337812;-1.1302932834385811e-05;-3.185734870314725e-06;-0.4245803600787148;0.9053902571253591
56.507;-2.833850931408058;-4.687187558489953;-0.030686137827266438;-1.1309831938444651e-05;-3.0867501655172375e-06;-0.4246135017293337;0.905374714696469
56.594;-2.840284147925679;-4.713021682448818;-0.03068614096575174;-1.1310834088073302e-05;-3.0867174769819665e-06;-0.4246347590155624;0.9053647448947482
56.679;-2.8499357664733562;-4.751770347232737;-0.030686145616614632;-1.131132657995955e-05;-3.0864058190106627e-06;-0.42466663019531925;0.9053497959689834
56.753;-2.8563716027241415;-4.7776020401632415;-0.030686148706462663;-1.1311463071457682e-05;-3.0861516650602593e-06;-0.4246878745706582;0.9053398307018108
56.837;-2.8660275979774483;-4.816348882350983;-0.030686153338052604;-1.1311602356246703e-05;-3.0857564509703164e-06;-0.424719739641298;0.9053248823607766
56.925;-2.8724664373232236;-4.842179707864912;-0.03068615642452026;-1.1311683105270072e-05;-3.085489252738223e-06;-0.42474098248043957;0.9053149162938148
57.011;-2.8820664914966327;-4.880944976282169;-0.03068617297642844;-1.1309391496163666e-05;-3.2442970756684116e-06;-0.42412445469597315;0.9056039127512734
57.1;-2.888400363860926;-4.906796290827442;-0.030686171661403618;-1.1309148940470473e-05;-3.1570451618552045e-06;-0.4231380498416687;0.906065224273797
57.189;-2.8978989890641107;-4.94555614598579;-0.030686169191431516;-1.1309466127113033e-05;-3.11503876649128e-06;-0.4228083026576906;0.9062191451663971
57.269;-2.9041668663866775;-4.9714276447799515;-0.03068618383001478;-1.1303583105579489e-05;-3.2690962617953818e-06;-0.4221806842046789;0.9065117041417674
57.357;-2.910389311255092;-4.9973040000745845;-0.03068618246623222;-1.130254691701261e-05;-3.1816499659527033e-06;-0.421193361343409;0.906970866247847
57.437;-2.919569878209469;-5.036147212769872;-0.030687854732596977;-2.137508006059902e-06;-2.58583779341542e-06;-0.4194920749658938;0.9077589983192419
57.529;-2.9254697431997303;-5.0620820378263875;-0.030687685312972682;-2.657412669146209e-06;-3.212032988908765e-06;-0.416425099565777;0.9091700261415648
57.613;-2.9339259081367115;-5.101033014018461;-0.030687704445842567;-2.5987771317093818e-06;-3.3083835047039685e-06;-0.4107500343712203;0.9117479965683185
57.699;-2.9391925185757435;-5.127037577190914;-0.030687699772590518;-2.589836665970666e-06;-3.3585358061129677e-06;-0.4056585873464886;0.9140246771800333
57.784;-2.946715136625216;-5.16612935131148;-0.030687671789997005;-2.1569683352029807e-06;-4.207728457861183e-06;-0.40025816563590133;0.9164024229668023
57.876;-2.9541855063500084;-5.205252094608493;-0.030687688094864843;-2.5182478262045135e-06;-3.1343452020480522e-06;-0.3998951828754176;0.916560877790925
57.954;-2.9591601378171255;-5.231375714878221;-0.030687691342235007;-2.5115693794161373e-06;-3.1324867820231987e-06;-0.39973744098848274;0.9166296843632433
58.052;-2.9666092344118646;-5.270585101421762;-0.030687696122376387;-2.5071845427395584e-06;-3.131922272895699e-06;-0.3995012027383617;0.9167326704086136
58.143;-2.9715451082176942;-5.296735599855877;-0.03068773985254097;-2.7645850123221194e-06;-2.0667624754223723e-06;-0.39913669177272487;0.9168914337416457
58.236;-2.9785351496166084;-5.335993740287448;-0.03068773323267477;-2.5344295693433815e-06;-3.3078956227599704e-06;-0.3935992073183717;0.9192821460144779
58.316;-2.9829861025307194;-5.362126691091605;-0.03068769168984406;-2.4987991549487834e-06;-3.228678226064094e-06;-0.39107827725801714;0.9203574202668403
58.396;-2.9896811064634874;-5.401386622529001;-0.03068771136931797;-2.486084108213869e-06;-3.159886456339632e-06;-0.39085690368240866;0.9204514549000586
58.484;-2.9941406925986986;-5.4276031283929695;-0.030687714667109935;-2.4792956312033714e-06;-3.157988052741988e-06;-0.3906985415449932;0.9205186851001426
58.565;-3.000816744238281;-5.4669515448970145;-0.03068771946330478;-2.474928268610913e-06;-3.1573695980284998e-06;-0.39046128739280406;0.9206193475217973
58.658;-3.005257106042606;-5.493191129935406;-0.030687722621184143;-2.4735429768359696e-06;-3.157515726851794e-06;-0.39030318466766345;0.9206863874426467
58.742;-3.011901218754802;-5.532556093729047;-0.030687727336821798;-2.4722313945917774e-06;-3.1580068134989707e-06;-0.39006604977776815;0.920786879139078
58.83;-3.0164087646619895;-5.5587296611255015;-0.030687683421159212;-2.2675800143066296e-06;-3.070249542253461e-06;-0.3914565659941226;0.9201965860214442
58.923;-3.0233440345467715;-5.597994981766812;-0.030687724201534657;-2.4261799823843918e-06;-3.1116734961254945e-06;-0.3936224669845852;0.9192721868246642
58.988;-3.0280202487566297;-5.624191560506675;-0.03068774009002337;-2.6114905892195543e-06;-2.7876829481612306e-06;-0.39437825511249064;0.9189481986923073
59.076;-3.035018039976876;-5.663509673857325;-0.030687743086236015;-2.485215347022444e-06;-3.1458149674917668e-06;-0.39418361718584866;0.9190317056153219
59.165;-3.0396717129362774;-5.689718467035793;-0.030687746208743597;-2.485469782404735e-06;-3.146610602044869e-06;-0.3940259007268043;0.9190993360569638
59.242;-3.0466348306300706;-5.729031741149891;-0.03068775089205906;-2.485120151537439e-06;-3.147453285114606e-06;-0.3937892318363634;0.9192007620066711
59.324;-3.051265525489316;-5.755241825422084;-0.03068775401895942;-2.4846711732913692e-06;-3.1479320688752983e-06;-0.39363142653620037;0.9192683503890432
59.411;-3.0558871803743375;-5.781453271652522;-0.03068775714911586;-2.4841597909105506e-06;-3.1483949851290176e-06;-0.3934736060522365;0.9193359132135359
59.501;-3.0628027570533876;-5.820773243021185;-0.030687761845570934;-2.483344293935875e-06;-3.1490682904473516e-06;-0.39323685070295955;0.9194372078794368
59.596;-3.069691528578337;-5.860098733688939;-0.030687779139385682;-2.627774912212055e-06;-2.8214786215968794e-06;-0.39293049599735863;0.9195681732750455
59.676;-3.074212913364256;-5.886334476980488;-0.030687778408962616;-2.516803330296593e-06;-3.199777856329278e-06;-0.3918274161846223;0.9200387360918615
59.768;-3.0808721044672542;-5.925698596007663;-0.03068778304982521;-2.513711753766553e-06;-3.202514508739447e-06;-0.3901074520694606;0.9207693390981797
59.86;-3.0852293368870574;-5.95195218790181;-0.030687786157284985;-2.5099865258070223e-06;-3.205900846000089e-06;-0.3889601920594251;0.9212545625268388
59.947;-3.091742914095169;-5.991302601683077;-0.030687731557966814;-9.176038214124954e-07;-4.398182411673536e-06;-0.3886071327811417;0.9214035469496707
60.035;-3.0987389030022987;-6.030321192699755;-0.03068773638357126;-2.662920512922718e-06;-2.414276909208318e-06;-0.3953213636448068;0.918542878385702
60.116;-3.1036370281215655;-6.0564288928903105;-0.030687750121754294;-2.2860345654067547e-06;-3.0249911149196487e-06;-0.39817144474948446;0.9173110162707804
60.201;-3.1112872336569706;-6.09555584505695;-0.03068775482343499;-2.3007576060853926e-06;-3.008148785804078e-06;-0.40232696161848774;0.9154960491124434
60.201;-3.1182042158350116;-6.120788667745584;-0.030687435309583365;9.822247934447602e-07;8.947894363485536e-06;-0.4037753901400314;0.914858149789483
60.368;-3.1272653537436303;-6.143920857394987;-0.030687747691567256;-2.3184245867339724e-06;-3.5334783306444274e-06;-0.399246155102107;0.9168437749247818
60.459;-3.1402453510885455;-6.177592781257073;-0.03068779012417909;-2.5694434279240215e-06;-2.879534647715707e-06;-0.3920854924447465;0.9199287834389501
60.55;-3.152190762680096;-6.210966737141289;-0.030686626775922828;-1.1589710105900358e-05;-9.896863864071326e-06;-0.3830913758238408;0.9237104511355969
60.632;-3.158588992791131;-6.232664497959467;-0.030687748687727005;-2.3489803099222972e-06;-3.180878409842237e-06;-0.3822900825066416;0.9240423652633192
60.714;-3.1647637475492174;-6.253559918216438;-0.030687787904527745;-2.3107258453888383e-06;-3.274140441006293e-06;-0.3816821624411235;0.9242936367076257
60.802;-3.1760963345442446;-6.282787944810753;-0.030686297578243933;-1.0301043424175383e-05;-3.611107933448258e-06;-0.3790158893771777;0.9253901639203194
60.883;-3.187499410419523;-6.3106158692833985;-0.030686288371619734;-1.055842375311377e-05;-4.336224538952739e-06;-0.3703342308453533;0.9288985721454726
60.972;-3.194543762890302;-6.329130448603121;-0.03068650184725019;-1.1516315471780653e-05;-1.037714588194501e-05;-0.36402422488706687;0.9313894800002088
61.065;-3.1995604236362434;-6.347193520994617;-0.030686382796722103;-1.0729271166560498e-05;-5.417427193786172e-06;-0.3652233008124732;0.9309199430666291
61.141;-3.205654836967286;-6.373827570458639;-0.030685699298516472;8.212701929601198e-07;1.764984299611262e-05;-0.37374924059773285;0.9275297864976771
61.235;-3.2115002089344435;-6.390831749956893;-0.030686340128541427;-1.0892721507308573e-05;-3.939874392349683e-06;-0.3744509347832096;0.9272467294662229
61.311;-3.2215021407185214;-6.4147791630107704;-0.03068692008384319;5.769097415250204e-07;3.266345113120151e-06;-0.3737368578454199;0.9275347762088657
61.311;-3.228296765175113;-6.429349150657842;-0.030685171639544588;-1.9393868485940896e-06;-5.529212117283748e-06;-0.3737974580622368;0.9275103559054622
61.488;-3.2345014656582363;-6.450583671997562;-0.0306863339731909;-1.0287827244173553e-05;-5.3039191745667206e-06;-0.38116670299481537;0.9245063246912328
61.564;-3.2374131238799206;-6.465071440220524;-0.03068621459750245;-9.522520722044598e-06;-4.666571478999511e-06;-0.38916531661041526;0.9211679305289887
61.653;-3.243545392355841;-6.487070042078319;-0.030687884738905137;-2.497989178549159e-06;-3.0423888703184047e-06;-0.3980059458084921;0.9173828356174928
61.744;-3.248201620966124;-6.5013601599233555;-0.030687825614758142;-2.7246109280395263e-06;-2.812134929213441e-06;-0.39950932596724475;0.9167291303595987
61.828;-3.2562162013647984;-6.521727581076857;-0.030686970018464647;9.323757624948509e-07;3.6382662303713435e-06;-0.39823965380979587;0.9172814061777049
61.915;-3.2623286089073886;-6.533987266518404;-0.030686182347494394;-5.5862284641412045e-06;-9.341747401066571e-06;-0.3940038138818207;0.9191088045101656
62.006;-3.2669359900330726;-6.551916098917169;-0.03068635312092964;-1.1050759154898654e-05;-3.896858615675129e-06;-0.39702521535708596;0.9178077022085589
62.089;-3.2708056927162557;-6.56972973236252;-0.030687700944666524;-2.0103536315874507e-06;-3.1221108788906327e-06;-0.4023373249798319;0.9154914947252563
62.18;-3.2735078087086626;-6.581512900319244;-0.030687748655807683;-1.9070619768064584e-06;-3.145041155446359e-06;-0.40704629760831645;0.913407527662124
62.266;-3.2777892770429684;-6.599165296586301;-0.030687764132896995;-2.3870900605490924e-06;-2.9176466299618032e-06;-0.41404111770881574;0.9102581792174261
62.348;-3.2807738160061954;-6.610971229153244;-0.030687769097713972;-1.6790140994985659e-06;-3.264693048902741e-06;-0.4179715252522865;0.9084601279444244
62.433;-3.28663405248667;-6.6278639359185245;-0.030688331671973552;-1.4532758203506364e-06;-1.5494629699706068e-06;-0.4232208144108533;0.9060265681782745
62.519;-3.2916837838755346;-6.638041227921673;-0.030687837586582167;-2.673255186450956e-06;-2.6530400492696616e-06;-0.42204056656679456;0.9065769466282463
62.605;-3.298768686730995;-6.6528883906081155;-0.030687797912064146;-2.3588061254243955e-06;-3.0534394381108537e-06;-0.4168153629813358;0.9089911733167984
62.696;-3.303240981720319;-6.662666553639011;-0.03068776657526606;-2.1514361284352034e-06;-3.31271449519899e-06;-0.41205674456953195;0.9111581856292335
62.775;-3.3075571483016577;-6.672425540237286;-0.030687758384140937;-2.1357666682687176e-06;-3.391182531432862e-06;-0.4068326837273967;0.9135026915313947
62.859;-3.313397803283411;-6.686832878539538;-0.030686348051388736;-1.06238343993589e-05;-3.959844254828071e-06;-0.4043779076263762;0.9145919897392323
62.942;-3.316127022697079;-6.695424310555268;-0.030686344206705317;-1.0909962574933245e-05;-3.2845763954366733e-06;-0.4066165282249062;0.9135989266874762
63.035;-3.320031333701937;-6.707560635005162;-0.030686371419348817;-1.113407260105506e-05;-3.409749388477853e-06;-0.40973396803393114;0.9122050620905234
63.117;-3.3239135848057364;-6.7194819949957285;-0.030686359207112976;-1.1177699089686778e-05;-3.126170301914613e-06;-0.41214479832129386;0.9111183595351299
63.202;-3.32650374002095;-6.727418353069461;-0.030686381601724197;-1.1237896549388097e-05;-3.3009698234998135e-06;-0.41312207865722733;0.9106756546590805
63.297;-3.330367775997635;-6.739321210389698;-0.030686394132161527;-1.1279460675935223e-05;-3.393935104746538e-06;-0.4139740089796843;0.9102887013198303
63.38;-3.3329373118705425;-6.747260165839047;-0.030686391495250973;-1.1277440964776128e-05;-3.2940985009405268e-06;-0.4139797042047171;0.9102861112686182
63.474;-3.336790285272144;-6.759164153346702;-0.030686392946143858;-1.1278308032324773e-05;-3.2938888219583715e-06;-0.41398649794390285;0.9102830215828994
63.557;-3.339358757825457;-6.76709926340391;-0.030686393900769555;-1.1278470382586976e-05;-3.293854406472303e-06;-0.4139910217118455;0.9102809642104623
63.647;-3.343251616212257;-6.778918007707143;-0.030687840238978182;-2.4814410614082566e-06;-3.150182285817968e-06;-0.41549252580986734;0.9095965924408773
63.725;-3.345617884221933;-6.7867695901239795;-0.0306873305543584;-7.871108615896589e-06;-1.3599678742573835e-05;-0.4169310350375904;0.908938123183079
63.815;-3.346463817563474;-6.797137520235783;-0.03068785058918634;-1.9713193772467144e-06;-2.9308184378444667e-06;-0.42062475921836545;0.9072347060821783
63.904;-3.347318110769796;-6.806469744809008;-0.03068784527149323;-2.1528748654834626e-06;-2.9553115981268557e-06;-0.42457033690389573;0.9053949574677029
63.989;-3.3482423673289388;-6.812598538087197;-0.030687900302373394;-2.546911702049157e-06;-1.4579747528929614e-06;-0.4263975992225469;0.9045358408424929
64.066;-3.3500179666148338;-6.819091874681297;-0.030687883468688906;-2.4449191741585684e-06;-1.951013165521533e-06;-0.42636605574451436;0.9045507097443912
64.142;-3.352486821604536;-6.826183619594475;-0.030687857231032414;-2.8119019294630253e-06;-3.16622481114284e-06;-0.42617036342335635;0.904642924761849
64.239;-3.3564357994022918;-6.83755454187445;-0.030687863723431387;-2.6794669169342496e-06;-3.1393616115905206e-06;-0.425879761022839;0.9047797683050249
64.323;-3.360486491158551;-6.849235675217215;-0.0306878663953023;-2.639920360598999e-06;-3.131707369727866e-06;-0.42559353930235305;0.90491443755049
64.408;-3.3632026475601546;-6.857080501170043;-0.030687867626661716;-2.6302379015775007e-06;-3.130285830250512e-06;-0.42540350632768426;0.9050037882724001
64.499;-3.367280701358193;-6.868878193622504;-0.0306878691984555;-2.624146358720296e-06;-3.130021847959286e-06;-0.42511882919790267;0.9051375481354872
64.586;-3.3699878439707454;-6.8767568498389124;-0.03068787217378495;-2.6299132487378866e-06;-3.1303088862417374e-06;-0.42476159113042594;0.9053052472418536
64.675;-3.3720370026086335;-6.887973381295617;-0.03068593308592679;1.3249265566528595e-06;3.93937503477094e-06;-0.4257507654484645;0.9048404752788044
64.765;-3.372978532141209;-6.897798818010504;-0.030685940560874744;1.3799635480866689e-06;3.3475610387480744e-06;-0.42629302822583476;0.9045851281515395
64.843;-3.3736010214122207;-6.904011225754799;-0.03068593457037005;1.4131513266993901e-06;2.731468041335891e-06;-0.426908934848252;0.9042946208715792
64.932;-3.375744835757512;-6.912336879241858;-0.03068693978621284;5.853798161105689e-07;3.494442620529938e-06;-0.4284693324687623;0.9035563242660745
65.009;-3.3783499828253327;-6.916515460742002;-0.030686398906607806;-1.1001583646621101e-05;-3.262858328215568e-06;-0.4275141529105581;0.9040086553399183
65.105;-3.382016216776182;-6.922406769690672;-0.030686421907259783;-1.136311771319105e-05;-3.6878753486352555e-06;-0.42583048854469435;0.9048029591480491
65.196;-3.3844381383366753;-6.92625020910839;-0.030686412569741327;-1.1244985734636434e-05;-3.321172075782308e-06;-0.42577092182627224;0.9048309908428902
65.277;-3.3868393428938672;-6.930089021420455;-0.03068640953531998;-1.1187704378122452e-05;-3.219926206195971e-06;-0.4256997185494781;0.9048644923364837
65.365;-3.3904169396889916;-6.935855902326172;-0.030686412144926026;-1.1229476936591793e-05;-3.337706829467855e-06;-0.42496824857838167;0.9052082564597946
65.451;-3.393988427713313;-6.941628005806636;-0.030686412813306883;-1.1226417079556326e-05;-3.348279497689733e-06;-0.4241784985361209;0.9055786002564321
65.536;-3.3963423261472556;-6.945487334265605;-0.030686407006267805;-1.1082274090187028e-05;-3.286097968810369e-06;-0.42342029225103606;0.9059333617747125
65.626;-3.3999523742864772;-6.951078048557874;-0.030685737648578404;4.8937115610890335e-06;1.1013646007645412e-05;-0.4217422842439867;0.9067157468222418
65.713;-3.4010507090632176;-6.951996273536478;-0.030685943131512877;8.049271783638871e-07;3.893839764695988e-06;-0.41853355352212296;0.908201334815323
65.798;-3.400921678515887;-6.952020053506941;-0.030686071628841804;1.5654894678378114e-06;3.900389667348687e-06;-0.400933108782277;0.9161073311924292
65.887;-3.4008480753613544;-6.952023665845765;-0.03068605379527669;1.3729151032980589e-06;3.676136036891387e-06;-0.3809859034958438;0.9245808462876878
65.974;-3.4007646875927597;-6.952004156987875;-0.03068603931733333;1.1459299979425147e-06;3.5072699721971806e-06;-0.34374545912963317;0.9390628622803394
66.059;-3.4007204988460846;-6.951981459823613;-0.03068603436718688;1.0180576955114713e-06;3.4617586524655826e-06;-0.3160828370944421;0.948731595384758
66.134;-3.4006654856626577;-6.95193899663045;-0.030686030534767386;8.425133786738336e-07;3.44029597111779e-06;-0.27220551668781606;0.9622391369468265
66.134;-3.400634537599405;-6.9519068371708945;-0.03068602927837952;7.304272793325818e-07;3.4412137341793607e-06;-0.24195068819626003;0.970288547015258
66.306;-3.4005951033994073;-6.951854330846889;-0.030686028350096074;5.648186522588921e-07;3.4508138914492025e-06;-0.19562953430383906;0.9806778702998431
66.4;-3.400573017832372;-6.951816935805592;-0.030686028070079287;4.54860210334578e-07;3.4581659887700644e-06;-0.16431624679679582;0.9864077103441804
66.4;-3.4005458489735867;-6.951757740004887;-0.030686027890590762;2.8979518279310395e-07;3.4664017675569527e-06;-0.1169102977556403;0.9931424783315773
66.481;-3.400525698191166;-6.951695284908846;-0.030686027837951088;1.2439995632324291e-07;3.4687115898263187e-06;-0.06915606672009356;0.9976058532425311
66.573;-3.400521887278422;-6.951653735959403;-0.03068601391864815;4.780224106919043e-08;3.1810224235293336e-06;-0.03732211469935121;0.9993032871677384
66.651;-3.4006410940968115;-6.9517365541027045;-0.03068460478385041;-5.17453134790702e-06;-4.860690249388202e-06;-0.010969733845538301;0.9999398306343016
66.74;-3.401616607065246;-6.951876960434553;-0.030686028590532145;-2.8602376748412917e-07;3.7064920398033528e-06;-0.0087266702183118;0.999961921881569
66.834;-3.40191105297897;-6.9519189561824595;-0.03068603494671497;-2.8433638320150593e-07;3.776309474758705e-06;-0.008484138167154957;0.9999640090449352
66.916;-3.401970003203464;-6.95194927941513;-0.03068603676229;-2.8398521299950395e-07;3.793878289350759e-06;-0.008327810477279334;0.9999653231778494
67.001;-3.4019888877482343;-6.951995906752262;-0.030686037781058627;-2.8437471025180234e-07;3.8036898598277823e-06;-0.008095831705528488;0.9999672282102283
67.091;-3.401983400311922;-6.952027278329122;-0.030686038021751787;-2.84847830181992e-07;3.8059423784755726e-06;-0.007941832915106651;0.9999684631404044
67.184;-3.401966006929025;-6.95207447097317;-0.030686038160268832;-2.856671265112346e-07;3.80715150747932e-06;-0.007711166961536852;0.9999702685027767
67.27;-3.401944728037961;-6.952121712231765;-0.030686038205562337;-2.865294410377699e-07;3.8074448645777526e-06;-0.007480642958456275;0.9999720195917231
67.355;-3.4019298263866053;-6.952153210872035;-0.03068603821834129;-2.8711321741267064e-07;3.8074728956987404e-06;-0.007326987047900101;0.9999731572628441
67.441;-3.4019070994501703;-6.952200454911036;-0.030686038228200686;-2.8799692008384666e-07;3.807427786572186e-06;-0.007096518077697193;0.9999748193912651
67.528;-3.4018918433790386;-6.952231946176771;-0.030686038233244624;-2.8858493461745617e-07;3.80737720458944e-06;-0.006942876800051922;0.9999758979331252
67.622;-3.401868894057045;-6.952279174602431;-0.03068603823921729;-2.894687976698933e-07;3.8072897903357507e-06;-0.006712418623016188;0.9999774714570575
67.713;-3.4018459028920627;-6.952326392341945;-0.03068603824457967;-2.9035189246698873e-07;3.807196979818861e-06;-0.006481963625455166;0.9999789918458185
67.8;-3.401830559595378;-6.952357864792786;-0.03068603824778821;-2.909420220988533e-07;3.8071343276278145e-06;-0.006328328463945138;0.999979975921655
67.889;-3.4018075244549997;-6.952405064351256;-0.03068603825274862;-2.918268991281363e-07;3.8070382077962003e-06;-0.006097877853829597;0.9999814077627149
67.973;-3.401792154975524;-6.952436524631289;-0.030686038256548163;-2.9241427707362946e-07;3.8069753844715803e-06;-0.005944245511660052;0.9999823328092945
68.053;-3.4017690821526214;-6.952483705899909;-0.03068603826190007;-2.932985327290928e-07;3.80688052977599e-06;-0.005713799084519475;0.999983676109487
68.145;-3.401761386287659;-6.952499430547071;-0.030686038263470928;-2.935926725654451e-07;3.806848779600943e-06;-0.005636984164994653;0.9999841120712597
68.235;-3.4017305783039244;-6.95256231691425;-0.030686038270246626;-2.947723171342709e-07;3.8067196481596344e-06;-0.005329727272722554;0.9999857968954462
68.32;-3.401715159617917;-6.9525937527592125;-0.030686038273650774;-2.9536263890976236e-07;3.806656168899144e-06;-0.005176100501467898;0.9999866038947827
68.414;-3.4016920132365036;-6.952640897345278;-0.030686038279147752;-2.9624540840500133e-07;3.8065603821786263e-06;-0.00494566244471888;0.9999877701294179
68.506;-3.401668844840449;-6.952688030905202;-0.03068603828462032;-2.971276663151677e-07;3.806464187285558e-06;-0.004715226915263169;0.9999888832484891
68.591;-3.401653387016164;-6.952719447147724;-0.030686038287951092;-2.9771723501640356e-07;3.806399080355321e-06;-0.0045616046369952945;0.9999895958201558
68.682;-3.401630181943779;-6.9527665623085655;-0.03068603829349611;-2.986001709503852e-07;3.8063041941099746e-06;-0.004331173337447152;0.9999906204174835
68.779;-3.4016069548734262;-6.952813666417111;-0.03068603829858009;-2.994841282447092e-07;3.8062071680966713e-06;-0.00410074458681901;0.9999915919042804
68.867;-3.40159145794158;-6.952845063010959;-0.03068603830183856;-3.000732863600875e-07;3.806142149681849e-06;-0.0039471268397895136;0.9999922100572253
68.959;-3.401568194220672;-6.9528921486772015;-0.03068603830669698;-3.009585319767173e-07;3.8060435468013942e-06;-0.0037167023553580664;0.9999930930306595
69.055;-3.40154490851695;-6.9529392232648295;-0.03068603831249285;-3.018398354715963e-07;3.8059481703214836e-06;-0.003486280441091555;0.9999939228985892
69.146;-3.401529372504574;-6.95297060016376;-0.030686038315437505;-3.0243197592547006e-07;3.805881372613454e-06;-0.003332667263867714;0.9999944466417462
69.239;-3.4015060501753744;-6.953017656265871;-0.030686038321110408;-3.033139882027919e-07;3.8057843588017826e-06;-0.003102249651924398;0.999995188004683
69.332;-3.401482705878436;-6.953064701263458;-0.03068603832607264;-3.041992603279175e-07;3.8056870781295704e-06;-0.0028718346320821637;0.9999958762671325
69.429;-3.4014593396194095;-6.953111735147066;-0.030686038331710595;-3.0508061000490556e-07;3.8055896432776035e-06;-0.0026414222125127436;0.9999965114309749
69.522;-3.40144374991509;-6.9531430848900815;-0.030686038335254642;-3.0567012355525697e-07;3.8055236052818928e-06;-0.002487815381410263;0.9999969053752379
69.606;-3.4014203470652338;-6.953190100228483;-0.030686038340256277;-3.0655269840855633e-07;3.8054250972102894e-06;-0.0022574073136482856;0.9999974520455767
69.699;-3.4014047329722477;-6.953221437598845;-0.03068603834384054;-3.0714236606165314e-07;3.8053605992358935e-06;-0.0021038033911671187;0.9999977869959095
69.786;-3.4013812935472933;-6.9532684343648405;-0.030686038348807766;-3.0802766633941456e-07;3.805259928807413e-06;-0.001873399697880473;0.9999982451779589
69.877;-3.4013578321848996;-6.953315419974777;-0.0306860383543711;-3.089093068284616e-07;3.8051613370034464e-06;-0.0016429986398427167;0.9999986502695366
69.973;-3.401342179091954;-6.953346737511741;-0.030686038357856285;-3.094990926908347e-07;3.805095750464193e-06;-0.0014893994026476743;0.9999988908368074
70.068;-3.4013186811797773;-6.953393704505941;-0.03068603836309569;-3.103823224798479e-07;3.8049963605029605e-06;-0.001259002755073129;0.9999992074484301
70.16;-3.4012951613453093;-6.9534406603178756;-0.03068603836801628;-3.112665858741913e-07;3.804896024106038e-06;-0.0010286087646484605;0.9999994709745776
70.256;-3.4012716195943424;-6.953487604937734;-0.030686038374034122;-3.1214715039173843e-07;3.804798064899117e-06;-0.0007982174392254386;0.9999996814171223
70.351;-3.401248055932485;-6.953534538355938;-0.030686038378494852;-3.130328363870333e-07;3.8046960801880756e-06;-0.0005678287874345367;0.9999998387779343
70.446;-3.401232334654681;-6.953565821073242;-0.030686038382441765;-3.13621007353281e-07;3.8046307322551107e-06;-0.00041423784187557275;0.9999999141962147
70.538;-3.401208734487335;-6.953612735800404;-0.03068603838739266;-3.1450581212637793e-07;3.804529153679735e-06;-0.00018385366365246544;0.9999999830916284
70.632;-3.4011851124244195;-6.953659639299656;-0.03068603839286834;-3.1538820589624643e-07;3.8044302696603612e-06;4.652781985115386e-05;0.9999999989102945
70.725;-3.401169352221044;-6.953690902056909;-0.030686038397043335;-3.159734759767215e-07;3.8043649928098677e-06;0.00020011397431637495;0.999999979969912
70.818;-3.4011456936780897;-6.9537377868217085;-0.030686038402120988;-3.168578038600988e-07;3.804263455960208e-06;0.0004304909479526775;0.9999999073314811
70.912;-3.4011220132547315;-6.95378466033304;-0.030686038406944775;-3.177432562418485e-07;3.8041611130088174e-06;0.0006608652048597775;0.9999997816212803
71.005;-3.4010983109567623;-6.953831522581127;-0.03068603841203405;-3.1862783483408464e-07;3.80405976374193e-06;0.0008912367370719599;0.9999996028411743
71.098;-3.4010824972750355;-6.953862757817782;-0.03068603841577449;-3.1921469838621744e-07;3.803992871405324e-06;0.0010448162408320711;0.9999994541720764
71.195;-3.4010587585320526;-6.953909601272174;-0.030686038420947023;-3.200996723747225e-07;3.8038915644281248e-06;0.0012751832137552752;0.9999991869462691
71.289;-3.4010349979297034;-6.95395643343736;-0.03068603842634804;-3.209815332722261e-07;3.803790022607869e-06;0.0015055474402163418;0.9999988666555245
71.379;-3.4010112154737717;-6.954003254303598;-0.030686038432313042;-3.218627395293321e-07;3.80368940873398e-06;0.0017359089121836955;0.9999984933017035
71.473;-3.4009953483650737;-6.954034461932586;-0.030686038434899712;-3.2245445289408783e-07;3.803619621971466e-06;0.0018894816922986734;0.9999982149205883
71.569;-3.400971529499188;-6.954081263945788;-0.03068603844067264;-3.2333623573465257e-07;3.803518816572873e-06;0.002119838555263872;0.99999775313244
71.661;-3.400947688795095;-6.954128054634424;-0.030686038445429626;-3.2422032606728326e-07;3.8034152040983252e-06;0.002350192641818284;0.9999972382861743
71.753;-3.4009317828628136;-6.954159242130441;-0.03068603844916194;-3.24808843785704e-07;3.803346270024807e-06;0.002503760486435796;0.9999968655795155
71.843;-3.4009079057744227;-6.9542060139228195;-0.030686038454776868;-3.2569141114357413e-07;3.8032451029546644e-06;0.0027341099280921094;0.9999962623071801
71.937;-3.4008840068631967;-6.95425277436449;-0.03068603846028469;-3.265736484267068e-07;3.8031423673887967e-06;0.0029644565716913105;0.9999956059816785
72.032;-3.40086008613478;-6.9542995234460525;-0.03068603846509904;-3.2745823647790044e-07;3.803038595029744e-06;0.003194800409171925;0.9999948966048653
72.116;-3.400844126864708;-6.95433068318429;-0.03068603846883751;-3.2804558446478355e-07;3.8029707854632606e-06;0.0033483614046862197;0.9999943942149543
72.213;-3.4008201697872726;-6.954377413310524;-0.030686038474414267;-3.2892780865275483e-07;3.8028674670551917e-06;0.0035787005474474873;0.999993596423408
72.309;-3.400796190908137;-6.954424132050447;-0.030686038479924183;-3.298102279759006e-07;3.8027645505562323e-06;0.003809036862502845;0.9999927455854919
72.402;-3.400780192879506;-6.954455271546744;-0.03068603848316151;-3.3040025085922165e-07;3.8026945439201148e-06;0.0039625928307790905;0.9999921488909241
72.494;-3.4007561776770467;-6.954501971288271;-0.03068603848846374;-3.312828068034945e-07;3.8025906272182073e-06;0.0041929244148396294;0.9999912096465058
72.589;-3.4007321406883615;-6.954548659617857;-0.03068603849343196;-3.321684696250565e-07;3.8024852615141967e-06;0.004423253149425111;0.9999902173606535
72.681;-3.400708081919207;-6.954595336525829;-0.03068603849924418;-3.33048616655817e-07;3.8023839395894427e-06;0.0046535790267534126;0.999989172035214
72.774;-3.4006920306423933;-6.954626448114521;-0.030686038502456187;-3.336376557132963e-07;3.802311385826742e-06;0.004807128019706509;0.9999884456860655
72.868;-3.400667935585402;-6.954673105964978;-0.0306860385075731;-3.3452200797348134e-07;3.8022071751106624e-06;0.0050374491161567225;0.9999873119654237
72.964;-3.4006438187633456;-6.954719752367959;-0.030686038513709036;-3.3540177430412244e-07;3.8021041623707036e-06;0.005267767333498887;0.999986125210121
73.054;-3.4006277287931934;-6.954750843605468;-0.030686038516729713;-3.359925849738733e-07;3.8020328244655935e-06;0.005421311207960729;0.9999853045771314
73.144;-3.4006035757090993;-6.954797470908025;-0.030686038522299265;-3.368739287020888e-07;3.801928320189706e-06;0.005651624608404624;0.9999840294348294
73.237;-3.400579400875536;-6.954844086737374;-0.03068603852774234;-3.3775718224526355e-07;3.8018227571700754e-06;0.005881935107863836;0.9999827012627863
73.33;-3.4005552042983394;-6.954890691083707;-0.030686038532974108;-3.3863964087502917e-07;3.8017172835431434e-06;0.006112242698216;0.9999813200628452
73.42;-3.4005390611699475;-6.954921754263763;-0.030686038536489216;-3.39227539127466e-07;3.801647271498469e-06;0.006265779471659029;0.9999803698038502
73.515;-3.4005148283663256;-6.954968339450481;-0.03068603854172227;-3.401111846556996e-07;3.801540799020995e-06;0.006496082195441258;0.9999789002281712
73.607;-3.4004905738346194;-6.955014913128632;-0.030686038547107154;-3.4099471977776344e-07;3.8014344081069257e-06;0.0067263819884615435;0.9999773776295033
73.701;-3.400466297580658;-6.955061475288553;-0.0306860385523421;-3.4187741724301713e-07;3.801328024886215e-06;0.006956678842584679;0.9999758020096858
73.796;-3.4004501013463253;-6.955092510324599;-0.03068603855629979;-3.4246421804681706e-07;3.8012578608193214e-06;0.007110208441918807;0.9999747221411877
