23.303;0.00017448996547648305;0.000675119540020365;0.001322965932763009;-0.013243579026118625;0.016391186921154016;-0.005178569884269554
23.394;0.0001749517021750635;0.0006750025980879831;0.00132296522811864;-0.013232610888301886;0.01640001176742701;-0.005178494588260628
23.492;0.00017541335109793417;0.0006748853097579513;0.0013229639856883035;-0.01322163492577559;0.016408820681089526;-0.005178420056826021
23.586;0.00017572104946090748;0.0006748068747815855;0.0013229636028207073;-0.013214312191802476;0.01641468864306838;-0.005178370419191598
23.678;0.00017618252969794424;0.0006746890585081608;0.0013229641912316846;-0.013203322001407143;0.016423487910189424;-0.005178295743397106
23.772;0.00017664393962052894;0.0006745710963907811;0.001322962478161498;-0.013192336338646998;0.016432284008914267;-0.005178221034890902
23.868;0.00017710520684434622;0.0006744526994318623;0.0013229636605316016;-0.013181330578237978;0.0164410780765726;-0.005178145657969845
23.947;0.0001774126704246612;0.0006743735844496105;0.001322964150181734;-0.013173988929542146;0.016446928048525277;-0.005178096130005666
24.027;0.00017772012792422636;0.0006742944479080589;0.0013229621405397084;-0.013166651695644233;0.016452776504968174;-0.0051780466656167175
24.094;0.00017802752736514502;0.0006742152085773456;0.0013229617649734137;-0.013159313062385705;0.016458631483782245;-0.005177996472216996
24.184;0.00017848854201072664;0.0006740959319055432;0.00132296183436492;-0.013148298569520087;0.016467389480277567;-0.005177922742141276
24.281;0.00017894946364423495;0.0006739764700385272;0.0013229620429887363;-0.013137274541299976;0.016476147705808124;-0.005177848377593425
24.371;0.00017925667747054476;0.0006738964920940584;0.0013229633025775745;-0.01312992449424986;0.016481975268233792;-0.005177799533434579
24.463;0.0001797174222915236;0.0006737766075626053;0.001322962554098161;-0.013118887617759716;0.016490738154292868;-0.0051777238147186775
24.553;0.00018017811001733869;0.0006736563374660231;0.0013229614799770166;-0.013107848737105245;0.016499463287796747;-0.0051776508141321955
24.643;0.00018048517146168185;0.000673576004181799;0.0013229620416465146;-0.01310049104241951;0.01650528519702532;-0.005177601564965781
24.719;0.00018094566421706802;0.0006734552238432884;0.0013229617881946039;-0.013089434955870899;0.016514010457125302;-0.005177527488472167
24.81;0.00018125262819389558;0.0006733746346971412;0.0013229612020264018;-0.013082068267106119;0.016519828125767664;-0.005177477936874873
24.902;0.0001817129953317326;0.000673253446992557;0.0013229614613135968;-0.013071019953779817;0.016528535493937145;-0.005177404924272054
24.991;0.00018201982087650485;0.0006731723526672432;0.0013229617774255002;-0.013063637891664228;0.016534336268645877;-0.005177355962129113
25.074;0.00018248001173449884;0.0006730506636109339;0.001322961778972699;-0.01305256720276412;0.016543039420329145;-0.005177282109849951
25.165;0.00018294011183961313;0.0006729287582253545;0.0013229610156529053;-0.013041491143354659;0.016551735965742477;-0.005177208266221492
25.26;0.00018324679153267109;0.0006728472153722778;0.0013229625340695056;-0.01303411531647201;0.01655752189364634;-0.005177160041682447
25.351;0.0001837067577988585;0.0006727248372789437;0.0013229606000835059;-0.013023035974494262;0.01656619665726387;-0.00517708728794991
25.44;0.00018416659068790932;0.0006726021359476688;0.0013229598173832306;-0.01301193609024842;0.016574876552084283;-0.005177013202829878
25.535;0.00018447308651941147;0.0006725201042923419;0.0013229607335811001;-0.013004539713610678;0.01658065292093977;-0.005176964555108382
25.629;0.00018493276662126827;0.0006723968155151574;0.0013229608755024342;-0.012993445451865282;0.016589307108068756;-0.005176892132347411
25.721;0.0001853923592268819;0.000672273435618878;0.001322960197584191;-0.0129823410340706;0.016597970077944803;-0.005176818323237133
25.812;0.00018585184127845468;0.0006721496267644846;0.001322960092439317;-0.012971233422863172;0.0166066164603188;-0.005176745430511343
25.905;0.00018615812558183732;0.0006720669295799848;0.0013229593829250466;-0.01296382700598556;0.01661236889720427;-0.0051766975629091785
25.997;0.00018661745935888012;0.0006719427251830957;0.0013229603294255792;-0.012952713010041883;0.016621005366319705;-0.0051766247040490555
26.088;0.00018707668377035544;0.0006718181362006377;0.0013229594989566562;-0.012941586340805443;0.016629632060869592;-0.00517655192731747
26.183;0.00018738279051514482;0.0006717349131906116;0.0013229594874654125;-0.012934168593806934;0.01663537003646179;-0.005176504288195917
26.275;0.00018784186380420916;0.0006716099536814166;0.001322958629506174;-0.01292303981261519;0.01664398864815776;-0.005176431480414915
26.369;0.00018830081896336747;0.0006714846373632704;0.0013229597909323195;-0.012911892347586645;0.016652596398745834;-0.005176358722002519
26.461;0.00018875971058363798;0.0006713590256410965;0.001322958447674771;-0.01290075708746214;0.016661189901411626;-0.00517628706410469
26.551;0.0001890655645698225;0.0006712751686054255;0.0013229589123297714;-0.012893315341779947;0.016666918735500063;-0.005176238617403467
26.642;0.0001895242779125042;0.0006711491091073917;0.0013229585174042828;-0.012882159864095471;0.01667550590687636;-0.0051761663187700644
26.735;0.000189982889130545;0.0006710228017984218;0.0013229585514061963;-0.01287100601421062;0.016684089050775914;-0.005176094000032532
26.829;0.00019028859464901784;0.0006709383345794879;0.00132295724549285;-0.012863561769458243;0.016689786668235583;-0.005176047373558692
26.921;0.000190747015236719;0.0006708115374180026;0.0013229582365804921;-0.01285239243719408;0.01669836757497456;-0.005175974201694303
27.012;0.00019120535712645857;0.0006706842990270429;0.0013229584396100289;-0.012841207978245686;0.016706910833506724;-0.005175903356333717
27.106;0.0001915108736686791;0.0006705994689666266;0.0013229578423996074;-0.012833759460840708;0.016712618484863412;-0.005175855100433524
27.201;0.00019196908131792272;0.0006704718734746781;0.0013229563914310695;-0.012822574454170343;0.016721150959097077;-0.005175784468481059
27.297;0.00019242713616636747;0.0006703440628075377;0.0013229581037855305;-0.012811379439588329;0.016729710211775297;-0.0051757110037990856
27.389;0.00019288513458201953;0.0006702158986997353;0.0013229575679642167;-0.01280018990402758;0.016738233045142457;-0.005175640275656955
27.481;0.00019319038448189357;0.0006701301822335087;0.0013229582933894045;-0.01279271639409982;0.016743908912045156;-0.005175593053508712
27.575;0.00019364822378603445;0.0006700016719186706;0.0013229567214936954;-0.012781514408941338;0.01675243230665728;-0.005175521293894629
27.669;0.00019410595414475032;0.0006698727003527222;0.001322955952227148;-0.01277030984183663;0.016760931873566472;-0.005175451048003688
27.764;0.00019456355577555364;0.000669743565336818;0.001322956486742726;-0.01275908652853301;0.016769449190319582;-0.005175378454278171
27.858;0.00019486858988765115;0.000669657209890906;0.001322955748688554;-0.012751604851615351;0.016775098827641735;-0.005175332211247698
27.949;0.00019532602925941543;0.000669527517437034;0.0013229566899709373;-0.012740379379136626;0.016783595020051386;-0.005175260670814844
28.045;0.00019578338794038917;0.000669397617741796;0.0013229562829542194;-0.012729151266994023;0.016792079344784352;-0.0051751896166479594
28.135;0.00019608823235730177;0.0006693107758892791;0.0013229559171204575;-0.012721660982031854;0.016797724874656896;-0.005175142784104308
28.227;0.00019654540661142369;0.000669180316111884;0.0013229557968376438;-0.01271042127708271;0.016806199114852368;-0.00517507161062517
28.32;0.00019700248661924067;0.0006690496396692967;0.0013229552275538336;-0.012699165282971589;0.01681466431193889;-0.005175000342352445
28.411;0.00019730716691359457;0.0006689623382176617;0.0013229543206492347;-0.012691674970050236;0.016820296797569554;-0.005174953881134548
28.502;0.00019776405480983328;0.0006688310938080474;0.0013229561212116249;-0.012680415532637221;0.016828749582523506;-0.005174882912330129
28.595;0.0001982208885861886;0.0006686996363949083;0.0013229544942292468;-0.012669159457793075;0.016837188138804103;-0.005174812790319169
28.686;0.00019852536273266223;0.0006686117779978429;0.001322954861805061;-0.01266164948515283;0.016842808479348947;-0.005174766103813415
28.777;0.00019898199390833322;0.0006684798445586316;0.0013229541902471528;-0.012650367566176443;0.01685124218009342;-0.005174695012937883
28.871;0.0001994385570636294;0.00066834768511545;0.0013229531062159718;-0.012639096021016236;0.016859661701986828;-0.005174624982499833
28.963;0.00019989497911091566;0.0006682150951319843;0.001322953220465863;-0.012627811703545606;0.016868078020791172;-0.00517455449036706
29.056;0.00020019919683251966;0.0006681264935388912;0.0013229547309846013;-0.01262029484907107;0.016873676158830096;-0.005174508486565096
29.15;0.0002006554948793022;0.0006679935722288717;0.0013229520562833355;-0.01260900328964875;0.016882075465683388;-0.005174438511737667
29.241;0.00020111163584170396;0.0006678602816892799;0.0013229531083561322;-0.012597708078644892;0.016890477674061887;-0.005174367822810502
29.336;0.00020141568134500904;0.0006677711719469568;0.0013229531863071613;-0.012590165191924092;0.016896057381208078;-0.00517432191520589
29.426;0.0002018717011342319;0.0006676376249274488;0.0013229506966003662;-0.01257885940488201;0.016904452698571087;-0.005174250808055278
29.519;0.00020232758355837976;0.0006675034826101832;0.0013229510287965222;-0.012567549831774133;0.016912816682846426;-0.0051741818089980065
29.612;0.00020263142457594124;0.0006674138930438142;0.0013229530392459235;-0.012560016842128943;0.01691839979089021;-0.005174135201353133
29.703;0.00020308713343456447;0.0006672793385198157;0.001322951744556205;-0.012548684299869882;0.0169267570752189;-0.005174065433921527
29.795;0.00020354273834557318;0.0006671445442665376;0.0013229522362733026;-0.01253736481305407;0.016935115032031475;-0.005173995591740047
29.888;0.00020399826407117443;0.0006670094900168639;0.0013229509848163043;-0.0125260337981929;0.016943456513290944;-0.005173926373656584
29.984;0.0002041500802088739;0.0006669643345623298;0.001322950860657608;-0.012522257678266866;0.016946228325202428;-0.005173903959636267
29.984;0.00020475717530260784;0.0006667836061537409;0.001322952053428032;-0.012507132462673279;0.016957348927376974;-0.0051738105081023805
30.074;0.00020521242010128663;0.0006666477392182014;0.0013229511963279861;-0.01249578970463553;0.01696566685204836;-0.005173741843387405
30.166;0.00020566753977759055;0.0006665116032602176;0.0013229505625123375;-0.012484437109407026;0.016973980930522697;-0.005173672788756056
30.261;0.0002059708609704934;0.0006664205978367632;0.0013229520451723672;-0.012476860869778434;0.01697952564060064;-0.005173626176694404
30.353;0.00020642582137075016;0.0006662840202427285;0.0013229515899953585;-0.012465507811256502;0.016987831092172823;-0.005173557177432591
30.446;0.00020688067796581684;0.00066614721381041;0.001322949324186771;-0.012454137722536318;0.016996135129825576;-0.005173487389824862
30.539;0.00020718385559091387;0.0006660557961184288;0.0013229493564588658;-0.012446560571825898;0.01700165953140824;-0.005173441695611105
30.632;0.0002076385054088195;0.0006659183449052115;0.0013229495671019287;-0.012435184348890464;0.017009939999401785;-0.005173373014724525
30.724;0.00020809305456076412;0.0006657806786430743;0.0013229500474198003;-0.012423802844622179;0.017018217758278997;-0.005173304008379405
30.812;0.00020839604977942967;0.0006656887366797542;0.0013229489981500088;-0.012416218036849032;0.017023725464113085;-0.005173258737959475
30.907;0.00020885039744295778;0.0006655506025187177;0.001322949771882697;-0.01240481913913687;0.017032002575232942;-0.005173188615412872
31.001;0.00020930469269686265;0.0006654121697779452;0.0013229484314116547;-0.01239343124762618;0.017040248317109204;-0.005173120963042185
31.095;0.00020975884444454456;0.0006652734637048003;0.0013229488394569439;-0.012382023759706508;0.01704850153633514;-0.005173051750822863
31.187;0.0002100615640810539;0.0006651807873154971;0.0013229491084689646;-0.012374419391848617;0.01705398923896847;-0.005173006584724393
31.281;0.00021051554879825634;0.0006650416723023159;0.001322948780400626;-0.01236301041247083;0.01706223895859367;-0.005172936938513572
31.375;0.0002109694407080424;0.0006649021352313976;0.001322948128277318;-0.012351599590304624;0.017070455075487843;-0.005172869585298822
31.468;0.0002112719481119517;0.0006648089338535163;0.0013229477839119157;-0.012343981308092626;0.0170759327644658;-0.0051728241008729145
31.562;0.00021172566203470094;0.0006646689588936437;0.0013229475693802696;-0.012332560716975156;0.017084141483749017;-0.005172756401969065
31.655;0.0002121792689158546;0.0006645288333307316;0.0013229467828008976;-0.01232113181307384;0.017092359008939143;-0.005172687329608364
31.746;0.00021248159663049342;0.0006644351254284917;0.0013229462422409367;-0.012313504699756667;0.01709781805451618;-0.00517264239099034
31.838;0.0002129350076664051;0.0006642944127274145;0.0013229467610414401;-0.012302068932936554;0.017106014024765352;-0.005172574215997463
31.935;0.00021338831533023324;0.0006641534410217216;0.0013229469384109119;-0.01229062949791069;0.01711420654157281;-0.005172505813899159
32.029;0.0002138414816357983;0.0006640120814178173;0.001322947425626405;-0.012279173884916502;0.017122383133292517;-0.005172437812181853
32.12;0.00021414358971650618;0.0006639178450729803;0.0013229449333604243;-0.012271538056267526;0.017127831153029776;-0.005172392528294148
32.215;0.00021459657136896652;0.0006637759870650543;0.001322947107000374;-0.0122600802440605;0.01713600162275478;-0.005172324321839786
32.307;0.00021504946844794334;0.0006636339182922742;0.0013229467896061825;-0.01224861134840293;0.017144156044369783;-0.0051722566525413205
32.402;0.00021550225856833342;0.0006634915607849992;0.001322946660759669;-0.012237140780280573;0.017152307630996576;-0.005172188777672923
32.494;0.00021580408603341856;0.0006633966177672003;0.001322945442862908;-0.01222949751242223;0.017157741914895705;-0.005172143401398377
32.585;0.00021625671223537426;0.0006632538405684905;0.0013229441053451902;-0.012218017038853543;0.017165876123426835;-0.005172075950099504
32.675;0.00021670922699283755;0.0006631107105510613;0.0013229439362194761;-0.012206542063094562;0.01717399877890889;-0.005172009216699532
32.768;0.00021701079646693257;0.0006630150980209676;0.0013229457634794904;-0.012198879175147639;0.01717942104337247;-0.005171963538244093
32.862;0.00021746314584521306;0.0006628715830482709;0.0013229444691805325;-0.012187394666164336;0.017187532017349596;-0.0051718967764074536
32.955;0.00021791533494181512;0.0006627277451396072;0.0013229444518013615;-0.012175883155458693;0.017195654517271185;-0.0051718278772929695
33.049;0.0002183674512969434;0.0006625836157597383;0.0013229430346148646;-0.012164383226333144;0.017203747844453474;-0.005171761270439923
33.144;0.0002186687795868162;0.0006624873935672128;0.0013229435169052;-0.012156712764714576;0.017209153920528637;-0.0051717156747683075
33.236;0.00021912068833154893;0.0006623427388674169;0.0013229437491308494;-0.0121451983069188;0.017217236172655033;-0.005171648868636142
33.329;0.0002195724886599116;0.0006621978344099814;0.0013229435423084972;-0.01213368046753417;0.01722531832092247;-0.00517158155315137
33.422;0.00021987365208905895;0.0006621011579140065;0.0013229424842012057;-0.012126005163041824;0.017230703423716354;-0.00517153678414409
33.512;0.0002203252372898765;0.000661955699766583;0.0013229431624085235;-0.012114471133956922;0.017238775322147067;-0.00517146914162044
33.604;0.0002207767633594953;0.0006618100397283286;0.0013229416179083462;-0.012102945079477288;0.01724682684625006;-0.005171402959531784
33.696;0.00022107770853929795;0.000661712803688621;0.0013229419324497134;-0.012095254109303195;0.017252198169791167;-0.005171358120209044
33.791;0.00022152900887182562;0.0006615665786161885;0.001322942287725403;-0.012083715106460472;0.017260242120066164;-0.005171291496568139
33.883;0.00022198022710891619;0.0006614201862532882;0.0013229417422381037;-0.012072163290573491;0.017268278252911804;-0.005171224702426179
33.977;0.00022243132221079172;0.0006612735313948801;0.0013229414257066164;-0.012060616741481749;0.017276317848963333;-0.005171157368077748
34.07;0.0002227319725941362;0.0006611755058455633;0.0013229419251752134;-0.012052912428171034;0.017281667104771095;-0.005171112904353343
34.163;0.00022318287439770088;0.0006610283163808769;0.001322941973919034;-0.012041347496407938;0.017289685718890065;-0.005171046036744496
34.256;0.00022363367360457868;0.0006608808474328834;0.0013229419644545102;-0.01202978771081564;0.017297698257145635;-0.0051709794124319836
34.35;0.00022408437230831215;0.0006607331015798619;0.0013229399566273637;-0.012018214789513365;0.01730569310925846;-0.0051709133776597135
34.444;0.00022438476184855765;0.0006606344096844745;0.0013229398706649151;-0.012010503186449495;0.017311020039277456;-0.005170869481833711
34.539;0.00022483524508173285;0.0006604861992360171;0.001322940095577988;-0.011998924549310362;0.017319020151873175;-0.00517080218079656
34.63;0.00022528564381037012;0.0006603377416332653;0.0013229399719189225;-0.011987344335617147;0.01732699755831454;-0.005170736247311039
34.721;0.00022558583549055103;0.0006602386399650867;0.0013229385848392808;-0.011979612386747404;0.017332321693545892;-0.005170691202962447
34.815;0.00022603601568414256;0.0006600895824736054;0.001322938906772252;-0.011968021108189012;0.017340288115262215;-0.005170625138913667
34.906;0.00022648606846092793;0.0006599402482289721;0.0013229395175255133;-0.011956417934103807;0.017348249093972815;-0.005170558730362319
34.996;0.00022693607002317905;0.0006597907588538357;0.001322936932476285;-0.011944822598254383;0.01735619266536992;-0.005170493516432073
35.089;0.00022723597470359117;0.0006596909386393597;0.00132293693950521;-0.011937079114941187;0.017361500974204816;-0.005170448408302429
35.184;0.00022768570986075518;0.000659540773425443;0.0013229383277877894;-0.011925465724770783;0.01736943772644145;-0.005170382534906945
35.276;0.0002281353604107006;0.0006593904915604333;0.0013229380299636052;-0.011913850384603164;0.01737738067148844;-0.00517031566745982
35.369;0.00022843507186800767;0.0006592901443589758;0.0013229382493074064;-0.01190610622656372;0.017382666484124232;-0.005170271614985693
35.458;0.0002288845350783802;0.0006591394199952627;0.0013229366111875928;-0.011894470215293567;0.017390594436234006;-0.0051702046038103935
35.552;0.0002293338602582021;0.0006589881845137891;0.0013229378614403892;-0.011882838413527497;0.017398492077991344;-0.005170139797672868
35.643;0.0002296333805578819;0.000658887416812294;0.0013229370225968037;-0.011875085373960148;0.0174037700525077;-0.005170095343449157
35.732;0.0002300825253368959;0.0006587358285563568;0.0013229375077298885;-0.011863445950068573;0.017411669374641822;-0.005170029447608366
35.824;0.00023053158674653186;0.0006585839957125318;0.0013229358018467525;-0.011851806113216094;0.017419550572263416;-0.005169964563784592
35.914;0.00023083086250360956;0.0006584825774936915;0.0013229357489335522;-0.01184402972025969;0.017424809243128538;-0.005169920206893601
36.007;0.00023127971846971962;0.0006583302977024787;0.001322936733164838;-0.011832392201003248;0.01743269051011928;-0.005169854712785862
36.103;0.00023172843177845408;0.0006581776479265822;0.0013229363037910368;-0.01182072629183129;0.017440558887687842;-0.005169788939423479
36.196;0.00023217702043585773;0.0006580247769212774;0.001322936853179275;-0.011809055779024817;0.01744842808209178;-0.005169722525695081
36.284;0.0002324760333338125;0.0006579225771087256;0.0013229351747242922;-0.011801277492363588;0.01745365015654816;-0.005169680020807033
36.379;0.00023292447518679542;0.000657769339686057;0.0013229342463597507;-0.011789608392287005;0.01746150685387743;-0.005169613958149601
36.472;0.00023337275289323476;0.0006576156301085316;0.0013229354376450727;-0.011777930149191578;0.017469346949050668;-0.005169548537308047
36.565;0.00023367155641592556;0.0006575130990389576;0.0013229350054390267;-0.011770143840177308;0.0174745828535623;-0.005169503924824581
36.658;0.00023411966743556057;0.0006573590104306114;0.0013229338889704518;-0.011758449563716748;0.017482402966263664;-0.0051694388745244756
36.754;0.0002345675957466677;0.0006572044479804973;0.0013229352549028804;-0.011746751889027005;0.017490227460966252;-0.005169372967685147
36.848;0.0002350154911198775;0.0006570498477168085;0.001322934462930305;-0.011735064548424216;0.017498043462296473;-0.005169307635522661
36.941;0.00023531402752990525;0.0006569466293311232;0.0013229332045072832;-0.011727261038578827;0.017503245919895508;-0.005169264124068754
37.032;0.00023576168547897688;0.0006567914371145124;0.0013229333606250742;-0.011715556884706498;0.017511043721518967;-0.005169199011236693
37.127;0.0002362092078180422;0.0006566358535910866;0.00132293398999139;-0.011703843952001029;0.017518831695763817;-0.0051691340125626
37.22;0.00023650753574560744;0.0006565321178122755;0.0013229324787655682;-0.011696036394046509;0.01752401660041206;-0.00516909102118686
37.313;0.00023695490210626983;0.0006563761951706677;0.001322932299399204;-0.011684324651289164;0.01753179253427554;-0.005169026304860725
37.406;0.00023740211506732302;0.0006562199807461929;0.00132293133129653;-0.011672590766779244;0.017539571222914076;-0.005168960211492731
37.5;0.00023784922009530802;0.0006560635025106534;0.0013229331930600691;-0.011660865342001114;0.017547340515644168;-0.005168894753176994
37.594;0.00023814722543126802;0.000655958988185357;0.0013229322486354076;-0.011653045103788687;0.017552510864402338;-0.00516885148281242
37.686;0.00023859413218259979;0.0006558019977172015;0.0013229316996794956;-0.011641301672613175;0.017560259245146342;-0.005168786386352514
37.778;0.00023904091857574145;0.0006556448079819079;0.0013229316361025258;-0.011629557290374926;0.017568015455234665;-0.005168720209370948
37.874;0.00023948762611210458;0.000655487288809914;0.001322929964031187;-0.011617817093937471;0.017575740882989865;-0.005168656205436117
37.964;0.00023978530507332604;0.0006553819609582683;0.0013229315317922338;-0.01160997780540078;0.017580884594385983;-0.005168613445234031
38.057;0.0002402318075234301;0.0006552241007240446;0.0013229297722918837;-0.011598218037992979;0.017588612885748218;-0.0051685478505536855
38.149;0.00024067812622075566;0.0006550656629033672;0.0013229297682642073;-0.011586453771061947;0.01759632371403585;-0.005168483110904688
38.242;0.0002409756487730542;0.0006549600317866523;0.0013229296652139478;-0.011578617942020105;0.01760146366949004;-0.00516843998478767
38.332;0.00024142177892525938;0.0006548012142395423;0.001322930346201093;-0.011566844562768828;0.017609164567102303;-0.005168375027349881
38.426;0.00024186784150371122;0.0006546421891542398;0.001322927473845193;-0.011555068106034341;0.01761684527577561;-0.005168311126956153
38.518;0.00024216509824379453;0.0006545359597868944;0.0013229289080063293;-0.011547213355716875;0.01762197683327622;-0.005168267304301681
38.612;0.00024261090682241066;0.0006543764040821561;0.0013229293487749944;-0.011535431884253463;0.01762966455975166;-0.005168201991423492
38.705;0.00024305662321520206;0.0006542165472023637;0.0013229284893266713;-0.011523642292355245;0.017637327160652545;-0.005168137998854586
38.795;0.0002435021941704248;0.0006540564307541874;0.0013229296844882625;-0.01151184828724665;0.01764498869258348;-0.005168073509393533
38.887;0.00024379917527972699;0.000653949471338174;0.0013229291110407608;-0.011503987076080515;0.017650088757902863;-0.005168030929859174
38.979;0.0002442445841516328;0.0006537890339078692;0.0013229275942389384;-0.011492183970396305;0.017657746368263897;-0.005167965716497058
39.071;0.00024468983352240396;0.0006536281821253836;0.0013229274132258724;-0.011480375789609863;0.01766539446717927;-0.005167900679537548
39.165;0.0002449865952278337;0.0006535207568679776;0.001322927639357533;-0.011472500690289263;0.017670483916753927;-0.0051678577296516105
39.255;0.0002454316518076293;0.0006533593785202789;0.0013229250367671297;-0.011460676840833404;0.01767810172755839;-0.005167793856186642
39.349;0.0002458765388491953;0.0006531976543396251;0.0013229276997288595;-0.011448863594194966;0.01768573266877331;-0.005167728905609667
39.442;0.000246321386037917;0.0006530358456016926;0.001322925629595455;-0.01143704229281513;0.017693338297334528;-0.005167665219587727
39.538;0.00024661783162779427;0.0006529276368697353;0.001322926609069782;-0.01142915613933296;0.01769840586812644;-0.005167622611167335
39.629;0.00024706243134629987;0.000652765247916343;0.0013229262512372015;-0.01141732794950538;0.017706005130543986;-0.005167558499127409
39.723;0.000247506891406475;0.0006526025458567829;0.001322926670939781;-0.011405481919513181;0.017713599127302127;-0.005167493800196752
39.815;0.00024780314410370217;0.0006524939884519211;0.0013229255878565746;-0.011397584280186876;0.01771865996337351;-0.005167450539882182
39.908;0.00024824740061982404;0.0006523308540633754;0.0013229260494854143;-0.011385734412047164;0.01772624009684793;-0.005167386075670324
40.002;0.000248691582781725;0.0006521674401863739;0.0013229242070053992;-0.011373893592726463;0.017733801440349205;-0.005167322977089768
40.093;0.00024913559675438955;0.0006520037544322833;0.0013229230319966802;-0.011362027140602618;0.01774136961718711;-0.005167258037098241
40.186;0.0002494315091651905;0.0006518943501188628;0.001322923915767662;-0.011354119450917407;0.017746403480870223;-0.00516721554485017
40.27;-0.005663048749747605;-0.0031896891957551433;0.0010280103480085278;-0.011339885499684134;0.017740510877653107;-0.0037513111523826527
40.36;-0.037802769899522505;-0.021744356841840583;0.0011691747998992105;-0.012057635265144402;0.018112139169399778;-0.016722291963501428
40.445;-0.08015178530509759;-0.04608159043995034;0.0011949366029035222;-0.011891403264177352;0.018154232240110372;-0.03473326148277844
40.53;-0.11109918972041977;-0.0635660531044285;0.0011675810537203082;-0.011826475496875108;0.018240466033182294;-0.047992523378247706
40.615;-0.1530481477099593;-0.08646305101302043;0.0011971735487025866;-0.011635634438122018;0.01831507816786483;-0.06563377234846285
40.692;-0.18424362711157563;-0.10295154781976418;0.0011701779947888738;-0.011521941137645661;0.018422897139772684;-0.07879208605734474
40.774;-0.21533172132451667;-0.1187407746148435;0.00117139756729395;-0.011487993255358674;0.018498279839377935;-0.09179913049218516
40.774;-0.2643751974680124;-0.13639080009228002;0.0011317480823731625;-0.011944995199625394;0.01815738181598928;-0.11222719643636897
40.941;-0.2990982912374895;-0.13031010999036158;-0.00033106058986966927;-0.015711319534821643;0.006689378261187028;-0.004021644671958453
41.031;-0.3343858050490494;-0.12676792269363069;0.00022591759935307548;0.014238638408238982;-0.0059234720720786555;0.017444981710507502
41.112;-0.354732994669056;-0.12398801433003269;0.0022106023723601977;0.016918047043110736;0.006670855148924822;0.02582776749189777
41.175;-0.36308765826547856;-0.12726747545233671;0.002087622795861759;0.015117025791449653;0.0032169386772440377;-0.0017665260669738328
41.243;-0.35036641011113745;-0.15317299678383808;0.0025012809407932795;0.017704865181773846;0.004497556892116196;0.09680378883517614
41.325;-0.30605810854729226;-0.19866763173188318;0.0017958003576785848;0.016770149478000693;0.005964086672676586;-0.1448102084551582
41.41;-0.3156687003688683;-0.17878965664294164;-0.0006690974496320876;0.014670789830885258;-0.019758486255001;-0.05374156181365534
41.481;-0.3386757193086169;-0.13728505404728486;-0.006416747323986881;0.007739587236255138;0.003810217847675774;-0.061400856358484225
41.57;-0.34711845946357045;-0.12089088984785178;-0.0006696048939336425;-0.006228243014131445;0.014426607245913882;-0.22978284116068085
41.662;-0.3638246139094664;-0.10707300624681687;0.0012682798775047483;-0.009442973192625818;0.01915734956715248;-0.29244261712678543
41.662;-0.3707192927661954;-0.10238213484126303;0.0013874055345026444;-0.010079801344837271;0.022914456630936584;-0.1358765084465711
41.837;-0.3750449050159198;-0.09727905120285638;0.00133661824024283;-0.007216180775598898;0.019936037915090295;-0.2246068043530179
41.92;-0.37546247287042384;-0.004109345937972899;-0.00031627187131078304;-0.002787980758243953;-0.01910898217082017;0.08354760036263892
42.005;-0.3631820350036053;-0.03657300090341723;-0.0019444996802222927;0.006378445776880266;-0.015942898948234172;-0.10943367968099478
42.098;-0.35888340376600375;-0.06356033934495663;-0.0017824655808737246;0.005789164576473222;-0.015583509805989477;-0.21027627126851828
42.176;-0.36748433982440293;-0.03578945297400337;0.00044956233117945753;0.014155285720587033;-0.008974433481898844;-0.17293968024555942
42.264;-0.360156792810589;-0.02983929971022388;0.002343208411030989;0.015880560980473576;0.0047847808377174585;-0.19750822657901715
42.347;-0.3624297756373048;-0.04317197617409178;0.002125779014056203;0.018737187387629757;0.0033371502458407936;-0.1283389907456602
42.433;-0.3743929335739268;-0.0666962767959978;0.0019814846153442802;0.016610961199302107;0.0027186390531182664;-0.11820971908400854
42.521;-0.3806095012455391;-0.06464325834392111;0.001951346189081069;0.016727720026579296;0.002564669556580531;-0.08479420377592493
42.611;-0.38040367813185055;-0.06235398910758564;0.0019790682806396847;0.01700988161997898;0.0021230538902499508;0.13008461213115444
42.688;-0.3725727338901231;-0.08373319754382792;0.00275888820297432;0.010905133246796664;0.003525658384349174;0.18284960758183574
42.779;-0.2983375507457265;-0.16142990976903632;0.002839031877041286;0.017425857372084942;0.0026569070353986137;0.24956266243436562
42.779;-0.21588698401638912;-0.21699416817488923;0.0067574740389416185;-0.0003485611492674372;0.014432284805791114;0.10623821105745418
42.864;-0.08811125551047169;-0.2395919486970958;0.0007051992538986733;0.0028104098099625574;0.024868420623794952;0.07962689334998435
42.943;-0.06453312516032933;-0.25715062683711676;0.00010424661031328508;-0.000779180470436627;0.021130903229236987;0.1863437784316284
43.03;-0.040619405346425747;-0.29638984834558774;0.00031090801520399034;-0.0003427327897169804;0.022301810938304963;0.20860940611953985
43.115;-0.025213024099677534;-0.3282421244018006;9.294020414437845e-05;-0.0017303171084574348;0.02109415873170398;0.13793053803279295
43.205;0.0070734466582927265;-0.33392354049555867;0.00028476701582481304;-0.0009293021635184095;0.021075526334033576;-0.16969367687463704
43.283;0.03160223007783666;-0.3427832472666433;5.11666735974038e-05;-0.0019411048100924251;0.020418438163812384;0.013936674017460097
43.368;0.06148957587444222;-0.3521469417624954;0.00014009523233199725;-0.0013516042370565094;0.021561089093556838;-0.13390551934552175
43.457;0.006412049704592282;-0.3621705616671126;-7.630687084582741e-05;-0.012624381087686638;0.002761963837924056;0.08816155417227164
43.547;0.03154811717583673;-0.3591494667271887;0.0002440278933298659;-0.0009438633916181167;0.020363643230323535;-0.07894341544577473
43.627;0.01543508505162067;-0.35795462442508963;-0.001275873827033181;-0.00885220052902435;0.007377730741621241;0.019004235992470548
43.704;0.007919062299051226;-0.36673409636340376;0.001953423265669995;-0.009148426657290203;0.01638472064855036;0.1521155096525968
43.793;0.038726193497110706;-0.3626827916904252;0.0001757195330383144;-0.0014291021200934988;0.02052884473452721;-0.07546120804068752
43.89;0.01284563223747642;-0.3622671968684265;0.001440859229322388;-0.01027869455726777;0.017068863117699357;0.1378293359872444
43.969;0.012082898882661498;-0.37293534986268856;0.0013229501177606847;-0.009528972967950113;0.01846859534026308;0.15590243626449748
44.047;0.014606383148577496;-0.3802167003737622;0.0013246974327181492;-0.009787201325178877;0.018356799426313717;0.09870600494056046
44.139;-0.018091433501596293;-0.37704045729270413;-0.0016501905880965553;-0.020777521516028713;0.0031372416236526385;-0.06992575444809153
44.226;-0.02131819816684915;-0.36813972610843354;-0.00026771330522807533;0.004543187658668931;-0.004813511440256773;-0.28370145125801366
44.303;-0.07974509377411002;-0.3684646218256541;-0.001425608005162068;0.00789707937515742;-0.011395871577965965;-0.10756873958557113
44.399;-0.13919301013789404;-0.35438235271703394;0.003391695100931457;-0.008359032972802417;-0.01989772640513059;0.1622758925734727
44.482;-0.13901392703378818;-0.3701981338680509;-6.427679361500357e-05;0.002482710753648514;-0.019800436284586734;0.31024566545646337
44.559;-0.13315049147837538;-0.37669657423086034;-9.291069153544626e-05;0.002710809343389712;-0.01989888810744254;0.31395738864678113
44.647;-0.12375600458958365;-0.38177506727435934;-0.0014225226165547153;0.01139018837248165;-0.018106780402408453;0.14851590557178188
44.738;-0.11935816838060026;-0.3819258066954589;-0.0013866168308419944;0.010797575457792469;-0.019000919235217052;0.11430892821366304
44.817;-0.11727687243980105;-0.37989099940127663;0.0018506816431970116;0.016186621105674006;0.00415897563398128;-0.1410292773049482
44.898;-0.12129530449000687;-0.37842019108086894;0.0018581903811646246;0.0158394011117685;0.0031100845710292538;-0.1895344077707593
44.983;-0.1304116000438759;-0.37490102268175546;3.168122133797034e-06;0.003398227423231532;-0.020336273156203892;-0.1512124774583596
45.068;-0.13209536657132642;-0.3729354988108415;-0.0016691052084641573;0.007499239573432746;-0.017046104729196553;-0.18454467366812438
45.153;-0.14123766428114579;-0.36518166649523215;-0.00229572718584937;-0.015880723361821295;-0.0012377371448022922;-0.36594768150280904
45.25;-0.149198120101795;-0.3544826013410432;-0.0019040625660690443;-0.014900798292357333;-0.0006893232273892086;-0.4996105407597146
45.333;-0.16794049606524264;-0.35167670780317345;0.0016286514297108882;-0.008205042285054791;0.02004568100362696;-0.38810404960465894
45.419;-0.20501359202391714;-0.3181847496403931;-0.0050332561794946265;-0.028192460967853945;-0.013617059971815617;-0.08267552357886879
45.494;-0.21732527673298824;-0.2925148710778366;-0.0002496260027971313;-0.016361632704509244;0.018557281044408472;0.1930061905320893
45.574;-0.16511192248348228;-0.333381230919318;-0.0018561557846976438;0.005200756793046866;-0.019185954046167672;-0.21148237319330734
45.667;-0.17433758307298916;-0.3372707547850123;0.002009794241768775;0.0145331100025992;-0.005894692624133855;-0.3627727140262728
45.751;-0.21834900687709038;-0.303542320887794;4.845890444224877e-05;-0.00041921392257265465;-0.02327071866386757;-0.14699548003058494
45.84;-0.2233393410213836;-0.29171690200648337;0.0001645455461028808;0.000855070316527442;-0.018681904518817547;0.04762391679360256
45.924;-0.19289915208286995;-0.32497221960175404;-0.0011721763072682885;0.005450638679392261;-0.022955185711645232;-0.29050438870775125
46.0;-0.2008308434892417;-0.31983680599737446;0.0017593841081097288;0.014603759108965308;-0.001985334420282484;-0.48306548620440565
46.085;-0.21921959610113528;-0.30899254016488176;0.0020137903706862513;0.017196043420583246;-0.0004746232357406978;-0.5576412074376346
46.157;-0.23249391014985435;-0.3034522779416851;0.0018927920440853549;0.015934092047840277;-0.002299412205485213;-0.5321044932474899
46.259;-0.24382514545050327;-0.2953489926507958;0.0018892356184163194;0.015836658261904037;-0.002856881715349441;-0.5333925812614243
46.33;-0.2847516783807351;-0.25552034602783485;0.00128703547865205;0.002761548785327455;-0.01548854919560809;-0.09400600918694234
46.414;-0.25822185288831223;-0.2615517253253172;-0.000821222685914551;0.002610956635283217;-0.009358812646160808;-0.037535575591641696
46.503;-0.25360720350781707;-0.27742526443117416;0.00045550245363264966;0.001968263527547157;-0.008217848098630146;-0.24705899637904974
46.575;-0.2647385604781255;-0.27761388311070795;0.002022884260220986;0.017125923705928466;-0.002796701074561494;-0.35046615336189657
46.663;-0.27414429656623546;-0.2743472648463891;0.001834272131417946;0.01470066161470858;-0.0050101417576921894;-0.37252517015200076
46.741;-0.28594599989647373;-0.2679804357835227;0.0005699085048018872;-0.0035716032467405004;-0.0196225527179631;-0.3024784494678237
46.824;-0.2915427351486015;-0.2677278012582385;0.00025674812373480176;-0.004984502526691318;-0.01958239116537672;-0.10873827303884598
46.914;-0.29975671743956106;-0.2622443060147187;-0.00132545262610804;-0.00016146082977623946;-0.021501908788021076;-0.08124703745195962
47.004;-0.3027102685959553;-0.2584504696594292;-0.001316217287832467;-0.0005032493995412463;-0.021727412269379683;-0.14202063722972738
47.091;-0.3047043353934773;-0.2543071202773711;-0.0013167777443652481;-0.0009918163516102326;-0.02205382685346415;-0.20192891235659863
47.176;-0.30911533262785984;-0.2516531566794209;-0.0013096592146931787;-0.0011113393467397472;-0.02109120232377384;-0.08122883759591039
47.261;-0.3090031120997024;-0.24794388833341935;0.001820924740916455;0.014037458950249358;-0.0044386707215019906;-0.20796832457097722
47.351;-0.3100579181774592;-0.23930173581758635;0.0018409760415597342;0.013980230675258826;-0.00678784167916973;-0.3603581092845026
47.434;-0.31786533133853295;-0.23195830634537393;0.0005237289305446997;-0.0053433497346247125;-0.017827712502422308;-0.2531948508470555
47.514;-0.3262393032541829;-0.22449464198423433;-0.001366936950312505;-0.002815143906543843;-0.021606084603940395;-0.20268810708124585
47.6;-0.3296453882536369;-0.21544176370891066;-0.00136378962377149;-0.004533770234555061;-0.022686200749941817;-0.29675514646803686
47.682;-0.3324454674220596;-0.21366710204678865;0.0002336030666582284;-0.008483577336963097;-0.01855373778058777;-0.1830702360232125
47.77;-0.34029939938979226;-0.20525444831412484;-1.1659814124348683e-05;-0.010288320554018748;-0.017588033093547496;-0.09021389082208392
47.856;-0.34163016700895144;-0.20325029062588304;-1.235717807840893e-05;-0.010401266864775719;-0.017527237477959142;-0.09013131600199838
47.941;-0.34341408950708147;-0.20367481504295726;-3.0122260232581463e-05;-0.010469343960009966;-0.01738222522773722;0.0014390368316532472
48.029;-0.3437549269080835;-0.20395365745895366;-3.156568113074046e-05;-0.0104756914931968;-0.017381101794747555;0.001595161939284614
48.101;-0.34307627262716905;-0.20477206106440268;1.9103094893801824e-05;-0.00993501339105728;-0.017246844858566195;-0.0009478079797982436
48.192;-0.34332762027870944;-0.20332921123654846;-0.0014181373039741743;-0.0038137057660311857;-0.021728956732901202;-0.08172744140192317
48.279;-0.3451074523207798;-0.20056150788308644;-0.0013238744099821527;-0.004265557890685977;-0.021116091713840126;-0.08137385229710853
48.365;-0.34486049596389606;-0.2011237876796981;0.00020009136547947883;-0.008954937985154713;-0.016909426070069417;-0.007668968763314082
48.452;-0.34709895518312944;-0.1984069165103446;-3.1777609397848675e-05;-0.010757380962579693;-0.017208422822858144;0.00161204542900189
48.544;-0.34206040933680626;-0.193148658988604;0.0016601628528427688;0.011221632955908094;-0.007587021442358778;-0.28552692336898733
48.628;-0.3494704902001225;-0.18634295423868355;-0.001364779306760989;-0.00522280487619281;-0.021127473778684406;-0.2027024079806484
48.713;-0.35255981321312035;-0.18181991485261637;-0.0013107784833381363;-0.0056184156832909575;-0.021229098403940192;-0.2032296173028939
48.793;-0.34974030681579354;-0.1833072058349909;0.00013705410314518706;-0.009108455749154733;-0.01585168241274345;0.18835823868243223
48.874;-0.3506693742753481;-0.18506869487554675;-2.9118006831036972e-05;-0.010886611282859787;-0.016268669055464823;0.3146891357531189
48.951;-0.34457116322315406;-0.19342067517959996;-7.573378503690807e-05;-0.010686647096966838;-0.01637119737816407;0.45803638630275717
49.038;-0.34052825563994654;-0.2092133113113699;-0.00011762914192455106;-0.010454474705772907;-0.016989581056864177;0.4199744942982794
49.13;-0.31594545655239853;-0.2204729261322677;-0.00041421023155331117;-0.012216797057692711;-0.01751357324427615;0.10191654183530814
49.205;-0.2714570639697682;-0.23398170313761033;-0.00012492021565916147;-0.010268966307184086;-0.01748624602847523;-0.246618890004491
49.297;-0.2606658978133499;-0.23714309951974344;-0.00010034653897401054;-0.010837698296683169;-0.017679937004597353;-0.35960558047475866
49.378;-0.24800741349986533;-0.26414761796132363;-8.738013415274088e-05;-0.01056301913768745;-0.01665279277253209;-0.2539928244429602
49.471;-0.2454376795962674;-0.27571057230700563;-2.584101343391186e-05;-0.01107020515399266;-0.016816220691515355;-0.27064156279333346
49.556;-0.25164025571347504;-0.28170717966220843;4.749110238201089e-05;-0.011669436257673797;-0.016930230552968505;-0.28908960998806094
49.641;-0.27909385532813735;-0.25521963715712825;-0.0014800467180523767;-0.0023144713118917015;-0.015314253796100573;-0.0016415540504987778
49.731;-0.2513974369088414;-0.28318408238984977;-0.000970813129682451;-0.018493172222297755;-0.016519962495926386;0.03210549283066387
49.819;-0.2529201754075221;-0.2893205130901246;-0.0013273846218838314;-0.005234830599376134;-0.02013754217372005;0.03728451227752377
49.911;-0.252267521402289;-0.29152442625610014;-0.0012931027215462036;-0.004712768263038897;-0.019113674379001223;0.07285487516726147
49.992;-0.242312815234337;-0.29618007225266463;-0.0013695181705873764;-0.005489625669599736;-0.019992199182156594;0.27245220075843113
50.076;-0.23367862782486584;-0.299919714395365;-0.0013344666905332665;-0.004746727220225825;-0.018356295928862162;0.34136129550380995
50.167;-0.21262841771625565;-0.3047501730968646;-0.0014084817258426217;-0.005792418312548356;-0.020088568377523392;0.5115978964472674
50.258;-0.181580584314642;-0.31887556742756684;-0.0005842690642211742;-0.013892995556264562;-0.01864667583082223;0.21104695990861352
50.347;-0.1577802647486883;-0.32982144935234076;-0.00023011643670255098;0.0004514608607281555;-0.016523712165707458;0.0335736056964245
50.426;-0.1544350647928916;-0.3290655408681645;-0.0005319521507778893;-0.012160540876263967;-0.01619507266347227;-0.10712489419454006
50.501;-0.14105726224827378;-0.349003753662112;-4.758341982738726e-05;-0.010393487283227833;-0.017317995428480143;-0.14996972147735096
50.588;-0.1493891543185877;-0.35777588731939614;1.7210226604513805e-05;-0.010425515630047573;-0.017590581464316427;-0.16294300827825794
50.669;-0.1507278411502749;-0.36092208791097424;0.00013563257708067448;-0.014424924369602667;0.023568282488577293;-0.010208609725484052
50.759;-0.14937507677810544;-0.3616116945037096;3.311256342442847e-05;0.010653834115253781;0.017075794093791802;0.03349042612850577
50.846;-0.1428878075569763;-0.36328787459423967;0.001326847592002721;0.003498147847104427;0.02006039835427711;0.16248869204513602
50.934;-0.1387694162714854;-0.3645925949425083;0.0013517319632883886;0.0033517971126573614;0.02014847646006797;0.1651617271190036
51.022;-0.13261072158169324;-0.36673208288199866;0.0013512814990262224;0.0030164944353924033;0.020204105561634923;0.16509092694985839
51.103;-0.1329722834353968;-0.3662495818369886;0.0013212978286524515;0.0025558905822684248;0.020383951536392553;0.00428157805969669
51.181;-0.13323873953586224;-0.3672169146712872;0.0013223718963322117;0.002527215144444698;0.02043510860663191;0.006045384233254866
51.266;-0.13323786540659244;-0.3678025886521184;0.001323392466462074;0.0025066338383175043;0.020430655506111155;0.006004053289110798
51.352;-0.13315555717500518;-0.36796914859711405;0.0013236426495845958;0.002497213081732587;0.020430426904216484;0.005997987175274112
51.442;-0.13299068989575702;-0.3681056494866381;0.0013237844704887148;0.0024853459670679257;0.020431123889250207;0.005994573567956274
51.53;-0.13287002610777995;-0.3681671804370073;0.0013238166066312776;0.0024780144633852605;0.02043185214082323;0.005993772850834651
51.609;-0.12735478605474737;-0.3693475704595852;0.001292177943389476;0.0024283613380461622;0.019784572257517074;0.1517262479700538
51.69;-0.12328254437759133;-0.3702178887006832;0.0013522889461785091;0.002496285445890261;0.020275392743298145;0.16522657536565144
51.78;-0.12041346318444957;-0.3702870324770889;0.001569727852409443;0.002662395127113675;0.02226794916167441;0.06120740662794168
51.863;-0.1196325420712714;-0.37148112994744176;0.001319596749154327;0.001786711644874973;0.02051150017646312;0.005853610235540288
51.948;-0.1183693552951251;-0.3727697543193154;0.0013289432207159104;0.0017714628100177236;0.020443897422975362;0.03767212599329037
52.03;-0.11878623869040662;-0.3722966467855094;0.0014197129235587616;0.0019411003231906679;0.02129248569657944;-0.0037354878200807112
52.113;-0.11847793584541279;-0.37279831200936614;0.0012714098041142323;0.001537018975563494;0.020166752750871392;-0.004981285487786734
52.201;-0.11721184214955088;-0.3735015985232066;0.0012392159866311536;0.0014552041805024434;0.019708526661720578;0.04454973378127886
52.293;-0.056370335476226045;-0.37733990159114844;0.0012815669367153657;0.0027441542081958867;0.020848739067577355;0.09425585576168266
52.381;-0.09455657546919854;-0.3610671638027035;0.0030051943085590903;0.007752234971858815;0.02150272613536825;0.2008107815363045
52.472;-0.08912087495689085;-0.362763348832941;0.0012502854508017007;0.0014887257005820715;0.019311910145996834;0.40416705911852707
52.563;-0.07575041744241362;-0.3637765803728439;0.0013877554742040372;0.0022455293897363613;0.0213298018618044;0.5271408366397533
52.563;-0.05855180512352107;-0.3718496812059873;0.00141026271882271;0.0009780968032721748;0.021462829876584773;0.47842817642057167
52.725;-0.05596333493332595;-0.3771446540359778;0.00019329192484744527;0.006816800966129477;0.017903484888718603;0.3299682230711915
52.725;-0.04601959357045924;-0.38477627418494165;6.906823131170664e-06;0.005700384149780494;0.01950680316643076;0.09660937660451593
52.818;-0.04776430386875658;-0.3866080670792815;1.8936653706041443e-06;0.005574875931829677;0.01937702080951377;0.00042705646341764295
52.892;-0.04388452229407198;-0.3887585782623726;-3.215845422729685e-05;0.0053973939577840885;0.019721393565930622;0.06240586456518972
52.987;-0.043932386492554876;-0.3883109959175261;5.924111527866435e-05;0.005762814649245128;0.01938757954459176;0.09933652885115718
53.068;-0.04485890159980284;-0.3884270503601735;2.4286328770812784e-05;0.005505018074663525;0.019390136768940008;0.0007801426251821501
53.143;-0.044897118222544594;-0.38874550290937976;2.3206717578851517e-05;0.0054987896762743425;0.019384419165366235;0.0007048103631947323
53.234;-0.04493936192373435;-0.3888737194536295;2.3099598326565543e-05;0.005498790495246382;0.01938165756571229;0.0006999433363487525
53.319;-0.04497304436723209;-0.38823702129935167;0.001123268064993359;-0.0021927062043914066;0.019173931394633952;-0.027967304982014097
53.411;-0.045447231564405256;-0.3887017562284494;0.0013238821261012013;-0.002245331769738966;0.020471212069191752;0.005990298051878302
53.493;-0.04531879052859285;-0.3887590230403244;0.0013239628123674452;-0.0022535116270333603;0.02047088989735318;0.005997333829689008
53.581;-0.04512123975535276;-0.38880571463975055;0.0013240088169700862;-0.0022644458654293388;0.020469425685483652;0.005996178647488422
53.665;-0.044988334496473714;-0.3888266564032914;0.0013240186797452455;-0.002271569871676705;0.0204685885237581;0.00599593081596566
53.755;-0.046156898700643226;-0.3885095420309949;0.0013184138191610784;-0.00229657682748581;0.020553756637772747;-0.02553616560498242
53.849;-0.04584480978437893;-0.38880029992975706;0.0013245864400523227;-0.0022283482820649376;0.020473995802906462;0.006032768159993158
53.934;-0.04570631734122576;-0.3887779139990582;0.0013240812806981882;-0.0022345188598169854;0.02047224102226423;0.0059941106895770365
54.024;-0.049944853191769674;-0.38516171785838343;0.0013009371478024;-0.002337930451187656;0.021035237320564473;-0.1510484924831461
54.106;-0.11364015353186446;-0.3642332195752162;-0.0003795669106895063;-0.01352839206116762;0.01135815782384652;0.07631764965391866
54.182;-0.1158249486096211;-0.3541001705553433;0.000489058150511364;0.007768849500636524;0.019469385032445864;0.05238441979140597
54.274;-0.08133218104851543;-0.3536090630691691;9.721176400091347e-05;0.006079317622011115;0.01983893001942004;-0.08447589849111684
54.358;-0.054800518267586217;-0.3723045967389902;0.00010348872667956426;0.006350195534981605;0.020038832685980255;-0.08494826933829178
54.443;-0.053232071737532694;-0.38264209852739706;3.360332581284664e-05;0.005989478539375407;0.019389609708031403;-0.03134239769397049
54.537;-0.052250657408657586;-0.3865611054191098;-1.415915269400498e-05;0.005786062131061937;0.019484580001640255;0.0005071452949929485
54.617;-0.05593921140793153;-0.3860588880139651;0.0020447971797254378;-0.002811643637325202;0.018625870604033097;-0.06431500548794697
54.711;-0.05856215864823196;-0.3861996381859729;0.0013099966324331012;-0.001785600355868573;0.020838491859597602;-0.0879724521276533
54.803;-0.11870752071799603;-0.3618461132257352;-0.0003052025167623358;-0.013346832984882274;0.01125990516600792;0.13808580547153101
54.892;-0.12893976416418568;-0.35303340784502735;-0.0006121620546664549;0.0001802194565479279;-0.01812446689948539;0.31321158247457787
54.98;-0.0872016943358108;-0.353116630269443;0.0011809821021096718;0.00041382233459037293;0.022223085029904815;-0.08082862856622401
55.063;-0.11624661019467633;-0.3428109814275681;0.0015332994653257158;-0.013744052825846096;0.01047475849057982;-0.02984389380763339
55.144;-0.11165532980793112;-0.3432028972073502;0.0005254664804599383;0.007968066718779549;0.01980351499959947;-0.017952828577145627
55.228;-0.07810107027448795;-0.3543996747182537;8.086742529481828e-05;0.006263307786340614;0.02002826474827734;-0.14596532370717072
55.322;-0.06756478630430111;-0.36598457197007267;8.312682499802174e-05;0.006493847052469104;0.02005062623586081;-0.14666767248201892
55.407;-0.06511563374216092;-0.3787651570431342;0.0020381743138866587;-0.0022610240044845338;0.01943458000520446;-0.19762322019044556
55.491;-0.07034092453685149;-0.3803218297931949;0.0012849542004707496;-0.0012942024025092676;0.021591425400023175;-0.2095352619982379
55.579;-0.08109741263927135;-0.37135121097732454;0.0002806710420953118;0.008119517862934647;0.01930057629894313;-0.1758536462811184
55.666;-0.15400442526014543;-0.34217452514136915;0.002846492385179185;0.0032461026282302875;0.021726930867699026;0.10624051911379775
55.752;-0.1228268894218901;-0.35077483937385784;0.002503491605239665;0.024026708189122004;-0.003383246833869414;0.03541548049688577
55.84;-0.10217438516495535;-0.3493841415058993;0.00011583147484127849;0.007435579848751972;0.019388583228016062;-0.19785073389419855
55.931;-0.08683981973340817;-0.3630408912279326;1.2239470754585503e-05;0.007511299770997277;0.020099792679973753;-0.1464205416059949
56.023;-0.08767469330053043;-0.37595630550192627;-1.4439768875705632e-05;0.007418593056086974;0.01913119377636652;-0.1592284992476381
56.103;-0.0926008612341849;-0.3781225214886466;-1.8924580980653557e-05;0.007576535558065034;0.018984738025435155;-0.16055755542710368
56.188;-0.09164285436744998;-0.38083878172309277;0.0012626643855187902;7.557939981340007e-05;0.02026953016881131;-0.00504443421252449
56.283;-0.09167924180922152;-0.38071673116485216;0.001324773797850229;0.00021571283739790263;0.02058686992198843;0.0060244525685045945
56.361;-0.0927719927776022;-0.38013751711507915;0.001318427461856785;0.00020298476445121765;0.02067410760838287;-0.02555260841275779
56.449;-0.09177665674817032;-0.38070390234844814;0.0012792296240799056;0.00017026316401849608;0.020150097363888387;0.02659263997349849
56.541;-0.0909900019575444;-0.38077019248261934;0.001329755252341126;0.0002706469572751697;0.020519004560343498;0.03768359435249406
56.631;-0.08762814504508397;-0.38123500341442274;0.0013345169520544433;0.00027321044758175906;0.02041011837301686;0.10058511115163105
56.714;-0.08499359923635026;-0.3816440024091665;0.0013401246681726694;0.0001640258803526989;0.020437742088440368;0.10123823712579526
56.803;-0.08507041015393291;-0.37943182192384756;0.0016089089152855835;0.0003209391695601527;0.022926811036665443;-0.023060730298259
56.887;-0.0863551523648712;-0.37977808834771465;0.001304629836128024;-0.00023489307738243072;0.02091102004641377;-0.0878460300255225
56.972;-0.09004531645559626;-0.3800533841253546;0.0013090775652042897;-6.740601566926257e-05;0.020908298475111105;-0.08798742335573664
57.06;-0.09104157076875345;-0.38060886473378114;0.0012158842700638415;-0.0001312662321819684;0.019981825188233188;-0.04714288928862536
57.155;-0.09105449889185;-0.38095887234000775;0.0012278247887768723;-7.325436480196938e-06;0.019781741506282157;0.01549913904489523
57.246;-0.09066241914133433;-0.3806779978477694;0.001374475182390305;0.0002995062654098607;0.02094811070082117;0.017008327341868603
57.328;-0.09034225155934157;-0.3807606542583776;0.0013233494180153876;0.00015165526620732663;0.02058818499201153;0.005957705283083473
57.419;-0.09022390521497288;-0.38084177439213873;0.0013238737426521565;0.00014361073542520792;0.020589208466980147;0.005994841351470812
57.5;-0.08849855121891356;-0.3806162240897909;0.0014746645209967222;0.0004531841907808582;0.021693336152573392;0.03966714220933458
57.591;-0.08708521283528595;-0.3814175047306987;0.0012781637649537543;-6.686635957002911e-05;0.020155045803804974;0.0265526657281001
57.677;-0.0863462054949976;-0.38167869627026474;0.0013294378341472532;2.5518829845350313e-05;0.02052320334512489;0.037675985940830964
57.767;-0.08216603976690513;-0.38230136283406646;0.0013409621481386158;1.0886722729070305e-05;0.020442641986451637;0.10136592746668356
57.854;-0.07953885649549386;-0.3827535079294049;0.0013399625941512682;-0.000126338769865044;0.020439275063119725;0.10122173108166149
57.94;-0.07561612322306331;-0.3834901834385326;0.0013398595013228095;-0.00033428190481303517;0.020437834428403617;0.10120816942813023
58.032;-0.07300207361311549;-0.3839830662342456;0.0013398362338970277;-0.0004732833441528559;0.02043539354201289;0.10120428913760991
58.123;-0.06284517154281981;-0.3830473621873192;0.0012895640689231803;-0.0005565999294419468;0.01978483861827228;0.2596550246971788
58.211;-0.05608033731582693;-0.3848761867835405;0.0014452028081599671;-0.0008169169118286152;0.021245303915180192;0.18775932446697946
58.293;-0.05149723302633468;-0.386155163111714;0.0013496957625369413;-0.0013508832326574695;0.020387918850065214;0.16477104839711793
58.379;-0.04792947824513762;-0.3874619213789851;0.001338104467284526;-0.0017900739254794668;0.020364762642437244;0.10100747818012991
58.471;-0.04532353906137509;-0.3880202838236428;0.0013394528481740558;-0.001932421107254604;0.020352369178517207;0.10115246140490873
58.554;-0.04417688481129863;-0.3884334927788363;0.00132747329296376;-0.002207034743901794;0.020407475766690938;0.03753098394771885
58.646;-0.04323583644880378;-0.38876588436383597;0.0013287681589549888;-0.002261775408356696;0.020402143734486303;0.03762540631640382
58.729;-0.04243949337199191;-0.3890080815594347;0.0012780118196293055;-0.0023984177631804614;0.020013994924428066;0.02645307220685248
58.821;-0.04167200739258611;-0.3891366748225294;0.0013295860680454042;-0.0023483700107428443;0.020391792343453365;0.037675862179535835
58.905;-0.04160055627972793;-0.38905672567166205;0.0013233172383214928;-0.0024464285051869206;0.020448719774692085;0.005962617240861935
58.992;-0.04066977920468789;-0.38936327881674204;0.001278741522569394;-0.002493293044700065;0.020002073117412044;0.026493837649398146
59.084;-0.039891271752847304;-0.38939686591387745;0.0013297297163163075;-0.00244327181462339;0.020379892855649458;0.03767892690189527
59.163;-0.039814764619139326;-0.38926530305406165;0.0013233610468052544;-0.0025407762642722766;0.02043706279823156;0.005961758223956324
59.258;-0.03968884148377874;-0.3893504130249615;0.0013239279747337546;-0.0025492097749961772;0.0204367564632754;0.005999125490368889
59.348;-0.03949232154873992;-0.38941080504528025;0.0013240019415824344;-0.002560387197125208;0.020434926469817916;0.00599714392567204
59.435;-0.03935950871351147;-0.38943369262226796;0.0013240199906601807;-0.002567563483044011;0.020433928497340388;0.0059967113757676506
59.523;-0.039159376855647035;-0.38945917851225326;0.0013240311784585212;-0.002578182755284211;0.020432542832696264;0.005996483225569394
59.616;-0.036298461904183864;-0.3896911478424097;0.0012843096398912602;-0.0025447952161082635;0.019860122657950105;0.08914967466275102
59.705;-0.03381975565060286;-0.3896133727170207;0.0013407798145572867;-0.0025427724616827827;0.020281900943860263;0.10129023712594203
59.795;-0.029826764333648927;-0.3897791051213226;0.0013399919131078092;-0.0027477365500587444;0.020255301749700003;0.10120903687754852
59.882;-0.02717067738865448;-0.3899360442377885;0.0013399153761851164;-0.002885164328021818;0.020236479255612557;0.10120075509433439
59.972;-0.04956432457180596;-0.36828913536030317;0.0009631473081351338;-0.0044545920640923255;0.02194819170496553;0.2580032954615436
60.061;-0.023397194624670582;-0.360254260261166;0.0006354103302200009;0.0068659802645671284;0.02066963286450947;0.120017150395655
60.151;-0.00020220923857430448;-0.3486778543286117;9.538842490727466e-05;0.004240489631343977;0.020215738739865013;-0.13346845157717535
60.243;-0.02130224807583377;-0.33832176992713525;0.0013382550483118922;-0.00396935058462485;0.02009299012183782;0.006225949719597648
60.333;-0.05121846398275309;-0.32584147883696885;-0.000520810583732412;-0.012103822444977036;0.009585003835137931;0.034352166086658795
60.418;-0.050458794081520396;-0.31439881558569244;0.0013745447279993185;-0.004144930714224588;0.019757583119515126;0.12979786173973965
60.5;-0.04692619456233986;-0.30979752555178014;0.00135291114882714;-0.003974699813253003;0.020264077898178554;0.13853414537760525
60.587;-0.003908278792963552;-0.2926487982340107;0.0001303758584152863;0.004100494493687891;0.01990144597200415;-0.10773268623925165
60.668;-0.026488733938595056;-0.28183678998574035;5.3774002759554335e-06;0.003515105461844533;0.01943236771951439;0.0032650122084092862
60.757;-0.025067378914287494;-0.27496002262264224;2.263605303277189e-05;0.0036628009472469106;0.01974578623595209;0.00102585482339457
60.849;-0.0249546829278934;-0.27359088796625114;2.3326746310192248e-05;0.0036733130323092235;0.019771488027158782;0.0010670238482544247
60.94;-0.024940708893239058;-0.27336793183934505;2.343793742329883e-05;0.0036753341884662805;0.019775612031824156;0.001073483658716801
61.031;-0.060309552289282586;-0.2571405417092625;-0.0010906456149055754;-0.0028524264018496806;-0.028673118222474498;0.07167678740622675
61.123;-0.05027896032713056;-0.24922998157798223;-0.001372190793497289;0.004059158629679311;-0.020486948207319864;0.18964543223697014
61.212;-0.04597009371418426;-0.24772539265534133;-0.0013362410650299987;0.004161705914951957;-0.019862599607121823;0.20933592366353504
61.306;0.004163345219202735;-0.23398056569375913;-0.0001800331812726485;-0.0038264870480269695;-0.019609898419798592;-0.0897968164048257
61.395;0.003223341089506732;-0.2352888223665967;-0.0016220542300825352;0.0037746444416292685;-0.017818150225571986;-0.19340967391123426
61.482;-0.030872316652647634;-0.22697101469201458;-0.001383967279292223;0.003930177530579147;-0.01565272167185603;-0.024664425122765864
61.575;-0.029516581355409077;-0.21831601876952866;-0.0013344378031238855;0.004527677598644839;-0.020170055183727123;0.005549324518097504
61.657;-0.02913363299388184;-0.21624026466262006;-0.0013298754014257235;0.004514260764678284;-0.02020403157754815;0.005589313950036397
61.751;-0.05385324887600731;-0.17737241504114348;-0.0016744399943417504;0.004927541774140858;-0.009986043321237602;0.04276812401685198
61.847;-0.05707720971002462;-0.1824906761460034;-3.2237732130663206e-05;-0.0033233180522094416;-0.020324841189543825;0.13397731508080957
61.941;-0.05727292068351209;-0.1877343311632412;-5.8210860707256904e-05;-0.003259946451737286;-0.0203750344106639;0.13848935299764986
62.029;-0.012880401867761043;-0.17892374282518758;-0.00016193558984600585;-0.0035873667192931934;-0.01959301485330374;-0.08091954418666795
62.119;-0.006802598804282444;-0.17656565410452366;-2.7359049796814154e-05;-0.0032386075876806547;-0.020639871681716927;-0.16348521909600225
62.209;-0.008189409889169393;-0.17454943804586795;-0.001702828533754403;0.0031698033997729284;-0.01851079096426934;-0.21610548089983805
62.297;-0.012724438852645154;-0.17150825392571126;-0.0013274785432345402;0.0040695634369008905;-0.02229485222030116;-0.25673537846466304
62.39;-0.04628714018019944;-0.16074466950960958;-0.001349923117210629;0.004177353891928831;-0.019069193312180207;-0.03038512704499457
62.477;-0.041731926622798815;-0.1556658482011933;-0.0013409910703988516;0.003438074293796491;-0.02010658773503924;0.12181891195006309
62.568;-0.03688579660420997;-0.1522329120149033;-0.0013398365153465476;0.0033606167912327966;-0.02052556063702253;0.18400926650607435
62.656;-0.033749399119804235;-0.15076612601272527;-0.0013484772881121945;0.003444889946170245;-0.021093404358717413;0.21184451043569924
62.743;-0.015790375967237636;-0.13134899563165275;-7.680774900947781e-05;-0.0035302997203364977;-0.02000982730533088;-0.001884887343539746
62.743;-0.012731638785488825;-0.12389313113851586;-2.306083870153559e-05;-0.003324293932878495;-0.01979201253685907;-0.0015428470725947364
62.833;-0.012609474061349742;-0.12263978645433453;-2.352535677534263e-05;-0.0033301584017880006;-0.019816360216594404;-0.0015440667547213915
62.923;-0.0125603118404052;-0.12212376886105752;-2.3701652803373338e-05;-0.003332736736287969;-0.019826311359493615;-0.0015454850983567154
63.007;-0.0125533075173873;-0.12203979243270881;-2.373048907617823e-05;-0.003333316079882275;-0.01982790108904287;-0.0015457182748111961
63.103;-0.012551846638828594;-0.12200508029970708;-2.37426698883977e-05;-0.0033337874766333243;-0.019828519907363232;-0.0015458137549414558
63.189;-0.012553131864886274;-0.12199806743303723;-2.3744509631067566e-05;-0.003334136529564551;-0.019828597240493965;-0.0015458316377589799
63.285;-0.012554329132415208;-0.12199682587543074;-2.3744528066016175e-05;-0.003334351412076864;-0.019828581430358476;-0.0015458337957873522
63.377;-0.012556244595115439;-0.12199616848096077;-2.3745381227553632e-05;-0.0033346721956455465;-0.019828535805578005;-0.0015458339977994285
63.47;-0.012069951415194699;-0.12205853905133947;-6.990033694178157e-06;-0.003271441772157713;-0.019754711671348523;-0.001593467182902108
63.552;-0.012602065232665346;-0.12199445230169975;-2.365172871170531e-05;-0.0033419475102321452;-0.019827122631564775;-0.0015529399778542823
63.648;-0.012605636167724707;-0.12199159107712827;-2.3746124249881433e-05;-0.003342691466456598;-0.019827158510303155;-0.0015458006670969976
63.734;-0.012606901180074346;-0.12199104581834222;-2.37458586342368e-05;-0.0033429035657722875;-0.019827130311101913;-0.0015458056203562086
63.823;-0.012608844591627748;-0.12199067442991883;-2.3746465187493722e-05;-0.0033432250462969494;-0.019827078318480212;-0.0015458051615432587
63.906;-0.03219157322802334;-0.09187710053474456;-0.0003774753199400938;-0.011139428784437166;0.009439974167253853;-0.0023571190036012876
63.993;-0.036219523118622345;-0.07991162894747225;0.001284787088402198;-0.005327310916909381;0.01975530489844184;0.04839185937083942
64.078;-0.03994911536159367;-0.08847266922556851;0.0012779903235823654;-0.0046048565452434555;0.020382253097627992;0.08339461121046252
64.16;-0.04282716252377375;-0.0943691375067231;0.0014060973333774695;-0.004181474734193984;0.021667910526343412;0.04350944121441304
64.25;-0.0437072290285107;-0.09587460713225512;0.0013698166888209307;-0.004539916729026475;0.021168361005016317;-0.005515234214234431
64.329;-0.04336279406543095;-0.09706159559840752;0.0012307921329295433;-0.005399875709679008;0.019264350384737058;0.017388776922459017
64.43;-0.025157691724260692;-0.08378540942872957;8.353984079658664e-05;0.0031637031616700752;0.019851233505257398;0.041027961567112664
64.516;-0.0204352678303375;-0.07039870422218888;2.935112925731557e-05;0.0028069082141240044;0.019961924738172387;0.05347938340172753
64.603;-0.018629091349491443;-0.06482226075460007;3.8398401689140345e-05;0.002770868129723386;0.020129714826873927;0.06081829662204473
64.687;-0.018117796256179763;-0.06403519779810182;3.7350444923859785e-05;0.0026865604474016506;0.02015166996253061;0.06001415463782138
64.775;-0.01763333557580069;-0.06378073671659804;3.69521517933599e-05;0.002565266873186232;0.02017222637145829;0.05967590064816111
64.861;-0.01669927515066658;-0.0636308690907033;2.7784204641935928e-05;0.002456778287320526;0.020246546865048808;0.06878678501486939
64.953;-0.016661551471688317;-0.06365235964703135;3.9312080420494434e-05;0.0023829366161314384;0.02027761530291023;0.0694493110896313
65.039;-0.018278258145049523;-0.06397716442124812;4.591591366432383e-05;0.0022225000743500904;0.01999094876890385;0.01865975987797801
65.124;-0.017391601676853604;-0.06424088791171999;2.848269977854856e-05;0.002134374229982046;0.020012693329948483;0.018493825490592173
65.214;0.0015467788179477286;0.0007029273594666417;-0.002193267101475559;-0.016889447658896665;-0.001782040498023733;0.13714052697103077
65.303;0.0014581638453426173;0.00015532450775798158;-0.0019366566654955165;-0.017520660270659082;-0.0017040937550453703;0.326034690887043
65.396;0.0013195927150946377;0.0002930181764408332;-0.0019455437922739813;-0.017423834385384782;-0.0024456397826814417;0.6141842347252169
65.481;0.0009168864737122227;0.0004368536585688445;-0.0019594719068245824;-0.01723096492875908;-0.0029795396113903787;0.7495442781104319
65.564;0.0005668300142040415;0.0005547731215289169;-0.0019720859227086254;-0.01690122876993179;-0.004135257090298295;0.8551439117502101
65.655;0.00036969887753259337;0.0006157424683550655;-0.001977926450468751;-0.01646039326574101;-0.0055225968005794225;0.9024828992795042
65.745;0.0002796259294930714;0.0006421675614632985;-0.001979901962239036;-0.016089078725840603;-0.006493308252523707;0.9184164931273493
65.831;-0.0005604127475079407;0.0004946280365461814;-0.0019885405846220483;-0.015426673707942;-0.007599435839373424;0.897269209535319
65.922;-0.0016263351151619004;8.704257565978835e-05;-0.002015388245097007;-0.015198553885714578;-0.007532016280428014;0.6547059107022462
66.009;-0.004935735119585013;0.0009524231906760068;-0.001334172858003889;0.014518118374277286;-0.015320379574654173;-0.008728683148437874
66.101;-0.0013605442885572276;0.0006874152714723581;-0.0013261741877008256;0.014483492718254325;-0.015308839557303073;-0.007876142153988453
66.19;-0.0005289249385695535;0.0006278444910312116;-0.001324386764019888;0.014486684084119917;-0.015306996921108033;-0.007915868728908907
66.282;-6.084793532889525e-05;0.0005940327390379982;-0.0013233835713112024;0.014482075772827925;-0.015312026526917709;-0.007938328251172909
66.375;7.798720518304865e-05;0.000583864657448335;-0.0013230866395806062;0.014473489775279538;-0.01532031505090927;-0.007944911715839529
66.469;0.00011060429250836662;0.0005814279541279917;-0.001323017701554118;0.014467041117946474;-0.015326442241154817;-0.0079464115683651
66.56;0.0001291949454760207;0.0005799885588928504;-0.00132297778144971;0.014456991433309483;-0.015335910310596964;-0.007947197370520562
66.653;0.00013497024497699303;0.0005794920740257563;-0.001322966431221839;0.014446780565249418;-0.015345501343988262;-0.007947365646966907
66.746;0.0001369518174750179;0.0005792770689035028;-0.0013229634562442446;0.014436515093481013;-0.015355126331659223;-0.007947351458161748
66.842;0.00013758217340379805;0.0005791852880807321;-0.0013229632963442917;0.014429664644912275;-0.015361545455723238;-0.00794730877256449
66.931;0.00013817812770257606;0.0005790739039461187;-0.0013229621497745057;0.01441937022995738;-0.015371168012443925;-0.007947227777055435
67.024;0.00013862634708337483;0.0005789735203157125;-0.0013229613417403525;0.01440907479488652;-0.015380789831699727;-0.007947140273620116
67.118;0.00013889823350847903;0.0005789084692581149;-0.0013229617745067843;0.014402202235112668;-0.015387200804252732;-0.007947080727544631
67.21;0.00013929238346678917;0.000578811702484457;-0.001322961783518294;0.014391895434680245;-0.015396800718696962;-0.007946990059797989
67.303;0.00013968072163334695;0.0005787152119692595;-0.0013229615145252936;0.014381579780733436;-0.015406402443113877;-0.007946900039155217
67.394;0.0001400672757232835;0.0005786185212765405;-0.0013229622172349525;0.01437125851690002;-0.015415996904207351;-0.007946810098701459
67.488;0.00014032463967913642;0.0005785540183498809;-0.001322961660324121;0.014364374510057589;-0.015422390559227868;-0.007946750374939969
67.581;0.00014071044541890562;0.0005784569880360667;-0.0013229619225835082;0.014354043495895774;-0.015431971494238743;-0.007946660594488866
67.675;0.00014109612169983435;0.0005783597829718887;-0.0013229608089986974;0.01434370040381315;-0.015441543762386406;-0.007946570916335419
67.768;0.00014148169856983397;0.0005782622585090786;-0.001322961803857315;0.014333358085141443;-0.015451118942344423;-0.00794648221779244
67.864;0.00014173870087253016;0.0005781971037734408;-0.0013229615470122574;0.01432645643535201;-0.0154574911766975;-0.007946422609636015
67.955;0.00014212412983940912;0.0005780991289614535;-0.0013229617158896187;0.014316101393021311;-0.015467041601156478;-0.00794633318036843
68.047;0.00014250949840100647;0.0005780009949840578;-0.001322961587781331;0.014305740957378564;-0.015476593645110713;-0.007946244681772349
68.14;0.000142766368703842;0.0005779353749434449;-0.0013229619932109257;0.014298827710437775;-0.01548296371923058;-0.007946186267754573
68.233;0.000143151611288252;0.0005778367979919893;-0.00132296194253386;0.014288458657957116;-0.015492505018410381;-0.007946098194485666
68.325;0.00014353676186287776;0.0005777379537208174;-0.0013229614275289004;0.014278075534480206;-0.01550203133338516;-0.00794600964089989
68.415;0.0001437934939395382;0.0005776718818432086;-0.0013229614193409605;0.014271155174604458;-0.015508382332965616;-0.007945951065984997
68.507;0.00014417851669282675;0.0005775726024751771;-0.001322960959008495;0.014260764704180084;-0.015517896705972343;-0.007945862839481205
68.598;0.0001445634637819125;0.0005774730612632926;-0.0013229604704851354;0.014250370706737287;-0.015527401333286993;-0.007945774599211135
68.692;0.0001448200435459503;0.0005774065064712592;-0.0013229610595086529;0.014243435010467197;-0.015533736578563028;-0.007945716075305566
68.783;0.0001452048803777467;0.0005773065927034279;-0.0013229612839340057;0.014233030492564948;-0.015543247297291264;-0.007945629634128823
68.871;0.00014558961644411202;0.0005772063486970765;-0.0013229611699246586;0.014222614900768772;-0.015552736090719405;-0.007945542148726373
68.961;0.00014584605663032666;0.0005771393295124767;-0.0013229615601184589;0.014215671023738736;-0.015559058114450644;-0.00794548392801581
69.055;0.00014623068731326944;0.0005770387577866;-0.0013229613765233475;0.014205247700112292;-0.015568544856700827;-0.007945397601391149
69.148;0.00014661521942516177;0.0005769378646432036;-0.0013229613223849392;0.014194820397187747;-0.015578018676956795;-0.007945310965218366
69.24;0.0001468715363440316;0.0005768704742608962;-0.0013229616151322625;0.014187863409278263;-0.015584333462440805;-0.007945253547886999
69.332;0.00014725593920245815;0.000576769173989135;-0.0013229609562047787;0.014177423984884172;-0.01559379190482397;-0.007945166960930207
69.427;0.00014764025954660327;0.0005766676037443047;-0.0013229605456347173;0.0141669715902905;-0.015603243696362493;-0.007945080584257112
69.518;0.00014802450524217987;0.000576565771127811;-0.0013229611115115236;0.014156525029495728;-0.015612691914238473;-0.007944994692106348
69.612;0.00014828062415122561;0.0005764977041795561;-0.001322961707188101;0.0141495589460951;-0.015618987764483505;-0.007944937618823299
69.706;0.00014866473986235786;0.0005763955016067628;-0.0013229610360613144;0.014139091623965549;-0.0156284208044218;-0.00794485178501959
69.803;0.0001490487823129405;0.0005762930456907653;-0.0013229606198163532;0.014128620374610774;-0.015637852654097936;-0.007944766636585887
69.898;0.00014943274032966423;0.0005761902946942074;-0.0013229605453698363;0.01411814649500598;-0.015647274686410282;-0.007944681449374491
69.99;0.0001496886628544352;0.000576121632229489;-0.0013229607437353257;0.01411116067472981;-0.015653550341885557;-0.007944624610964464
70.084;0.0001500724979372168;0.0005760184939589247;-0.0013229606986552486;0.014100675605712406;-0.01566296475070459;-0.007944540105376503
70.179;0.00015045624528969422;0.0005759151218308668;-0.0013229597770077898;0.014090183750364067;-0.015672366209666645;-0.007944455310507465
70.275;0.00015083990463977774;0.0005758114101030133;-0.0013229604584568558;0.014079683635401546;-0.015681762078888106;-0.00794437079903027
70.368;0.0001510956376936413;0.0005757421504990045;-0.0013229602350883058;0.014072681842238652;-0.01568802117728213;-0.007944314512481601
70.462;0.00015147916037137844;0.0005756380175705323;-0.0013229605559522946;0.014062175533854379;-0.015697402011521554;-0.007944230062524822
70.557;0.0001518626122186311;0.0005755336638051008;-0.0013229603571506224;0.014051660207308726;-0.015706779681514738;-0.00794414614724489
70.653;0.00015224599663545254;0.0005754291583690255;-0.0013229594716374163;0.01404114476341294;-0.015716149873344652;-0.007944062418796595
70.75;0.0001525015288095261;0.0005753592465957369;-0.0013229598870401426;0.014034122236571465;-0.0157223947051163;-0.007944006835379254
70.843;0.00015288475523734987;0.0005752541970901329;-0.001322960040544774;0.014023593207719873;-0.015731743908388503;-0.00794392263624276
70.937;0.0001532679039595642;0.000575148879281314;-0.0013229607215542024;0.014013052496022893;-0.015741099396745898;-0.007943839708965377
71.032;0.00015365099409591916;0.0005750434594514865;-0.001322959188874979;0.014002508941763253;-0.015750439267587332;-0.007943756348830317
71.129;0.00015403398677807443;0.0005749376683117694;-0.0013229592552432914;0.013991962371864338;-0.0157597765992986;-0.00794367350540958
71.225;0.00015428927235299557;0.0005748670088931433;-0.0013229594546658317;0.01398492876470673;-0.01576599844314827;-0.007943618455952269
71.319;0.00015467212080993702;0.0005747607352035902;-0.0013229604026827775;0.013974364646586841;-0.01577532272347412;-0.007943535804691131
71.414;0.0001550548990294962;0.0005746543048062596;-0.0013229601536833247;0.013963801308686838;-0.015784640573692072;-0.007943453432647197
71.509;0.0001554375907878734;0.000574547580713061;-0.0013229597989695904;0.013953226132124151;-0.01579394725510081;-0.007943370919006149
71.605;0.00015582020417478616;0.0005744406408917662;-0.0013229597723157223;0.013942652545322233;-0.0158032477431532;-0.007943288662468346
71.699;0.00015607524428355555;0.0005743692581234338;-0.001322959114938019;0.013935596441454803;-0.0158094473112509;-0.007943234214791994
71.793;0.0001564577183769821;0.0005742618807006606;-0.0013229588605926795;0.013925005876437257;-0.01581873695457092;-0.00794315236060793
71.888;0.00015684010941010283;0.0005741542343548098;-0.0013229596426801147;0.013914416410013813;-0.01582802093137325;-0.007943070792263434
71.982;0.00015722243186441426;0.0005740464037767054;-0.0013229586169094436;0.013903811715111054;-0.015837295902646265;-0.00794298930911791
72.078;0.00015747724789807712;0.0005739742738615232;-0.0013229600111452275;0.013896741521934399;-0.015843479718960687;-0.007942935392542925
72.171;0.00015785945121981384;0.0005738661085730867;-0.0013229585980439153;0.013886125921352082;-0.015852751130580423;-0.007942854924995076
72.265;0.00015824152745630478;0.0005737575046961135;-0.0013229584823045678;0.013875511021552378;-0.015861997961319603;-0.007942773151257423
72.361;0.00015862353291496876;0.0005736486728794445;-0.0013229589828623266;0.013864891627174579;-0.015871250647866864;-0.007942692623423848
72.455;0.0001588781623540318;0.0005735759918486698;-0.0013229591119646147;0.013857801634909277;-0.015877415603114172;-0.007942639092745339
72.542;0.00015926002890345286;0.000573466762911548;-0.0013229591693931476;0.013847170534406943;-0.015886652251009784;-0.007942558542186071
72.636;0.00015964182725728562;0.0005733573722020691;-0.0013229581793714775;0.013836529341666935;-0.015895883385314592;-0.007942478345858575
72.731;0.0001598962990459931;0.0005732842171581288;-0.0013229584982682085;0.013829436529126375;-0.01590202906056905;-0.007942424588320564
72.827;0.00016027796779290735;0.0005731743966406168;-0.0013229578875182234;0.013818787054043689;-0.015911255748310524;-0.00794234531727163
72.921;0.00016065951207286014;0.0005730641552921913;-0.0013229588904302698;0.013808131967474739;-0.01592046149576675;-0.007942265031035057
73.015;0.00016104099484254544;0.0005729537835164364;-0.0013229583957767056;0.013797470367659092;-0.01592966500902035;-0.00794218537836391
73.109;0.00016129526771836074;0.0005728800430993323;-0.0013229577966832103;0.013790354234303897;-0.015935793906501787;-0.007942132158037598
73.203;0.0001616766142292158;0.00057276924461019;-0.0013229584047657061;0.01377968535915428;-0.015944992356125065;-0.007942053351923193
73.297;0.00016205787215240692;0.000572658190642592;-0.0013229582843950008;0.01376901050881254;-0.01595417498229574;-0.007941974031931299
73.393;0.00016243903428484632;0.0005725468115188967;-0.0013229586072151553;0.013758325094699696;-0.015963349169247888;-0.00794189477708868
73.487;0.00016269312664578272;0.0005724725735768929;-0.0013229575423438428;0.013751195356654788;-0.015969470885970314;-0.007941842876405794
73.58;0.00016307414526418943;0.0005723607724659166;-0.0013229577736447908;0.013740500343285483;-0.01597863092616626;-0.007941763743345676
73.676;0.00016345509504232523;0.0005722488205710019;-0.0013229577944335073;0.013729807291235874;-0.015987787694020365;-0.007941685114667068
73.769;0.00016383595560051076;0.0005721365604678071;-0.0013229578787291247;0.013719097947852517;-0.01599694249819642;-0.007941607103764285
73.864;0.00016421674616917396;0.0005720241302366823;-0.001322957446271525;0.013708388646452024;-0.016006088512684126;-0.007941529157225097
73.959;0.00016447053153164216;0.000571948948601944;-0.0013229570860249652;0.013701235725109085;-0.016012170820230393;-0.007941476372023477
74.053;0.00016485117614640203;0.0005718360574823902;-0.0013229571472041883;0.013690519317872806;-0.01602130854734782;-0.00794139901183659
74.149;0.00016523172012786172;0.0005717228886358199;-0.0013229568411976611;0.01367979246012047;-0.01603042900998022;-0.007941321001722217
74.244;0.00016561219871928177;0.0005716095223533893;-0.0013229567982904022;0.013669055081259984;-0.016039554298802536;-0.007941244170446523
74.338;0.00016586578819494552;0.0005715337615989798;-0.0013229570038260487;0.013661894538308808;-0.016045625962612917;-0.007941192384592602
74.432;0.00016624611206577007;0.0005714199537572306;-0.0013229568900875034;0.013651148701675676;-0.016054730407245227;-0.007941115115793424
74.528;0.0001666263409288203;0.0005713058572089085;-0.0013229570887123053;0.013640405003290394;-0.016063824573026755;-0.0079410377478268
74.62;0.0001670065012768425;0.000571191557379532;-0.0013229569335589182;0.013629646409303855;-0.016072922829055866;-0.007940961514376897
74.715;0.00016725986936162512;0.0005711151437255771;-0.001322956679396001;0.013622474379680916;-0.01607896666730644;-0.007940909321480543
74.809;0.0001676399056670635;0.0005710005343191115;-0.0013229555217524045;0.01361170523413473;-0.016088054537058864;-0.007940833550792536
74.904;0.00016801980675773429;0.0005708854493387883;-0.0013229563367508032;0.013600930298500128;-0.016097124910437167;-0.00794075703589294
75.0;0.00016839965049944184;0.0005707702779141821;-0.0013229555338093485;0.013590155605436506;-0.016106186741566282;-0.007940680631735279
75.095;0.00016877939680698222;0.0005706547564563142;-0.001322955752001605;0.013579366621214235;-0.01611524501125239;-0.007940604690425629
75.19;0.00016903250862636678;0.000570577611135939;-0.00132295577943956;0.013572175325625066;-0.016121277990297434;-0.00794055399501416
75.281;0.00016941210677866203;0.0005704616829041596;-0.0013229551098100948;0.013561382218918009;-0.016130316252483526;-0.007940477695580171
75.378;0.0001697916195558374;0.0005703455219585094;-0.0013229557253144892;0.013550580865051766;-0.016139357397894273;-0.007940402372397749
75.472;0.00017017105163935828;0.0005702291210847854;-0.0013229556334161654;0.013539771967979381;-0.016148391148100138;-0.007940327234486079
75.566;0.00017042395136164672;0.0005701513762756898;-0.0013229551346242252;0.013532569329441536;-0.01615440134759053;-0.007940276549442732
75.659;0.00017080324235711482;0.0005700345703618843;-0.0013229547411727693;0.013521747462080172;-0.01616342141555135;-0.007940201584367732
75.754;0.00017118242601915252;0.0005699174681735228;-0.001322955139104629;0.013510931795490835;-0.016172429562200667;-0.007940126345033941
75.849;0.00017156153636447457;0.0005698001590479352;-0.0013229547241539396;0.013500104337771643;-0.016181432569184886;-0.007940051492018452
75.944;0.00017181422149166003;0.0005697217908386621;-0.0013229541764302752;0.013492878266869325;-0.016187427996150854;-0.007940001486841371
76.039;0.00017219319025225705;0.0005696040744411291;-0.0013229547237683325;0.013482040254491005;-0.016196424039787615;-0.007939927322796018
76.134;0.0001725720448120157;0.0005694860041235076;-0.001322955281931415;0.013471196229142184;-0.016205407202290488;-0.007939852844346153
