23.303;0.0029765239816462686;0.01461478041178529;-0.030685650443493855;-7.717316795433039e-06;4.523522777910983e-06;-0.07546583950614172;0.9971483876473021
23.394;0.002994657576899341;0.014678119823784763;-0.030685650437962456;-7.715796730268567e-06;4.526153403470914e-06;-0.07579936086407738;0.9971230901010055
23.492;0.0030128339368370107;0.014741446951121284;-0.03068565043224205;-7.714273315478146e-06;4.528782524249142e-06;-0.07613287002863797;0.9970976812836257
23.586;0.0030249752637102503;0.014783658197838122;-0.030685650428119538;-7.713254677063864e-06;4.5305338090248725e-06;-0.0763552026825282;0.9970806802577664
23.678;0.0030432228774667242;0.014846964790725798;-0.030685650422005654;-7.711727394841667e-06;4.53316211370461e-06;-0.07668869145670731;0.9970550860020914
23.772;0.003061513230879971;0.014910259026535862;-0.030685650416739027;-7.710205427110936e-06;4.535792154847608e-06;-0.07702216795562011;0.997029380491566
23.868;0.0030798463145242797;0.014973540878011254;-0.030685650410457642;-7.708675752304702e-06;4.538417447515173e-06;-0.07735563214906425;0.9970035637322455
23.947;0.0030920921046746807;0.015015721885459625;-0.030685650406247315;-7.707654711828876e-06;4.540164839842742e-06;-0.07757793475992494;0.9969862907574827
24.027;0.0031043568790197094;0.01505789736845406;-0.03068565040285496;-7.706637287735742e-06;4.541918263112616e-06;-0.07780023187831461;0.996968968343378
24.094;0.0031166406347235224;0.015100067319149646;-0.030685650399135185;-7.705620454877856e-06;4.543670895731965e-06;-0.07802252349564977;0.9969515964917
24.184;0.0031351018523085063;0.015163311854384489;-0.03068565039338128;-7.704089042265312e-06;4.5462954055431024e-06;-0.07835595058764663;0.9969254460226624
24.281;0.0031536057622335786;0.015226543896449157;-0.030685650387553207;-7.702558844429483e-06;4.548919652883679e-06;-0.07868936525099143;0.9968991843292753
24.371;0.0031659654154481878;0.01526869163697888;-0.030685650382701823;-7.701533738453021e-06;4.550668389620958e-06;-0.07891163477329186;0.9968816147453942
24.463;0.0031845404580819097;0.01533190279656025;-0.030685650377824794;-7.700003553611204e-06;4.553293259227381e-06;-0.07924502865374186;0.9968551676916989
24.553;0.0032031581676693404;0.015395101390330155;-0.03068565037200077;-7.698470154990074e-06;4.555915839450244e-06;-0.07957841002371545;0.9968286094299634
24.643;0.0032155936731059365;0.015437226791666273;-0.030685650367762184;-7.69744792504235e-06;4.5576652193663305e-06;-0.07980065730459847;0.9968108421429469
24.719;0.0032342824728715898;0.015500404382001311;-0.03068565036174713;-7.695911199067676e-06;4.5602848827781e-06;-0.08013401775495521;0.9967840985481385
24.81;0.003246765362940893;0.015542515756037358;-0.030685650358029698;-7.69488984211956e-06;4.562035563236451e-06;-0.08035625106069744;0.9967662077114406
24.902;0.003265525226252268;0.0156056722671695;-0.030685650352419262;-7.693355658587046e-06;4.564656687593589e-06;-0.08068959050551859;0.9967392788006441
24.991;0.003278055483144229;0.015647769563189584;-0.030685650348087214;-7.692326574452058e-06;4.566401526810793e-06;-0.08091180977943817;0.9967212644256128
25.074;0.0032968863833036845;0.0157109049198287;-0.030685650342061926;-7.690788657821042e-06;4.569023085018883e-06;-0.0812451281328485;0.996694150215929
25.165;0.0033157598926597566;0.015774027547436818;-0.030685650336616632;-7.68925179825132e-06;4.571642610833747e-06;-0.08157843379041019;0.9966669248351123
25.26;0.003328365899260709;0.01581610221399339;-0.0306856503325214;-7.688224946226e-06;4.573388964416343e-06;-0.08180063049350404;0.9966487128225475
25.351;0.0033473104025293424;0.015879203565947325;-0.030685650327208304;-7.686687770141146e-06;4.576009456252e-06;-0.08213391492217467;0.9966213021702536
25.44;0.0033662974892230985;0.015942292116767308;-0.030685650321606278;-7.685146846917559e-06;4.578627982976537e-06;-0.08246718657227645;0.9965937803633075
25.535;0.003378979199672295;0.01598434402497026;-0.03068565031720081;-7.68411760212743e-06;4.5803714451786595e-06;-0.08268936055803566;0.9965753707424632
25.629;0.0033980372370431894;0.016047411178983503;-0.03068565031129397;-7.682573741336584e-06;4.582988368579916e-06;-0.08302261084169157;0.9965476636915084
25.721;0.0034171378318487867;0.016110465459036792;-0.030685650306191806;-7.681034052644662e-06;4.585607407666338e-06;-0.0833558482637582;0.9965198455024382
25.812;0.0034362809743151944;0.016173506837802356;-0.030685650300511118;-7.679489943403204e-06;4.588223376459426e-06;-0.08368907279364025;0.9964919161814182
25.905;0.00344906670210904;0.01621552724289507;-0.030685650296651566;-7.678460496259014e-06;4.5899675974124044e-06;-0.08391121530241612;0.9964732348971774
25.997;0.00346828073569508;0.01627854705907921;-0.03068565029106337;-7.676916766127958e-06;4.592584139346323e-06;-0.08424441827576765;0.9964451203700837
26.088;0.003487537290837071;0.01634155390171047;-0.03068565028557552;-7.67536972744716e-06;4.595200319858318e-06;-0.08457760827364863;0.9964168947276446
26.183;0.0035003986125031784;0.016383551242424015;-0.03068565028188392;-7.674338000471725e-06;4.596942432864203e-06;-0.084799727715149;0.9963980159049942
26.275;0.003519726015042757;0.01644653640166831;-0.030685650276456013;-7.67279319530614e-06;4.599557980784735e-06;-0.08513289601820079;0.9963696050841406
26.369;0.00353909591294496;0.01650950851488029;-0.03068565027035042;-7.671243660268408e-06;4.602169412168205e-06;-0.08546605126301011;0.996341083164536
26.461;0.003558508296216494;0.016572467554205734;-0.03068565026539092;-7.6696949459056e-06;4.604785842068342e-06;-0.08579919341771847;0.9963124501524816
26.551;0.0035714734832450346;0.016614432971016637;-0.030685650261013647;-7.668661127056092e-06;4.606525275244729e-06;-0.0860212809003696;0.9962932997627915
26.642;0.0035909566536464575;0.01667737016156201;-0.03068565025568378;-7.667111350012403e-06;4.609139199687552e-06;-0.08635440116955968;0.99626448161049
26.735;0.003610482283043284;0.01674029420610169;-0.030685650250613903;-7.665562355039395e-06;4.611751174951773e-06;-0.0866875082658694;0.9962355523823799
26.829;0.0036235229528369;0.0167822362526577;-0.030685650246624313;-7.664525815779372e-06;4.6134919524853655e-06;-0.08690957232961585;0.9962162045246272
26.921;0.0036431193251561713;0.016845138326964843;-0.030685650241127446;-7.662973627287205e-06;4.61610222190452e-06;-0.0872426574013295;0.9961870901841303
27.012;0.0036627581300600325;0.01690802718318269;-0.030685650234740125;-7.66141490078282e-06;4.618709307370528e-06;-0.08757572921672198;0.996157864784558
27.106;0.003675874235271169;0.016949945730636278;-0.030685650231833027;-7.660382067107845e-06;4.620450662603913e-06;-0.08779776971311415;0.9961383194885
27.201;0.0036955837388573734;0.017012812496430527;-0.03068565022602915;-7.658827456285484e-06;4.623060480576483e-06;-0.0881308193643758;0.9961089090044992
27.297;0.003715335648122887;0.017075665971063247;-0.030685650220222953;-7.657271781534094e-06;4.625670044694225e-06;-0.08846385567536415;0.9960793874782361
27.389;0.0037351299533064496;0.017138506128111314;-0.030685650215083182;-7.655715853483689e-06;4.628278367542027e-06;-0.08879687861491498;0.9960497549159968
27.481;0.0037483497049945295;0.017180392154045016;-0.030685650210811953;-7.654673221433751e-06;4.630014459883269e-06;-0.08901888646386592;0.9960299381909673
27.575;0.0037682146474647005;0.017243210054585446;-0.030685650206131662;-7.653119687704054e-06;4.632624789808985e-06;-0.08935188704729084;0.9960001205828526
27.669;0.003788121958873976;0.017306014564951237;-0.030685650200615047;-7.651560283634388e-06;4.635231445085028e-06;-0.08968487417551786;0.9959701919556077
27.764;0.0038080716292041763;0.01736880565824386;-0.030685650195343014;-7.650001920297483e-06;4.637838229123699e-06;-0.09001784781670744;0.9959401523155977
27.858;0.003821394937077554;0.01741065891937258;-0.030685650191202736;-7.648959479150596e-06;4.63957363611643e-06;-0.09023982273602105;0.9959200642182782
27.949;0.00384141518304147;0.017473427589963904;-0.030685650185436213;-7.647398220371024e-06;4.6421800837861856e-06;-0.09057277382896146;0.995889839571072
28.045;0.0038614777609148497;0.017536182770874546;-0.030685650180586416;-7.645838226650756e-06;4.644785234081466e-06;-0.09090571135092376;0.9958595039280139
28.135;0.0038748763255028115;0.017578012050782743;-0.03068565017675522;-7.644795962901094e-06;4.646520768808294e-06;-0.091127662143876;0.9958392185047537
28.227;0.0038950094339013225;0.017640744688790993;-0.03068565017163967;-7.643232574975517e-06;4.649126205679999e-06;-0.0914605769772024;0.995808697882763
28.32;0.003915184847011259;0.01770346376485095;-0.030685650165888832;-7.641668259477208e-06;4.651729244980793e-06;-0.09179347815533938;0.9957780662818958
28.411;0.003928658620020545;0.017745268934284054;-0.030685650162998863;-7.640626688671878e-06;4.653465627867301e-06;-0.09201540467220601;0.9957575835628751
28.502;0.003948904518355472;0.01780796534666997;-0.03068565015682912;-7.63905886941694e-06;4.656065811061924e-06;-0.09234828302147387;0.9957267670113884
28.595;0.003969192694253987;0.017870648125053117;-0.03068565015245918;-7.637494728938673e-06;4.658671200580773e-06;-0.09268114763067051;0.9956958394981007
28.686;0.003982741627220749;0.017912429055770545;-0.030685650148447353;-7.636448592818302e-06;4.660403210516988e-06;-0.0929030497217134;0.9956751595135686
28.777;0.00400310024285949;0.01797508905019618;-0.030685650143088328;-7.634880280397664e-06;4.6630037922273626e-06;-0.09323589136131985;0.9956440470780836
28.871;0.0040235011085654315;0.018037735337839048;-0.030685650138198302;-7.633315009633217e-06;4.665605766189496e-06;-0.09356871917663401;0.9956128236978514
28.963;0.004043944214065117;0.018100367891768873;-0.03068565013268395;-7.631743256754063e-06;4.668206549269468e-06;-0.09390153313597614;0.9955814893792861
29.056;0.004057596412576348;0.018142115284595042;-0.030685650128539813;-7.630695466640394e-06;4.669935642889375e-06;-0.09412340139587286;0.9955605382043
29.15;0.004078109894922209;0.01820472488889439;-0.030685650124026298;-7.629126971092576e-06;4.6725390704782655e-06;-0.09445619219110654;0.9955290190028219
29.241;0.004098665589523252;0.018267320687310767;-0.030685650118485522;-7.627555750016878e-06;4.675136575360702e-06;-0.09478896904607886;0.9954973888801243
29.336;0.00411239283210542;0.018309043536272503;-0.030685650114233062;-7.626503429551812e-06;4.6768662326208705e-06;-0.09501081252227407;0.9954762405119576
29.426;0.004133018857491903;0.018371616264715732;-0.03068565011034441;-7.624936991238758e-06;4.679468928025703e-06;-0.09534356607145283;0.9954444255350177
29.519;0.004153687067505921;0.01843417511486692;-0.030685650104536007;-7.623360636198699e-06;4.68206478350524e-06;-0.09567630559552803;0.995412499654065
29.612;0.004167489304914628;0.018475873291414535;-0.030685650100878457;-7.622310999414083e-06;4.683794318391074e-06;-0.09589812413722044;0.9953911541233049
29.703;0.004188227799512832;0.018538408951276095;-0.030685650095547586;-7.620733544213513e-06;4.68638998991103e-06;-0.09623084021423192;0.9953590434168091
29.795;0.004209008450884037;0.018600930660547518;-0.030685650090596386;-7.619158902389141e-06;4.68898600600378e-06;-0.09656354218045644;0.9953268218236285
29.888;0.004229831248613975;0.018663438392384008;-0.03068565008570724;-7.617583240783303e-06;4.691582682093387e-06;-0.09689623000396266;0.9952944893502529
29.984;0.0042367815452519705;0.018684271192050184;-0.030685650083474056;-7.617055832760335e-06;4.69244751213605e-06;-0.09700712279686799;0.9952836872201989
29.984;0.004264629541718117;0.018767586810973444;-0.030685650076310283;-7.614950499422511e-06;4.695903430837185e-06;-0.0974506781952183;0.9952403555117995
30.074;0.00428556467852732;0.018830057137128944;-0.03068565007148667;-7.613371302942716e-06;4.6984990213638605e-06;-0.09778332814849888;0.9952077273896961
30.166;0.004306541923272838;0.01889251338689162;-0.03068565006607135;-7.6117920331415095e-06;4.701089827616979e-06;-0.09811596384213653;0.9951749884112285
30.261;0.004320550141138822;0.018934143052721293;-0.030685650061876957;-7.610734922098145e-06;4.702815955720386e-06;-0.09833771303321888;0.9951531008419542
30.353;0.004341597542228294;0.018996575780879717;-0.030685650057307383;-7.609155999613545e-06;4.705410323632291e-06;-0.09867032488856968;0.9951201771174898
30.446;0.004362687023057438;0.01905899436020367;-0.03068565005295086;-7.607576053950013e-06;4.70800561891996e-06;-0.0990029223982493;0.9950871425541413
30.539;0.004376770049368646;0.019100598872764402;-0.030685650049455775;-7.606522218929797e-06;4.709733635838875e-06;-0.09922464608593301;0.9950650579379626
30.632;0.004397929639616896;0.019162993810354308;-0.03068565004406513;-7.6049360352547835e-06;4.712322713601184e-06;-0.09955721961550257;0.995031838657633
30.724;0.004419131281307805;0.01922537452710723;-0.03068565003886734;-7.603351728372039e-06;4.714911392564669e-06;-0.09988977871381458;0.9949985085558993
30.812;0.004433289065817596;0.019266953757591878;-0.0306856500361277;-7.602295538407956e-06;4.716639387939747e-06;-0.10011147674597566;0.9949762269238892
30.907;0.004454560769694743;0.019329310712564416;-0.030685650030610398;-7.600708839059841e-06;4.719227105524062e-06;-0.10044401172073615;0.9949427121344238
31.001;0.00447587449666538;0.019391653374134246;-0.030685650025887422;-7.599122969130919e-06;4.721816246795242e-06;-0.10077653217841918;0.9949090865411019
31.095;0.004497230236089984;0.019453981715773432;-0.03068565002024233;-7.597535034049321e-06;4.724403123001324e-06;-0.10110903808687263;0.9948753501505126
31.187;0.004511490730730193;0.019495525974629172;-0.030685650016549996;-7.596475174639796e-06;4.7261275290619585e-06;-0.10133070059370029;0.9948527976726744
31.281;0.004532916466952622;0.019557830388953562;-0.03068565001205145;-7.594888215793423e-06;4.728717197250728e-06;-0.10166318218139987;0.994818876634691
31.375;0.0045543841871625535;0.01962012041113117;-0.030685650007060743;-7.593297491634593e-06;4.7313039665425095e-06;-0.101995649134033;0.994784844817051
31.468;0.0045687193197353326;0.019661639083506377;-0.030685650003119572;-7.5922352732884125e-06;4.733024657585378e-06;-0.10221728562266175;0.9947620953976342
31.562;0.004590256989159033;0.019723905058634746;-0.030685649998100348;-7.590643994964832e-06;4.735611684457983e-06;-0.10254972811115409;0.9947278789620226
31.655;0.004611836613740818;0.019786156569317034;-0.030685649993874874;-7.589055410845954e-06;4.7382000110281155e-06;-0.10288215587793437;0.9946935517644941
31.746;0.004626246333237936;0.019827649527318966;-0.030685649990392874;-7.587991461207996e-06;4.73992009092062e-06;-0.10310376619493694;0.9946706054349729
31.838;0.0046478958591251035;0.019889876870625725;-0.03068564998541498;-7.586398379835592e-06;4.742504475909129e-06;-0.10343616935414127;0.9946360936489772
31.935;0.004669587311381429;0.019952089677491645;-0.030685649980414644;-7.584805597529574e-06;4.745090452083464e-06;-0.10376855770526587;0.9946014711188215
32.029;0.004691320679194862;0.02001428792100956;-0.030685649974973576;-7.58320773545709e-06;4.747668826234311e-06;-0.10410093121658359;0.994566737851108
32.12;0.004705832872076826;0.02005574531262248;-0.03068564997251376;-7.582147193843701e-06;4.7493945816528154e-06;-0.10432250529623745;0.9945435208218245
32.215;0.004727636074915916;0.020117919223687608;-0.030685649966512355;-7.5805479101740314e-06;4.751975517629526e-06;-0.10465485400126855;0.9945086030064936
32.307;0.004749481164342151;0.020180078499389974;-0.030685649961604833;-7.5789492629555825e-06;4.754554446554853e-06;-0.10498718777948517;0.9944735744714935
32.402;0.00477136812937118;0.020242223112621156;-0.0306856499564822;-7.577350270658886e-06;4.7571360380261795e-06;-0.10531950659801216;0.9944384352235712
32.494;0.004785982698355264;0.020283644695883507;-0.030685649954142562;-7.5762888275287205e-06;4.758859714446357e-06;-0.10554104414996891;0.9944149475544338
32.585;0.004807939431910451;0.020345764811801156;-0.030685649949163486;-7.574689959312914e-06;4.7614400895749455e-06;-0.10587333796382095;0.9943796237998602
32.675;0.004829938011886467;0.02040787019322961;-0.030685649944620523;-7.573089871410473e-06;4.764020317585289e-06;-0.10620561673138748;0.9943441893502764
32.768;0.004844626974540286;0.020449265581725867;-0.030685649940464448;-7.572020287507043e-06;4.765736393858854e-06;-0.10642712753496149;0.9943205048899522
32.862;0.004866695274265396;0.02051134634554119;-0.03068564993627837;-7.570420778609362e-06;4.768316230796258e-06;-0.10675938115301228;0.9942848859636648
32.955;0.004888805391268798;0.020573412303457616;-0.030685649931371767;-7.568816844038269e-06;4.7708959197298295e-06;-0.10709161963769873;0.9942491563603795
33.049;0.004910957314414276;0.020635463427850567;-0.030685649926701714;-7.567214686189765e-06;4.773472937111066e-06;-0.10742384295677844;0.994213316086819
33.144;0.004925748483464533;0.020676822590085856;-0.03068564992364551;-7.566146668108837e-06;4.775191767860483e-06;-0.10764531672782178;0.9941893610909935
33.236;0.004947970059059892;0.020738848932058733;-0.0306856499179731;-7.564540039207768e-06;4.777765846890265e-06;-0.1079775146980007;0.9941533363820663
33.329;0.004970233411467925;0.020800860368903315;-0.03068564991350254;-7.562934463917685e-06;4.7803422603842465e-06;-0.10830969741491123;0.9941172010210068
33.422;0.004985098850155323;0.020842193032669064;-0.030685649910867904;-7.561866889391549e-06;4.782061508516444e-06;-0.10853114406926648;0.9940930493102577
33.512;0.005007431805742925;0.02090417956727115;-0.030685649905474833;-7.560256285063986e-06;4.784635217327862e-06;-0.10886330129176335;0.994056729544048
33.604;0.005029806508542706;0.020966151124757536;-0.030685649901539748;-7.558649697773656e-06;4.787210330367256e-06;-0.10919544317382036;0.9940202991438467
33.696;0.005044746164436967;0.021007457162548687;-0.03068564989771843;-7.557578400057613e-06;4.7889267412011885e-06;-0.10941686255652384;0.9939959507504224
33.791;0.00506719042099788;0.021069403697804787;-0.030685649892848946;-7.555966456916954e-06;4.791498430058225e-06;-0.10974897879854116;0.993959335975384
33.883;0.005089676395070865;0.021131335184399854;-0.030685649888213845;-7.554356607612118e-06;4.7940714777593635e-06;-0.11008107961250667;0.9939226105845936
33.977;0.005112204075322429;0.021193251594558597;-0.030685649883753087;-7.552747960301569e-06;4.796644720255672e-06;-0.11041316496568408;0.9938857745848911
34.07;0.0051272456935005485;0.021234520812663752;-0.030685649880228663;-7.551672106546758e-06;4.798358001636133e-06;-0.11063454659574323;0.9938611558057304
34.163;0.005149842859415306;0.021296412036401542;-0.03068564987527904;-7.55005893684854e-06;4.80092897159885e-06;-0.11096660610807103;0.9938241354730747
34.256;0.005172481701699457;0.021358288112099943;-0.030685649870420426;-7.548446938705805e-06;4.803502066528325e-06;-0.11129865007177243;0.9937870045498425
34.35;0.005195162209110076;0.021420149012891854;-0.03068564986585467;-7.546832674638536e-06;4.806072744023082e-06;-0.1116306784541994;0.9937497630428912
34.444;0.0052103056891969115;0.02146138116990936;-0.0306856498628889;-7.5457569333091655e-06;4.80778502460129e-06;-0.11185202203667062;0.9937248739395905
34.539;0.005233055613422232;0.021523216719463552;-0.030685649858637407;-7.544142238563498e-06;4.810356188918736e-06;-0.11218402437673503;0.9936874481418122
34.63;0.0052558471727990955;0.021585037022261205;-0.03068564985387145;-7.542528169410553e-06;4.812924355590471e-06;-0.11251601104775284;0.9936499117787151
34.721;0.0052710646707347574;0.021626242073947675;-0.030685649851204203;-7.5414516017496875e-06;4.814637517885946e-06;-0.11273732677345653;0.993624826114928
34.815;0.005293925596817702;0.021688036905797417;-0.030685649845988285;-7.539832391594785e-06;4.8172058148645914e-06;-0.11306928725546601;0.9935871054917562
34.906;0.00531682812779477;0.021749816419235072;-0.030685649840967822;-7.5382118371580756e-06;4.81977116437515e-06;-0.11340123198021361;0.9935492743217696
34.996;0.005339772252286516;0.021811580587138137;-0.03068564983708784;-7.536595960955864e-06;4.822339035846063e-06;-0.11373316091433698;0.9935113326119528
35.089;0.00535509143715868;0.02185274816068275;-0.03068564983439897;-7.535516967309675e-06;4.824051620487739e-06;-0.1139544380814002;0.993485976731175
35.184;0.005378104859023684;0.021914486693324353;-0.03068564982885756;-7.533893034580532e-06;4.8266143937803694e-06;-0.1142863406247671;0.9934478508037268
35.276;0.005401159844044472;0.02197620980867665;-0.030685649824454878;-7.532273353590041e-06;4.829181820665679e-06;-0.11461822728894959;0.9934096143550668
35.369;0.005416552919038458;0.02201734997378766;-0.030685649821782544;-7.5311931412488985e-06;4.830892407688952e-06;-0.11483947622719588;0.993384061992041
35.458;0.005439677150605832;0.022079047334104315;-0.03068564981758428;-7.529571175717828e-06;4.833457825790628e-06;-0.11517133635307526;0.9933456413568191
35.552;0.005462842914915862;0.02214072920543291;-0.030685649812075902;-7.5279432590573355e-06;4.836017860408728e-06;-0.1155031805121266;0.9933071102189525
35.643;0.005478309825828167;0.022181841834781942;-0.03068564980963045;-7.526864457234796e-06;4.8377291661994386e-06;-0.11572440106404812;0.9932813614068826
35.732;0.005501544785821408;0.02224349783144633;-0.03068564980484011;-7.525238524778497e-06;4.840291869774285e-06;-0.11605621853692938;0.9932426461136529
35.824;0.005524821247892161;0.022305138267491108;-0.030685649800248613;-7.523614284995254e-06;4.842854528421396e-06;-0.11638801995394998;0.9932038203365616
35.914;0.005540361940304792;0.022346223233530055;-0.03068564979729916;-7.5225279415177785e-06;4.844561653359837e-06;-0.1166092119622651;0.9931778751087246
36.007;0.005563707546869159;0.02240783767534294;-0.030685649793029027;-7.5209041076878535e-06;4.84712428338977e-06;-0.1169409865455319;0.9931388652075295
36.103;0.0055870946248652445;0.022469436484995425;-0.030685649788236735;-7.519274236607556e-06;4.849684105281222e-06;-0.11727274498423136;0.9930997448412745
36.196;0.005610523162636995;0.022531019635260375;-0.030685649783559407;-7.5176449518496485e-06;4.85224171107714e-06;-0.11760448724513109;0.9930605140170212
36.284;0.005626165215367336;0.02257206635623302;-0.030685649780683142;-7.5165562859315345e-06;4.853948848509336e-06;-0.11782563974793185;0.9930342987721679
36.379;0.005649662827008366;0.022633623348203416;-0.030685649776340453;-7.514930478751531e-06;4.8565112177264285e-06;-0.11815735497101017;0.9929948838670796
36.472;0.0056732018675090855;0.022695164609155532;-0.03068564977149998;-7.513297347223068e-06;4.859067665765537e-06;-0.118489053927502;0.9929553585228822
36.565;0.005688917571476422;0.022736183363916605;-0.03068564976909039;-7.512211967392281e-06;4.860777120785966e-06;-0.11871017751105291;0.992928946941942
36.658;0.0057125256343066;0.02279769834717945;-0.030685649764183958;-7.510579545537892e-06;4.86333163411536e-06;-0.11904184928179917;0.9928892375484331
36.754;0.005736175094906909;0.022859197528053387;-0.03068564975923055;-7.508941725347866e-06;4.865886150990662e-06;-0.11937350469631607;0.9928494177348636
36.848;0.00575986594167619;0.022920680879488012;-0.030685649755456727;-7.50731214188552e-06;4.868445969537232e-06;-0.11970514372089981;0.9928094875084028
36.941;0.005775682826078597;0.02296166097313226;-0.030685649753023833;-7.506223952418836e-06;4.870152000735975e-06;-0.11992622728210874;0.9927828060204399
37.032;0.005799442623787039;0.023023117882587936;-0.030685649748221314;-7.5045885055521785e-06;4.872705373690469e-06;-0.12025783891673147;0.9927426917882677
37.127;0.00582324377637161;0.023084558890995605;-0.03068564974321733;-7.502948410003823e-06;4.875259708260975e-06;-0.12058943407227844;0.992702467162274
37.22;0.005839134180637494;0.02312551071629538;-0.030685649740659095;-7.501859625728787e-06;4.876963641420338e-06;-0.12081048833768263;0.9926755894185915
37.313;0.005863004232021472;0.023186925163534558;-0.030685649736281462;-7.500223328268238e-06;4.8795194189242124e-06;-0.12114205595366287;0.9926351808188427
37.406;0.005886915607049138;0.02324832363835803;-0.0306856497322028;-7.4985844138912334e-06;4.882073105404826e-06;-0.12147360700120066;0.9925946618444281
37.5;0.005910868293789841;0.023309706113509073;-0.030685649727360906;-7.496945730281139e-06;4.88462573848236e-06;-0.12180514144682422;0.992554032502541
37.594;0.0059268596968662345;0.023350618862173395;-0.030685649725132207;-7.4958533554877326e-06;4.886327707617052e-06;-0.12202615517056487;0.9925268849629341
37.686;0.005950881210417917;0.02341197461269737;-0.03068564972004102;-7.494212938762203e-06;4.888878825896023e-06;-0.12235766187134028;0.9924860716913435
37.778;0.005974944004102372;0.02347331429173134;-0.030685649716469192;-7.4925734082448655e-06;4.891431517644468e-06;-0.12268915188020799;0.9924451480715952
37.874;0.005999048066237101;0.0235346378731563;-0.03068564971257297;-7.490932984853039e-06;4.893984776718847e-06;-0.12302062516357228;0.9924041141109294
37.964;0.006015140362141966;0.02357551130451409;-0.030685649708382844;-7.489833701847053e-06;4.8956808415683115e-06;-0.1232415980443621;0.9923766968401699
38.057;0.006039313178629447;0.023636807996848284;-0.030685649704794503;-7.488194358186119e-06;4.898232819289403e-06;-0.12357304337702676;0.9923354789941121
38.149;0.006063527231782691;0.023698088519803023;-0.0306856496999883;-7.486545911021799e-06;4.900781223075218e-06;-0.12390447189451376;0.9922941508264955
38.242;0.006079692837365284;0.023738933205842534;-0.030685649697880978;-7.485452491655088e-06;4.9024829478596115e-06;-0.12412541488079111;0.9922665374286312
38.332;0.006103975591942634;0.023800186720793214;-0.03068564969301147;-7.483805865269917e-06;4.905029489940305e-06;-0.12445681529766409;0.9922250254079952
38.426;0.0061282995514985745;0.023861423995004502;-0.03068564968932911;-7.482160772766712e-06;4.907578563902984e-06;-0.12478819880885383;0.9921834030853243
38.518;0.006144538410126654;0.023902239808566927;-0.030685649686461907;-7.481061572243978e-06;4.909275395500284e-06;-0.1250091117411309;0.9921555935948888
38.612;0.006168931017731262;0.023963449955152063;-0.030685649682237637;-7.479413611348851e-06;4.91182329798684e-06;-0.12534046700133994;0.992113787451731
38.705;0.00619336479826408;0.02402464378976775;-0.030685649677791443;-7.477763833369284e-06;4.914370847918507e-06;-0.12567180526574692;0.9920718710260766
38.795;0.006217839739831123;0.02408582128563251;-0.030685649672787585;-7.4761146204636595e-06;4.916913515306692e-06;-0.12600312650097564;0.9920298443252153
38.887;0.006234179228716604;0.02412659719233267;-0.03068564967001304;-7.475013693444099e-06;4.918610448675313e-06;-0.12622399784662167;0.9920017652643304
38.979;0.006258722745030256;0.024187747397083972;-0.030685649666667536;-7.47336728329224e-06;4.921158186776908e-06;-0.12655529062332077;0.9919595547879851
39.071;0.006283307390014941;0.02424888119120581;-0.030685649662929883;-7.4717160683425615e-06;4.9237030216166745e-06;-0.12688656628011163;0.991917234056135
39.165;0.006299719996729687;0.02428962792402824;-0.030685649659839213;-7.470613903705086e-06;4.925398058119093e-06;-0.12710740719017213;0.9918889589854917
39.255;0.006324373162903692;0.024350734308281326;-0.030685649655585255;-7.468959236842244e-06;4.927940563014527e-06;-0.12743865423812606;0.9918464545109316
39.349;0.006349067425502964;0.02441182421066939;-0.030685649651012885;-7.467303832977097e-06;4.93048348873071e-06;-0.12776988407535766;0.991803839800643
39.442;0.006373802772567853;0.024472897604672004;-0.030685649647278525;-7.465653027641944e-06;4.933026056208699e-06;-0.12810109666799585;0.9917611148620349
39.538;0.006390315822560692;0.024513604016124558;-0.03068564964395723;-7.464546370836205e-06;4.934720190424882e-06;-0.12832189546583186;0.9917325703353628
39.629;0.006415119616498367;0.024574649836451645;-0.030685649640309495;-7.462891426448091e-06;4.937261009170768e-06;-0.1286530792416822;0.9916896616994463
39.723;0.006439964462466195;0.02463567907717973;-0.03068564963581385;-7.46123300115398e-06;4.939801871947314e-06;-0.12898424568192257;0.9916466428551018
39.815;0.006456550493737704;0.024676356013316723;-0.030685649633408998;-7.460129634712009e-06;4.941496010865116e-06;-0.1292050136610812;0.9916179024023155
39.908;0.006481463732492285;0.024737357561517688;-0.03068564962881274;-7.458471750558907e-06;4.944033012580463e-06;-0.12953615113332537;0.9915746998938064
40.002;0.006506417990596116;0.024798342458417225;-0.030685649625038527;-7.456814873772516e-06;4.946575644611091e-06;-0.12986727117866334;0.9915313871968628
40.093;0.0065314132558609034;0.024859310677636318;-0.030685649621534562;-7.455155264685828e-06;4.949114951861543e-06;-0.1301983737634893;0.991487964318917
40.186;0.006548099541712598;0.024899946878426484;-0.030685649618251903;-7.454046096619803e-06;4.9508040207225766e-06;-0.13041909910314045;0.9914589545256284
40.27;0.006533235669297444;0.024931828726753015;-0.030685642972521476;-8.38956759472562e-06;5.196585494017788e-06;-0.13073813486910035;0.9914169354986627
40.36;0.005081918562747569;0.024103708901708713;-0.030685644150472726;-8.266846735592137e-06;5.341650742483493e-06;-0.13110035027590192;0.9913691028374153
40.445;-0.000983848494155292;0.020611432437364276;-0.030685626606966956;-8.101508825404483e-06;5.292414055723519e-06;-0.132468063621827;0.9911872739430424
40.53;-0.007444492609229181;0.01690429362129966;-0.030685645739681286;-8.134727515964915e-06;5.458383409398726e-06;-0.13389279248557456;0.9909958224051436
40.615;-0.02095981016617214;0.00921729045891314;-0.030685629712937916;-7.953902607202323e-06;5.4384487786796465e-06;-0.13683334657819407;0.9905940819383946
40.692;-0.03238908313902084;0.0027929273584274064;-0.030685647958842086;-7.965789650550681e-06;5.609191575382125e-06;-0.13929936915103497;0.9902503146473657
40.774;-0.04593254316522167;-0.0047274778364011505;-0.03068565976252441;-7.93825369984592e-06;5.762601320045018e-06;-0.1422024572899615;0.9898375932669327
40.774;-0.07041350733242435;-0.01800888332896547;-0.030685691127448886;-7.07738203662818e-06;6.524225422520667e-06;-0.1474145224827476;0.9890747992283135
40.941;-0.08955451204653937;-0.027084081018224317;-0.03068565332413134;-6.135999433909263e-06;9.201111534606758e-06;-0.14923152153109276;0.9888022819852329
41.031;-0.1219377071160044;-0.04030256201256867;-0.03068525696244414;1.6589652130354954e-06;6.583692534074157e-06;-0.149366164108182;0.9887819521884038
41.112;-0.1454621819163496;-0.048678829792289324;-0.0306852259708561;1.5912017376780566e-08;3.2117246085298047e-06;-0.14862826940353;0.9888931375653269
41.175;-0.16991464071303009;-0.057230297400174435;-0.030685145397397626;-3.5539754643119595e-07;2.953681990692046e-06;-0.14829154341937595;0.9889436880537985
41.243;-0.19453012772001704;-0.06614628586558217;-0.030684498545781484;-7.80034554942924e-06;-1.9635192293455582e-06;-0.14650598907616774;0.9892097831603329
41.325;-0.21662718876124937;-0.07849957713728828;-0.030685481186818228;1.1963966310326949e-06;1.8757062809880584e-06;-0.14781860003896155;0.9890144900240703
41.41;-0.24756410622003783;-0.09887318129409223;-0.030686456765706565;1.2687945751795508e-06;1.4665364406464211e-06;-0.1555121780392144;0.9878339751586495
41.481;-0.2694928415910298;-0.11046303611619815;-0.030690818453613333;5.768869455700835e-06;7.695401952302428e-06;-0.1546111218728333;0.9879754050080019
41.57;-0.29275829307913864;-0.11923599938358938;-0.030685444380730932;-8.843413809708587e-06;5.738447616275813e-06;-0.16037034700707267;0.9870569141086523
41.662;-0.32904348907518105;-0.130800438668822;-0.030685630738369763;-6.388609148735772e-06;6.078901789328301e-06;-0.1743137616488776;0.9846901606201064
41.662;-0.3540279536645803;-0.13790099223313268;-0.030685735975737025;-7.494891308298289e-06;6.159659969185168e-06;-0.18129548721271194;0.9834286685988927
41.837;-0.3921264355217565;-0.14813210453579193;-0.03068561501264421;-5.644743115145918e-06;6.204987732101682e-06;-0.1894722820189764;0.9818860699063595
41.92;-0.43066738416472045;-0.1534990581137112;-0.03068582893377278;-1.4614291693524002e-07;-6.136230941923289e-06;-0.1944794164760616;0.9809065992893798
42.005;-0.4558561334077908;-0.15487882959800633;-0.03068666767480805;-4.697235212265742e-06;-5.017523149428155e-06;-0.1945192191071022;0.980898706977802
42.098;-0.4925192717294274;-0.1599946005333931;-0.03068654616202422;-4.2077225252458435e-06;-4.423955264943301e-06;-0.20277229905536312;0.9792259160676487
42.176;-0.5171275261958875;-0.16415471438773285;-0.030685234324582786;5.845545764034902e-06;8.608546845608502e-06;-0.21080956902666498;0.9775271482155953
42.264;-0.554309362221102;-0.1665345659766049;-0.030684868020706205;-2.251800221025233e-06;1.2223651371254341e-06;-0.2179252122397248;0.9759654716554813
42.347;-0.5788436240180406;-0.16889967779032694;-0.030685218099559992;-9.041420686873777e-07;2.6025178945441496e-06;-0.2234239293130734;0.9747213693167481
42.433;-0.6163377825547657;-0.17479926267508727;-0.030685371378154365;8.017617134684808e-07;2.5450500646099638e-06;-0.22839009296258406;0.9735697023990745
42.521;-0.6420311112481637;-0.1792516647176953;-0.030685332752144686;9.125164446394793e-07;3.19314695150103e-06;-0.23193011203536046;0.9727324519723993
42.611;-0.6809543064298194;-0.18567574838201187;-0.030685253962881485;7.306088575070413e-07;3.245374676838416e-06;-0.23281230527734353;0.9725216863907883
42.688;-0.7068046993947203;-0.1902176943928654;-0.03068415656117924;-8.206226472065857e-06;-1.140901408203117e-06;-0.22795150194948965;0.9736724873849152
42.779;-0.741686542591419;-0.20195027607339108;-0.030684409966933168;-9.262932013185723e-06;-5.27911843406681e-06;-0.2163185886029923;0.9763228298627143
42.779;-0.7599804730536526;-0.21427634769865697;-0.030684815660377396;-5.792996956776006e-06;-1.1585173012435902e-05;-0.2088004496642239;0.9779582670299601
42.864;-0.7757133530219168;-0.23722436989926213;-0.030685098984783096;-1.3535722753110975e-05;-3.0464955915482935e-06;-0.20689613093325676;0.9783629136533907
42.943;-0.7809524589541568;-0.2539584290992814;-0.030685489067710785;-1.2975415728876376e-05;2.860563541233712e-06;-0.20263612097404995;0.9792541050718379
43.03;-0.7865424342707057;-0.28194403176326327;-0.030685284091393927;-1.3875289200241007e-05;9.503427818315817e-07;-0.19091790548717913;0.9816060070980422
43.115;-0.7888597521934182;-0.303236980786662;-0.030685537473859582;-1.3406479490437747e-05;2.973643937331752e-06;-0.1858875999029918;0.9825710152521948
43.205;-0.7900717929864579;-0.33726825786008785;-0.030685460054954903;-1.162310762981205e-05;4.7290239122643986e-07;-0.18685249220632727;0.9823879814110943
43.283;-0.7886868836123289;-0.36025582769852366;-0.030685607898997568;-1.2717025404516173e-05;2.5711310959138406e-06;-0.18946851463500822;0.9818867968323386
43.368;-0.7845944602349314;-0.3957358371760243;-0.030685546871915617;-1.2534122799153911e-05;2.1520890976593006e-06;-0.1925547941080543;0.9812862228240389
43.457;-0.7820357644814563;-0.42013207015968496;-0.03068518116405166;-6.649301323551615e-06;1.4429975029239824e-05;-0.1939631721596738;0.9810088111700728
43.547;-0.7803384755023824;-0.45724459116181887;-0.030685516484891;-1.194974873670762e-05;1.1925976469985972e-06;-0.19000581245707568;0.9817829653687764
43.627;-0.7778875875372149;-0.4815574665706475;-0.030685515264044116;-1.083805345309504e-05;1.5139105612166568e-05;-0.1927274930389554;0.9812523187642734
43.704;-0.7771134466787606;-0.506079950279457;-0.030685413084591336;-7.0881682251982925e-06;3.4697548307264443e-06;-0.18853803757598908;0.9820658879752995
43.793;-0.7753432380302447;-0.5437895245275941;-0.030685543241812538;-1.2052065162997246e-05;1.6861116251295234e-06;-0.1848714306533448;0.9827627149928361
43.89;-0.772288476855124;-0.5804774867360498;-0.030685859855595358;-8.386184236103343e-06;4.792411223904179e-06;-0.18712615236098976;0.9823358911336166
43.969;-0.77146641414361;-0.6054679013265354;-0.030685746533626726;-8.20603809702893e-06;4.327898658041709e-06;-0.18205855618756153;0.9832876903698281
44.047;-0.7705664046258762;-0.6311095752244287;-0.030685749526443925;-8.230185543555254e-06;4.1087450392036985e-06;-0.17789524107194046;0.9840494312377497
44.139;-0.7692384010123017;-0.6700714801670914;-0.030687336123316207;-5.47742593410465e-06;3.871328003022436e-06;-0.17365923120925264;0.9848058038876608
44.226;-0.7708633275889852;-0.6953623040643795;-0.030685247609186422;-7.541833266661548e-07;-2.111912249650287e-06;-0.18039216086742949;0.9835947683332554
44.303;-0.7743924273475398;-0.7330044958634517;-0.030686566292348103;-2.344085784489515e-06;9.570547697029165e-06;-0.19409342083017606;0.9809830497482359
44.399;-0.7813208509549235;-0.7577873204473344;-0.03068467652651092;-4.123276742918255e-06;7.754288602879434e-06;-0.1920237245005312;0.9813902838075246
44.482;-0.7956832967276011;-0.7948020493646256;-0.030685681356480116;-9.757216541730529e-06;-6.565536802774572e-06;-0.17956428198399957;0.9837462419228147
44.559;-0.8049528045513754;-0.8202091480646964;-0.030685673606859018;-9.748336783131038e-06;-6.844379932665284e-06;-0.1690528680806312;0.98560698437655
44.647;-0.8179998871914943;-0.8589584113088177;-0.030687116556092076;-1.2447652647504258e-06;-4.268998601171154e-06;-0.15622366467887552;0.9877217050234993
44.738;-0.8262581832752585;-0.8849081250484743;-0.03068694598555719;-5.341321012863665e-07;-4.139212449399811e-06;-0.1513212839387964;0.988484632662388
44.817;-0.8382708853918455;-0.923810686001163;-0.030685440399589578;1.5853809574193831e-06;1.2037131368056239e-06;-0.1502777930024373;0.988643810948288
44.898;-0.8463959445017718;-0.9496064955996282;-0.030685451200248078;1.6766873916314157e-06;9.489195011545772e-07;-0.15563361974303833;0.9878148492516031
44.983;-0.8592018438916027;-0.9880491888570134;-0.03068563374632026;-9.269521230485418e-06;-6.168215328302591e-06;-0.16513068473718165;0.9862716952413563
45.068;-0.8681604047079419;-1.0134715091701392;-0.03068685819106371;-1.5656637079499984e-07;-4.15621005931668e-06;-0.1703360927831887;0.9853860235857105
45.153;-0.8820739794742576;-1.051203935731162;-0.030687709417104046;-6.021933255982473e-06;-2.951734362056428e-06;-0.1836527243990118;0.9829911885545285
45.25;-0.891912960620653;-1.0757481829743716;-0.03068755612527045;-4.129219877773641e-06;-3.1831501384155315e-06;-0.19781095589821499;0.9802401877598427
45.333;-0.9079522684366217;-1.1116174857851995;-0.030685541517488306;-6.0334589292559915e-06;5.832469773393103e-06;-0.22171138766114015;0.9751123322525211
45.419;-0.9208690903929971;-1.1344095919098882;-0.030689401245529595;-1.759404816734768e-05;-5.910344726754007e-06;-0.23076745861370893;0.9730089309459024
45.494;-0.9351672652656973;-1.155135359519547;-0.03068632814487341;-1.0326766274171032e-05;9.977764935149183e-06;-0.22781873317054896;0.9737035609518783
45.574;-0.9529075648719637;-1.1876914850829032;-0.030687056847439984;2.243355941199161e-08;-4.3226954460950506e-06;-0.2288843428635849;0.9734536237403499
45.667;-0.9644974554002733;-1.2106154043385977;-0.030685406657500563;1.7249424973733606e-06;-1.7364641083074694e-06;-0.237701033348967;0.9713383647003977
45.751;-0.9842535605748811;-1.2437047534304182;-0.030686027454282234;-9.370040374633656e-06;-4.026533696938037e-06;-0.25652760831077576;0.9665369036256933
45.84;-0.9917509370345291;-1.2538315329535958;-0.030685888323562744;-8.894885179781433e-06;-3.540476561101903e-06;-0.2575442350813965;0.9662665092430167
45.924;-1.0184964715324287;-1.2962101057414486;-0.030686807553036467;1.357154658257763e-07;-3.09684231176832e-06;-0.2661885226522861;0.9639209876325883
46.0;-1.0319333750443198;-1.3181986809496649;-0.030685676382456097;2.909832013972897e-06;-8.533895872224801e-07;-0.27868158826945255;0.960383554810483
46.085;-1.0532741184391352;-1.3501147555530193;-0.030685321875635413;8.900004388696677e-07;4.182293332710811e-06;-0.3057749029026748;0.9521038329597126
46.157;-1.0686788547072594;-1.370953936400211;-0.030685493396638414;1.908757654799579e-06;1.8773884921414109e-06;-0.32312223740725043;0.9463572368222078
46.259;-1.0848927461504316;-1.391290006782315;-0.030685495670124734;1.9495900520421855e-06;1.8564217584616561e-06;-0.34027738274929076;0.9403251048345169
46.33;-1.1110426192125173;-1.420979220240852;-0.030685766400604813;-6.5817186994959685e-06;9.819912616213423e-06;-0.3578320781262719;0.933785951770578
46.414;-1.130088986350838;-1.437767892276899;-0.03068525077278269;-5.584432909205658e-06;-6.909964640212445e-06;-0.3564073157886738;0.9343306829882979
46.503;-1.1557075407928117;-1.4654689807502812;-0.0306847306596842;-7.144027630911697e-07;1.8524705646958505e-06;-0.3629259117224573;0.93181799864377
46.575;-1.1733238496598226;-1.484331891469389;-0.030685328620192718;1.1054880743072415e-06;3.523876312750751e-06;-0.37324701490101064;0.9277320010939825
46.663;-1.19171169123585;-1.5031409723181721;-0.03068559598641845;2.26561826848873e-06;-2.438642540511506e-08;-0.3841042361422472;0.9232897355502484
46.741;-1.2202971973705676;-1.5305947071990764;-0.030685602359772978;-1.0937056203162884e-05;-1.179657832442999e-06;-0.4025574855708501;0.9153947075933224
46.824;-1.2401148288323975;-1.548617215311413;-0.030685861756558058;-1.1418113834377645e-05;-2.2385720658252026e-06;-0.41022202464534424;0.9119856853923147
46.914;-1.2705022124660295;-1.575457646628745;-0.03068709009911816;-2.0235438975054577e-06;-3.2329501759599886e-06;-0.41387106330694723;0.9103355111949826
47.004;-1.3012107467197462;-1.6020263197542453;-0.030687080572894064;-1.8154538552392756e-06;-3.1140098497847788e-06;-0.4194949460748214;0.9077576715207036
47.091;-1.3218656595997962;-1.619467894265874;-0.030687054696677797;-1.4230391070046395e-06;-3.056890568432575e-06;-0.4247583103729381;0.9053067865413122
47.176;-1.3531990662634088;-1.6452747506319327;-0.03068706095977184;-2.152916389609462e-06;-3.1506574556243638e-06;-0.4299503069278694;0.9028525536088766
47.261;-1.3742491559198604;-1.6623039495190837;-0.030685260912441115;5.030955411682845e-07;-1.094413697525876e-06;-0.43356752535457166;0.9011210800755147
47.351;-1.3952981995987075;-1.6788601006523627;-0.03068562338093847;2.2778272918386702e-06;-3.5566321211596956e-07;-0.4425632571737764;0.8967372878354187
47.434;-1.4273206790751085;-1.7025720530191477;-0.030685697255443154;-1.1865612703915753e-05;-5.696927622614901e-07;-0.4601675324209009;0.887832102350744
47.514;-1.4493526782206638;-1.7179930054832753;-0.030687103536604834;-1.601008201343922e-06;-2.975920874882234e-06;-0.46625665970450936;0.8846494940199616
47.6;-1.482837348431419;-1.740455080022969;-0.03068696899120922;-3.404271939125309e-08;-3.181927228432339e-06;-0.47727525447347696;0.8787538514607787
47.682;-1.505378097337824;-1.7548729294612575;-0.03068587920373217;-1.1731982629070226e-05;-1.1386949856424805e-06;-0.48627963053260026;0.8738032506177473
47.77;-1.539902209747023;-1.7760378347268857;-0.030685741775037335;-1.1041771038791138e-05;-2.6216231686721903e-06;-0.49088874569895624;0.871222267402132
47.856;-1.5630894733994884;-1.7899346536527412;-0.030685743225675993;-1.1046462239071191e-05;-2.5931937801495884e-06;-0.49350663518089405;0.8697420312389662
47.941;-1.5980034554969862;-1.810726726731914;-0.03068575553287937;-1.1220039819912686e-05;-2.6750642386025416e-06;-0.49434053335203726;0.8692683342628892
48.029;-1.6213671943112056;-1.824594322993042;-0.030685756828842448;-1.1208997595942094e-05;-2.6869598280978656e-06;-0.49424896902985976;0.8693203992085194
48.101;-1.644743986526898;-1.8384536075946156;-0.03068576934620104;-1.1087503251219081e-05;-2.2959951005112036e-06;-0.4946239962638681;0.8691070717648987
48.192;-1.6797879671518003;-1.8592439906364908;-0.03068720727180664;-1.9522098903781394e-06;-3.1862701844523534e-06;-0.4958011579647958;0.8684360723431543
48.279;-1.7149092547806648;-1.8798410420743286;-0.030687125989315438;-2.3087609108229083e-06;-3.0144760903426134e-06;-0.49935667491406793;0.8663965092290877
48.365;-1.7384097999846841;-1.893433041241625;-0.030685758902084057;-1.0888157463413785e-05;-1.582249753481446e-06;-0.5014665115349485;0.8651770556873973
48.452;-1.7737864833240746;-1.913682983083448;-0.03068576719191471;-1.1227386301867615e-05;-2.596351485201498e-06;-0.5012728442148415;0.8652892785190212
48.544;-1.7971793754387626;-1.927072637696592;-0.030685501103923443;1.3784150700787589e-06;-8.215317080990211e-07;-0.5052414157412771;0.8629780482823274
48.628;-1.8324832910832975;-1.9464098438591575;-0.030687129223777865;-1.786053862381828e-06;-2.8658374141324176e-06;-0.5154033328006211;0.8569477256674466
48.713;-1.8563670837576123;-1.9589234781035085;-0.030687108150248;-1.8979595449430633e-06;-2.800807484850981e-06;-0.5212713568019455;0.8533909845823378
48.793;-1.8924578340409253;-1.9772822085847146;-0.030686030812545485;-1.1131914742615441e-05;-2.7649872382887064e-06;-0.5259729013176517;0.850501326834901
48.874;-1.916363159623186;-1.989590336918204;-0.030685839146408895;-1.1020474136774299e-05;-2.4726230219772365e-06;-0.518515776678457;0.8550680611553513
48.951;-1.9400229984207558;-2.00242490833327;-0.030685852161778746;-1.0947434029747268e-05;-3.0680914495752795e-06;-0.5072121844573031;0.8618212110459984
49.038;-1.9750700484973693;-2.022936112340731;-0.0306858252470441;-1.1470112253858964e-05;-3.3616646102221874e-06;-0.4882026268314702;0.8727303105839674
49.13;-1.9975639626348412;-2.037610751773155;-0.03068569268508312;-1.2390237367037018e-05;-6.234733671371349e-06;-0.4792798363907605;0.877662143559158
49.205;-2.0272988165671784;-2.060698526394017;-0.030685762959143357;-1.1058062611671405e-05;-4.440809916693848e-06;-0.4836871201928166;0.8752409780269538
49.297;-2.045436908483703;-2.0766809477234354;-0.03068575141778829;-1.0432953048502873e-05;-4.236390638021838e-06;-0.49246548345534574;0.8703319754428761
49.378;-2.0716598115478764;-2.1020418953089632;-0.030685763701651048;-1.1814904391889004e-05;-4.279902994681591e-06;-0.5049193231471812;0.8631665406830148
49.471;-2.0885636065959594;-2.1202746332191618;-0.030685768998879724;-1.1453651214950007e-05;-3.121099673173195e-06;-0.5127827729452664;0.8585183909676228
49.556;-2.1138099748748886;-2.1488810025135066;-0.030685756402928706;-1.1021611084965534e-05;-1.6500770087966075e-06;-0.5250535562688966;0.8510691880952957
49.641;-2.1319227073329468;-2.1671741621520697;-0.030687343810006547;-2.4298973989980457e-06;4.3027222626002284e-07;-0.5298473957372125;0.8480930003392343
49.731;-2.159355383935413;-2.1941172747203614;-0.030686488212813827;-1.3224922850977947e-05;-9.093071198495781e-06;-0.5292662376633782;0.8484558028631015
49.819;-2.185082646479891;-2.2233833654365647;-0.03068728070166462;-3.078898333926162e-06;-2.9569737440754044e-06;-0.5276040020483334;0.8494904455050445
49.911;-2.2022792669618236;-2.243128733648704;-0.030687370015246705;-3.5903422927047588e-06;-2.529507210953313e-06;-0.5263722645147605;0.850254220295503
49.992;-2.227517065596534;-2.2730812044481907;-0.030687277096451075;-2.826023416616541e-06;-3.309976936048825e-06;-0.5179741224358524;0.8553962873825596
50.076;-2.243763088608052;-2.2933661337073774;-0.030687406092855675;-2.700356258555157e-06;-2.614052605480737e-06;-0.5096467325773825;0.8603837562152558
50.167;-2.266567526964407;-2.32417864575754;-0.030687226971451327;-1.217886722662305e-06;-3.4270808456257596e-06;-0.49048169759651633;0.8714514928035934
50.258;-2.2798901343755578;-2.345470375376192;-0.030686066795924644;-1.3311139894630392e-05;-7.2874936778896e-06;-0.4780744748777996;0.8783193019853441
50.347;-2.2966721257500495;-2.378559343650416;-0.03068674640799137;-3.4553844194081067e-06;3.2085733528084434e-06;-0.47857168491372515;0.8780484852083076
50.426;-2.307418481520287;-2.400992512987717;-0.030686173007623906;-1.1425351064771891e-05;-6.41997276649899e-06;-0.4765955223084332;0.8791226922016044
50.501;-2.3173617133831104;-2.4240577914675354;-0.03068585867898309;-1.1471345508220012e-05;-3.461175108414025e-06;-0.48127720812942804;0.8765684507165266
50.588;-2.33218593693229;-2.460245462205295;-0.03068581002331649;-1.1311654267112537e-05;-2.1145127610194973e-06;-0.48836790281372755;0.8726378351692624
50.669;-2.3424464478896683;-2.4846385634890145;-0.030685973143254587;-6.671174753652401e-06;1.4837484669227505e-05;-0.49258974667485667;0.8702616510028147
50.759;-2.357778343494464;-2.5214849959847636;-0.030685855214315917;-1.1085121259627762e-05;7.777046561047175e-06;-0.4910735391986173;0.8711181199559459
50.846;-2.3726842464993743;-2.558475611619742;-0.030686072533607354;-6.2364972126659525e-06;6.675914445649559e-06;-0.48653270276408994;0.8736623655953186
50.934;-2.3822694507118904;-2.5832240378953273;-0.030686045817417858;-6.261717984362161e-06;6.5168995682594576e-06;-0.48166155575612724;0.8763573161815379
51.022;-2.3961219551405946;-2.6205250097637616;-0.03068605049618579;-6.317549294447012e-06;6.465422537821214e-06;-0.47432218897322853;0.8803513281445833
51.103;-2.405161257136088;-2.6454288471801926;-0.03068604741714188;-6.478760130207062e-06;6.612272675263042e-06;-0.4719871203835373;0.8816054435553127
51.181;-2.4142212394591036;-2.6703676383724373;-0.03068606384989022;-6.486870331765111e-06;6.689230194694207e-06;-0.471850187790635;0.8816787397885454
51.266;-2.4278223631919817;-2.707853880132506;-0.030686067596957987;-6.478634009133285e-06;6.686099448558012e-06;-0.4716223309778804;0.8818006446109653
51.352;-2.436885857917708;-2.73286728283946;-0.03068607041626565;-6.477455526085645e-06;6.684671880995504e-06;-0.4714707408558041;0.8818817043290088
51.442;-2.4504684303667856;-2.770402672677313;-0.03068607479963506;-6.477844446168374e-06;6.682820181266096e-06;-0.47124347043320214;0.8820031697717697
51.53;-2.4595136270501374;-2.7954326063874686;-0.030686077762392593;-6.478665613300429e-06;6.681659190663717e-06;-0.47109197624373994;0.8820840945352942
51.609;-2.4728601686047567;-2.833047796197869;-0.03068615683837954;-6.347388739747882e-06;6.709363762902525e-06;-0.46793941098228015;0.8837605487711316
51.69;-2.4813947465388964;-2.858189257245174;-0.030686077639572852;-6.393157013345554e-06;6.379330581767091e-06;-0.4630474373137471;0.886333498585946
51.78;-2.4936957776776896;-2.8960298952874393;-0.03068581921393997;-6.104621814124207e-06;5.709073902622027e-06;-0.4560124945147524;0.8899733730716739
51.863;-2.5018331544988466;-2.9212485993684636;-0.030686096018515054;-6.616370063883624e-06;6.57970001945347e-06;-0.45568112867390814;0.8901430833767143
51.948;-2.513981967057175;-2.9592156963835428;-0.030686100482893136;-6.607083331110072e-06;6.494983768599939e-06;-0.45445475161140686;0.8907698236087571
52.03;-2.522020960600016;-2.9845681148091256;-0.030685990790563354;-6.359010724923192e-06;6.286685221710324e-06;-0.45349949579008514;0.8912565327885006
52.113;-2.530096196688801;-3.009885913319574;-0.030686156759325484;-6.7059258568436366e-06;6.734685795509666e-06;-0.4541524735647555;0.8909239758052808
52.201;-2.542190242182773;-3.047924678371311;-0.0306862164365864;-6.707593426563416e-06;6.795739677875261e-06;-0.45381409037683756;0.8910963872018951
52.293;-2.550238130022653;-3.0862962486844543;-0.03068618164591625;-6.516784664043926e-06;5.587744908126102e-06;-0.4499352142096881;0.8930611977576849
52.381;-2.555427086044369;-3.111466932732857;-0.030685402906626632;-2.9685463441423215e-06;8.88466250062617e-06;-0.44598530528996694;0.8950402825446827
52.472;-2.564838760819953;-3.148406916028039;-0.03068623011535155;-4.627360836378861e-06;7.52419376268535e-06;-0.43335001118640537;0.9012257029882784
52.563;-2.570474177208203;-3.1731228513286007;-0.030685955265700213;-4.404824817918485e-06;6.729655082025499e-06;-0.418765014727215;0.908094632940766
52.563;-2.577286474796455;-3.210626886820014;-0.030685927421297547;-5.334261522709668e-06;6.063704225424231e-06;-0.39482055472641414;0.9187582541127475
52.725;-2.5809496044539473;-3.236044647143197;-0.030685668966661923;-1.3131823231477311e-05;4.842161296344991e-06;-0.3804450879148842;0.9248035115015215
52.725;-2.5859573135431617;-3.2749636038375596;-0.030685954049699236;-1.2024159753775667e-05;6.585113718296051e-06;-0.370527012776476;0.9288216904309443
52.818;-2.589256545546074;-3.3011718055106276;-0.030685958319994364;-1.2169743768814792e-05;6.5555490350527205e-06;-0.36948392642381006;0.9292371214729677
52.892;-2.5941283197886027;-3.340708682294366;-0.030685967306258152;-1.1649928876199768e-05;6.874689365278737e-06;-0.3692585702197126;0.9293266961280685
52.987;-2.597183982673199;-3.367124068922323;-0.030685940684892943;-1.19003892146191e-05;6.0064846383094436e-06;-0.3665056200517939;0.9304158372968256
53.068;-2.6018021310636534;-3.40669463639691;-0.03068596124528293;-1.20780631074253e-05;6.197512638846193e-06;-0.36546756918319756;0.9308240734376374
53.143;-2.604861409715317;-3.433119312950212;-0.03068596429429757;-1.2070112170756219e-05;6.209755707406458e-06;-0.3654896527320478;0.9308154025162877
53.234;-2.609455018203032;-3.4727777436954477;-0.03068596891244258;-1.2066001622459492e-05;6.210201167140741e-06;-0.3655226408906949;0.9308024488644931
53.319;-2.6125850783994577;-3.4991606001505198;-0.03068631277436623;-7.5338870205203034e-06;6.370441051744987e-06;-0.3669029151506692;0.9302592384688254
53.411;-2.6172367294295658;-3.5387944721477007;-0.03068616469716403;-7.189386498345826e-06;5.888553627556739e-06;-0.36678297760107786;0.9303065340282874
53.493;-2.6203291738461987;-3.565226292414733;-0.0306861678583235;-7.189801643051674e-06;5.8875896820929735e-06;-0.36662321284835825;0.9303695070854324
53.581;-2.624951201913043;-3.6048792665234357;-0.03068617256705573;-7.190867298240611e-06;5.885727239396254e-06;-0.36638351203187985;0.930463928384564
53.665;-2.628021302962675;-3.6313167484614737;-0.030686175720767785;-7.191763409126276e-06;5.884484975699364e-06;-0.36622371035735457;0.9305268367359126
53.755;-2.6326810497433932;-3.6709464738532582;-0.030686175042262558;-7.179058573015983e-06;5.962203463402046e-06;-0.3670219564881299;0.930212278659306
53.849;-2.6373796518283448;-3.710594562114669;-0.030686184689955265;-7.183025196963288e-06;5.890439403001188e-06;-0.36723756228533794;0.9301271809599103
53.934;-2.640498718303721;-3.737029971013074;-0.03068618833423303;-7.185821067883595e-06;5.8911763583956555e-06;-0.36707781039046683;0.9301902391621827
54.024;-2.645314407110788;-3.776532518190567;-0.030686128331757812;-6.955561348408822e-06;6.265522638599261e-06;-0.369507102559583;0.9292279058822897
54.106;-2.650395029899629;-3.8022793300625404;-0.03068601357907623;-5.393843725343798e-06;2.05635783596163e-05;-0.37100075664676896;0.9286325635662206
54.182;-2.658680909561056;-3.8265863514878466;-0.030685724602721978;-1.1604391140934999e-05;7.865487004194326e-07;-0.36636766217318306;0.9304701693114487
54.274;-2.6684884765210666;-3.862435808375006;-0.030685981157805756;-1.188625586668028e-05;5.0005404731124085e-06;-0.3695230524300322;0.9292215632218741
54.358;-2.6756640574764528;-3.8992619832363933;-0.030685992208690352;-1.1933360269222257e-05;5.207935253046296e-06;-0.37374129091566133;0.9275329898689143
54.443;-2.6792834554395504;-3.9249847208360804;-0.030686021885111804;-1.2099486198157458e-05;6.1810347736863716e-06;-0.3754006860795561;0.9268626245061325
54.537;-2.682925242115425;-3.9511448364481176;-0.03068603437881753;-1.194205894760724e-05;6.72552540390182e-06;-0.3763100901565228;0.926493775401942
54.617;-2.688458620554023;-3.9906082596121064;-0.030685708216016662;-5.651286090637584e-06;3.842495737918734e-06;-0.3765911603952897;0.9263795646847071
54.711;-2.694254474042732;-4.029980913463871;-0.030686198185053724;-7.025780325664381e-06;6.2261089370912035e-06;-0.3807147287025312;0.9246925409350031
54.803;-2.699815436940994;-4.055690221765435;-0.030686002939503333;-4.9090659076094735e-06;2.029595282022774e-05;-0.3802371439996234;0.9248890278768503
54.892;-2.7128943101363316;-4.091701853099735;-0.030686797066539977;-3.7140520581127766e-06;-1.5772185273249427e-06;-0.36950003304557655;0.9292307170789372
54.98;-2.7202262729952467;-4.115775710229578;-0.030686041422705018;-6.706373216584414e-06;4.658261526849613e-06;-0.36522647323387464;0.9309186984814899
55.063;-2.7287181077577056;-4.151823242756236;-0.03068649844374486;-7.304240063135015e-06;1.6986526044990692e-05;-0.37104198593695487;0.9286160909278207
55.144;-2.736906480254593;-4.175136558854256;-0.030685842273649133;-1.1231525104002523e-05;1.0489967859271978e-06;-0.3681274324094761;0.9297753456509584
55.228;-2.7462153354165055;-4.210518257489043;-0.03068601517102401;-1.1868039921147182e-05;5.278933209283406e-06;-0.37421149030007206;0.9273433885884355
55.322;-2.7513092087810906;-4.234955581226129;-0.030686016963906076;-1.1807064172164152e-05;5.418512511589631e-06;-0.37901976397223036;0.9253885769500657
55.407;-2.7579067154984074;-4.273083644659552;-0.030685745623764596;-5.473772697959926e-06;4.447529250857565e-06;-0.38654909057145864;0.9222688331113851
55.491;-2.762487649731005;-4.298890538272271;-0.030686167263712226;-6.682972522277002e-06;6.7305286483082056e-06;-0.3930905159613245;0.9194997804085095
55.579;-2.7715798539289724;-4.3370154209451375;-0.030685998799681834;-1.08229402293948e-05;3.4929334616221607e-06;-0.3982801613990853;0.9172638185966903
55.666;-2.7833251114326942;-4.373767445341549;-0.030685528099137636;-3.5279590349875872e-06;1.0191024051189418e-05;-0.39998613793785426;0.9165211887028344
55.752;-2.793335270009845;-4.397268091425941;-0.030685722220830977;-1.338580606638157e-06;-9.06916767638284e-06;-0.3956109872829443;0.9184181763537637
55.84;-2.8046012960583777;-4.4327822355238835;-0.03068603058586032;-1.13369634435298e-05;5.347538749567721e-06;-0.40075492967900583;0.9161852903102364
55.931;-2.811187322790902;-4.456875693645192;-0.03068603871759905;-1.1727217026452048e-05;6.401131389439323e-06;-0.40711175777115227;0.9133783534253375
56.023;-2.8200957543523675;-4.494601176902095;-0.03068607095707559;-1.1725463716561942e-05;7.131043682190335e-06;-0.4143401887213221;0.9101220840206223
56.103;-2.826235379201598;-4.520252552438702;-0.03068607163974464;-1.1602949801975275e-05;7.225959649561198e-06;-0.4193297969017761;0.9078339722897973
56.188;-2.8355675721650346;-4.559037745474193;-0.030686344509857615;-6.943589107223154e-06;6.508354677129597e-06;-0.42198701457714116;0.9066018748258244
56.283;-2.841812856443652;-4.58492824669044;-0.030686289870806984;-6.824428744274519e-06;6.310262609482464e-06;-0.42186847377015874;0.9066570414177816
56.361;-2.851229148883368;-4.623714848865118;-0.03068628961899593;-6.810073468421796e-06;6.38935860046265e-06;-0.422647638328974;0.9062940878808269
56.449;-2.8606774268501916;-4.662510528711415;-0.030686357212601552;-6.902948546932529e-06;6.434044098120747e-06;-0.4227791759709593;0.906232734056914
56.541;-2.866904247216941;-4.6883985222396465;-0.03068630594816435;-6.827668432092782e-06;6.247354895258177e-06;-0.4216864503433891;0.9067417148842035
56.631;-2.8760563270098816;-4.727256699945889;-0.030686323695543322;-6.811338198623032e-06;6.184548832928177e-06;-0.41898965281103995;0.9079910080791777
56.714;-2.88193318532862;-4.753194600020314;-0.030686313727715398;-6.822934277251905e-06;6.103821116021605e-06;-0.4158942423842766;0.9094129859793071
56.803;-2.8904543108570135;-4.7921336811535555;-0.030685995434202112;-5.835025212971212e-06;5.610254521476856e-06;-0.41172185891076346;0.9113095581796248
56.887;-2.8962461206417;-4.817923179058256;-0.030686296621587207;-6.825630476076844e-06;6.491743370012334e-06;-0.41425121633779266;0.9101625841979705
56.972;-2.9052494731102483;-4.856677655665914;-0.03068629754094168;-6.769055184085178e-06;6.512406020977465e-06;-0.4183638048800874;0.9082795421443912
57.06;-2.9114421585413295;-4.882514674444335;-0.030686420984844927;-7.061600413894391e-06;6.698418074090686e-06;-0.42095033995563985;0.9070836847813416
57.155;-2.9208155545046086;-4.92133206210246;-0.030686442245806786;-6.98974860862372e-06;6.609451232618433e-06;-0.42208731194970384;0.9065551836477094
57.246;-2.9300832016468434;-4.960184843468726;-0.030686282137554775;-6.7332331104037995e-06;6.132822135398972e-06;-0.42054403143378005;0.9072721298168902
57.328;-2.9362372678770807;-4.986070082347448;-0.03068633902746075;-6.841729611687649e-06;6.303347657049801e-06;-0.42035189116567795;0.9073611670701456
57.419;-2.9423827490186576;-5.011962063354625;-0.030686341620959963;-6.84088099616146e-06;6.300065628055926e-06;-0.42019611885535846;0.9074333152427262
57.5;-2.9514345903258166;-5.050839904780659;-0.03068618800490095;-6.546334315103727e-06;5.791476208635109e-06;-0.4177231782208049;0.9085743482515417
57.591;-2.9603988020733767;-5.089687809048777;-0.030686409018925352;-6.948580431697775e-06;6.394243731399481e-06;-0.41729700452086393;0.9087701634234834
57.677;-2.9663084878020194;-5.115632103453884;-0.030686357100422106;-6.867546610478651e-06;6.205877581984029e-06;-0.41620173160387597;0.9092723016370062
57.767;-2.9749094331884858;-5.154598105784178;-0.03068636115943721;-6.843703112372799e-06;6.076389089899164e-06;-0.41251377161768393;0.9109513643120551
57.854;-2.980414913551588;-5.180610582273172;-0.03068636481552529;-6.866561578277132e-06;6.0550962249765355e-06;-0.4094102167650301;0.9123504120263207
57.94;-2.9883392364648755;-5.219690329104386;-0.030686369454572246;-6.897756326419948e-06;6.019685706479809e-06;-0.40474771990880976;0.914428391480057
58.032;-2.993399904956832;-5.245785557245678;-0.030686372523045978;-6.918009504878176e-06;5.995952175433585e-06;-0.4016337819978626;0.9158003631110238
58.123;-3.0004234396006457;-5.284944830843134;-0.03068645310435865;-6.368098036496697e-06;6.303885570784923e-06;-0.3938396901286306;0.9191791438011921
58.211;-3.006453618928891;-5.324097991138818;-0.030686249097097218;-6.903825730743856e-06;5.379124181002062e-06;-0.38263271870508936;0.923900537124941
58.293;-3.0101083477207617;-5.350326402822185;-0.030686375902745498;-6.966615315241339e-06;5.749480717539648e-06;-0.3774080948672692;0.9260470451586508
58.379;-3.0151975981992347;-5.389785164435877;-0.030686390679344346;-7.114372755068322e-06;5.771105810791304e-06;-0.37175890911804993;0.9283293130174429
58.471;-3.0183759622667012;-5.416154446343216;-0.03068639250385041;-7.127591949606971e-06;5.741923603383644e-06;-0.36860062293739826;0.9295878552812477
58.554;-3.022957155794707;-5.455743516351583;-0.03068639871254314;-7.1998705953427405e-06;5.824518972891755e-06;-0.36594451315207854;0.9306366708915598
58.646;-3.025936316888409;-5.482168568921463;-0.0306864006675647;-7.2009101170544195e-06;5.811319247099649e-06;-0.3647856932161271;0.9310915088965237
58.729;-3.0303489223162505;-5.521818455632662;-0.030686460103562574;-7.299874923013965e-06;5.979236432458498e-06;-0.36400820370381776;0.9313957416411567
58.821;-3.0332217235551653;-5.548275657622078;-0.0306864078459346;-7.207941539100738e-06;5.794448200153784e-06;-0.3628863021316746;0.9318334248349697
58.905;-3.0374812361472165;-5.587953035066137;-0.030686410147234375;-7.220558664423883e-06;5.854868341570977e-06;-0.3621879802338725;0.932105072879497
58.992;-3.0417171941279153;-5.627643190841199;-0.030686472108802723;-7.30942842927208e-06;5.960367350998861e-06;-0.3618678103873;0.93222941796349
59.084;-3.0444692123675883;-5.654120924090731;-0.030686420383080778;-7.219684813625571e-06;5.77772588595743e-06;-0.3607446634449325;0.9326646169500035
59.163;-3.0485468202677164;-5.693821728652036;-0.030686422758392513;-7.2333940632402976e-06;5.838113108163716e-06;-0.36004567686910555;0.9329346764278097
59.258;-3.051256393855345;-5.7202930574081075;-0.030686425395387885;-7.231963700954414e-06;5.834912248765811e-06;-0.359885416481903;0.9329965095954539
59.348;-3.0553042713910616;-5.760007357472661;-0.03068643009382355;-7.232723789861685e-06;5.833068991928111e-06;-0.35964499090925856;0.9330892135415254
59.435;-3.0579916355239276;-5.786486158882793;-0.030686433247750833;-7.2335413678042824e-06;5.831819412383009e-06;-0.35948471495669587;0.9331509736511926
59.523;-3.0620057011833772;-5.826206818943767;-0.0306864379894274;-7.234924972588672e-06;5.8299403989018115e-06;-0.359244291294734;0.9332435582878736
59.616;-3.0659268697720283;-5.865940612399071;-0.030686516649579693;-7.255736901695755e-06;5.905866801548232e-06;-0.3578999731385546;0.9337599312135303
59.705;-3.0683243523238164;-5.892436559819802;-0.030686448121504645;-7.201768212953228e-06;5.631400255496504e-06;-0.3547573085857217;0.9349584225629699
59.795;-3.0715813408525325;-5.932187102510086;-0.030686453561585836;-7.2337751898753465e-06;5.596719569756253e-06;-0.3499795233780145;0.9367573501886425
59.882;-3.073526693895495;-5.958699292436849;-0.030686456735877707;-7.253120061392119e-06;5.571774606712209e-06;-0.3467899480469636;0.9379428190726405
59.972;-3.0783020916043973;-5.99731786787856;-0.030686706476680703;-7.775555527906899e-06;6.8506911697397155e-06;-0.3386437363966043;0.9409146718443474
60.061;-3.0826285396862563;-6.034549685462737;-0.030686072774750432;-1.1331952305865835e-05;-2.4620130166120205e-07;-0.32579190709016076;0.9454415017049348
60.151;-3.0833468662224086;-6.0585380760487295;-0.030686242972823262;-1.1826531371531491e-05;4.84187649224727e-06;-0.327094748640347;0.9449915477127812
60.243;-3.0850872744208084;-6.093591732382822;-0.030686449495107664;-7.298661239491032e-06;5.555240616243387e-06;-0.32907289857908284;0.9443045204469952
60.333;-3.0875267338951615;-6.127756409310717;-0.03068625648505441;-6.294890693181197e-06;1.9012977390264226e-05;-0.3287405975831602;0.9444202555533991
60.418;-3.0910131280105526;-6.149478742477743;-0.030686477320404807;-7.256108530606608e-06;5.412251716108674e-06;-0.32593265106931363;0.9453929907107338
60.5;-3.094329942729353;-6.1706761403762105;-0.030686420692695882;-7.271609179674842e-06;5.342981291094963e-06;-0.32151857440739107;0.9469032718443924
60.587;-3.0965788221428663;-6.201400310743179;-0.030686244065885687;-1.1577189380772392e-05;4.307341122964283e-06;-0.32158771315961143;0.9468797931058552
60.668;-3.0978405110178655;-6.2209641666490985;-0.030686294161736828;-1.2184515913339614e-05;5.720690960054296e-06;-0.32320536955671875;0.9463288481857225
60.757;-3.1004367822202004;-6.249266058590326;-0.03068630381472945;-1.2299944771067847e-05;5.584357999293042e-06;-0.32322976840153617;0.9463205147499529
60.849;-3.102998251636985;-6.277221464019854;-0.030686308682444624;-1.2341803387861392e-05;5.585612535481432e-06;-0.32324542034431414;0.9463151684523019
60.94;-3.1047025804567965;-6.295815332082625;-0.030686311154953648;-1.2348561133098648e-05;5.5859165013008735e-06;-0.3232555676565962;0.9463117022394484
61.031;-3.108596860621368;-6.323192226201614;-0.030687715677963946;-4.046627665800756e-06;-3.7013377440041155e-06;-0.322407533051401;0.9466009627090155
61.123;-3.1140517662997955;-6.348917727932902;-0.03068775751497625;-1.8629276986050592e-06;-3.686067912260648e-06;-0.31493472452587096;0.9491133332067127
61.212;-3.1173359418838107;-6.365816195806089;-0.03068779507593347;-1.9619921289119634e-06;-3.4215784599054218e-06;-0.3087122820595997;0.9511554693581895
61.306;-3.1194321776320693;-6.39046470137513;-0.03068645130617854;-9.981576534376434e-06;-7.219766427400801e-06;-0.30523446767084755;0.952277228328987
61.395;-3.1190017118146773;-6.414434245153934;-0.030687640506699594;-1.2189348094724975e-06;-3.56892334113843e-06;-0.31252153441793906;0.9499106750167795
61.482;-3.1201056545708195;-6.430214205039869;-0.03068773606884562;-2.5556660732790203e-06;-9.341052046695786e-07;-0.3166739694084611;0.9485344469715821
61.575;-3.1231698813754365;-6.452842481496299;-0.030687813098414292;-2.1371015772322835e-06;-3.42353678353034e-06;-0.31646144848790175;0.9486053719037497
61.657;-3.1251573792123257;-6.467608803377262;-0.030687813878828275;-2.181974415486264e-06;-3.441399066234887e-06;-0.3162532355363559;0.9486748078220388
61.751;-3.1280046625861035;-6.487813370505069;-0.03068719703267795;3.445902489673408e-07;4.35541916821137e-06;-0.3185552617876716;0.9479042911435203
61.847;-3.1335187225119885;-6.505979666264289;-0.03068633656051929;-1.0528292062933501e-05;-4.44221849981021e-06;-0.31371171109135365;0.9495182790202391
61.941;-3.1374245486375383;-6.518590738718227;-0.030686329425711006;-1.0489001320520374e-05;-4.761219642050578e-06;-0.3092298437386633;0.9509873309401516
62.029;-3.1415995033646507;-6.537594520647664;-0.03068641641213287;-1.0065006475532183e-05;-6.6120729919533235e-06;-0.3058964317165201;0.952064794495667
62.119;-3.1423128840454715;-6.555680275718171;-0.03068631561032666;-1.0179113740717352e-05;-4.688845174950036e-06;-0.3114483997817424;0.9502630657601042
62.209;-3.1428203192539916;-6.567665095207708;-0.030687625356741487;-5.544930479000586e-07;-3.829694684046249e-06;-0.3173706311131567;0.9483015778178704
62.297;-3.1439048116010024;-6.585274709339882;-0.030687597179314102;-7.014125796778893e-07;-3.366716944565142e-06;-0.3291116452698747;0.9442910170789138
62.39;-3.1477881652017343;-6.602159145422823;-0.03068799833823769;-2.9753652907783415e-06;-3.024148270095532e-06;-0.33689791823241794;0.9415411794885368
62.477;-3.1507675550331125;-6.612909352918785;-0.03068783568572738;-2.1429474237177533e-06;-3.3193032083415604e-06;-0.3350591110379186;0.9421971089399872
62.568;-3.154779303652062;-6.628598958505997;-0.030687779572385436;-1.7302038383623007e-06;-3.385039279362285e-06;-0.3276645092848284;0.9447941412501882
62.656;-3.1571730976133607;-6.638884022023685;-0.030687724439118436;-1.4679671054364788e-06;-3.545705192932091e-06;-0.32114939804856096;0.94702854451084
62.743;-3.1592280803964803;-6.65346030828873;-0.030686397507121155;-1.0754927451330943e-05;-4.8772940161558305e-06;-0.31552167262639835;0.948918370548059
62.743;-3.1605492882885544;-6.666385343381214;-0.03068637771390033;-1.0796837206020592e-05;-4.4598682388345465e-06;-0.31557387962462446;0.9489010097803675
62.833;-3.161402061287097;-6.674760716621439;-0.030686380661452954;-1.083522569871342e-05;-4.470859667913641e-06;-0.3155794098205746;0.9488991705971226
62.923;-3.1626729371418607;-6.6872387175388255;-0.030686382946954464;-1.0851046546017718e-05;-4.47515972649731e-06;-0.3155872203347434;0.9488965729854956
63.007;-3.163518686771143;-6.695541160101837;-0.03068638406908398;-1.0853635595101642e-05;-4.475814687876822e-06;-0.3155923332556489;0.9488948724976972
63.103;-3.1647869120896237;-6.707989117300561;-0.030686385611697526;-1.08547290299131e-05;-4.476021632855283e-06;-0.3155999695741204;0.9488923327053257
63.189;-3.1660551656477085;-6.720435327048293;-0.030686387110946692;-1.0854974410655385e-05;-4.475990876190862e-06;-0.3156075958017305;0.9488897962010059
63.285;-3.166900757838193;-6.728732574796182;-0.03068638810488286;-1.0855032199553757e-05;-4.475940318138413e-06;-0.3156126786710272;0.948888105586867
63.377;-3.1681693053209625;-6.741178354300348;-0.030686389595069363;-1.0855082279515082e-05;-4.475857349801749e-06;-0.315620302478416;0.9488855697741257
63.47;-3.1694482807264395;-6.753619418982877;-0.030686381232539434;-1.0818073257371412e-05;-4.303131812419396e-06;-0.3158087804640415;0.9488228570424867
63.552;-3.170295980640786;-6.761916977430919;-0.030686392022349237;-1.085587021095724e-05;-4.472337462834529e-06;-0.3158045520666758;0.948824264422087
63.648;-3.1715695676446303;-6.774362373186423;-0.030686393565746165;-1.0855986299246223e-05;-4.473642023793456e-06;-0.315812150953996;0.9488217351915715
63.734;-3.1724187332016363;-6.782659212102848;-0.03068639455864971;-1.0856023978250003e-05;-4.473585968658158e-06;-0.3158172322562931;0.9488200438819304
63.823;-3.1736926453792296;-6.7951044255779385;-0.030686396048235483;-1.085606587645224e-05;-4.473500194122694e-06;-0.3158248539900527;0.948817506933918
63.906;-3.175262049373836;-6.80258123643802;-0.030686209078483705;-4.845885203294105e-06;1.0782490341248974e-05;-0.3158445726956834;0.948810943106653
63.993;-3.1784368586080554;-6.810911218823684;-0.03068652837426583;-7.656147123329962e-06;6.162939402796924e-06;-0.3148697132913611;0.9491349027167939
64.078;-3.1810567967025447;-6.816662822768269;-0.03068649254251151;-7.651386946773021e-06;5.489920224164205e-06;-0.3127495063008862;0.9498356416874812
64.16;-3.1852599765826954;-6.826020886046201;-0.030686327676075667;-6.8823052413404674e-06;5.499147229339242e-06;-0.3086871844742528;0.9511636147707461
64.25;-3.1881943288032333;-6.832506223768917;-0.030686389153746472;-7.1189200648307755e-06;5.487497479532426e-06;-0.3081443688161393;0.951339607020601
64.329;-3.1926660300363596;-6.842345234436647;-0.03068658548233143;-8.213201565481226e-06;5.280001534835111e-06;-0.3087380406630149;0.9511471085758647
64.43;-3.1965195418708214;-6.8519306731252145;-0.03068629750965348;-1.1654569954673986e-05;4.428224614867364e-06;-0.3067398746224084;0.9517933857519663
64.516;-3.1980686797337725;-6.857084416720364;-0.030686351797148244;-1.1978298846291122e-05;5.245378652207353e-06;-0.30538362923198814;0.9522294045166353
64.603;-3.200053894560516;-6.8638944868101675;-0.03068634208993467;-1.2211762340844794e-05;5.230662428013898e-06;-0.30254822255529945;0.9531340791578812
64.687;-3.201307236221869;-6.86826953195018;-0.030686344885137294;-1.2252442354413106e-05;5.216889792964357e-06;-0.30063843420085573;0.9537381882382184
64.775;-3.2031376204867312;-6.874782371065965;-0.03068634655729422;-1.2280364740755996e-05;5.184217489230194e-06;-0.29779819042709005;0.9546288480873952
64.861;-3.2043250179770792;-6.879117980998846;-0.030686352283494124;-1.2122314681223211e-05;5.299983705079722e-06;-0.295868830915868;0.9552285772093699
64.953;-3.206052862355113;-6.885603448517785;-0.03068633790842272;-1.224722204111071e-05;5.169408646687886e-06;-0.2925561307483087;0.956248351729226
65.039;-3.207253562371797;-6.889942976033726;-0.030686360592032988;-1.2539406603957897e-05;4.852543303579759e-06;-0.2911148973804758;0.9566880977321559
65.124;-3.2090467573270183;-6.89648890882199;-0.030686376521782008;-1.2495478160807403e-05;4.9524566277451585e-06;-0.2902951214431092;0.9569371673655834
65.214;-3.210564290939783;-6.899628374411199;-0.03068810899074586;-7.711945134763955e-06;5.77167459126071e-07;-0.28788294592898234;0.9576656041559828
65.303;-3.210486650001084;-6.899617546819785;-0.030687997684534174;-7.121441696018609e-06;7.276688723990137e-07;-0.2804303449846732;0.9598743780102337
65.396;-3.210369204886516;-6.899599402828816;-0.030688001658722812;-7.188552329355211e-06;5.465479726888978e-07;-0.25710738424316043;0.9663828397253678
65.481;-3.21030586825121;-6.899577786979327;-0.030688002269903245;-7.251139018534113e-06;2.984083581826565e-07;-0.23436582200376807;0.9721484770465004
65.564;-3.210240833336366;-6.89953211784733;-0.0306880033545281;-7.301437107607222e-06;-7.515856946081655e-08;-0.1939740481910839;0.9810066608209377
65.655;-3.210197137124216;-6.8994775467981295;-0.030688003949489492;-7.309629029583841e-06;-4.399618515070514e-07;-0.149608941314607;0.9887452475866056
65.745;-3.2101757273878073;-6.899438155913282;-0.030688004175017197;-7.298467484700082e-06;-6.803754662167425e-07;-0.11887706307436081;0.9929089806327084
65.831;-3.2101589953498677;-6.899377295104573;-0.030687997332353868;-7.257654357689289e-06;-1.1590077117556014e-06;-0.07198727079994888;0.9974055508110821
65.922;-3.210209675869425;-6.899349985594368;-0.030687995999948616;-7.205724283191638e-06;-1.6119712981534619e-06;-0.04499852663626594;0.9989870532424554
66.009;-3.2107860960834684;-6.899325221183973;-0.030687796489750598;-3.6870913853802746e-07;-3.281726447749813e-06;-0.03553083394847071;0.9993685805687612
66.101;-3.211068863606546;-6.899239315741518;-0.03068779915089665;-3.7855765021686026e-07;-3.2070657591856867e-06;-0.03585930413981208;0.9993568483260521
66.19;-3.2111293082885575;-6.899191244270185;-0.03068779843932689;-3.75775078395535e-07;-3.1882759762931476e-06;-0.03608033390448393;0.9993488927772096
66.282;-3.21115516650286;-6.899123814151677;-0.030687798036413718;-3.7486140747062276e-07;-3.1775983236452653e-06;-0.03641387781029199;0.9993367948257381
66.375;-3.2111536172669086;-6.8990583808337735;-0.030687797911806747;-3.7532983095593336e-07;-3.1743008379738717e-06;-0.03674826168224129;0.9993245545132555
66.469;-3.211147578484233;-6.899015128680152;-0.030687797880581083;-3.7589379083448706e-07;-3.1734507926654265e-06;-0.036971333911936965;0.9993163265245695
66.56;-3.21113596269191;-6.898950444284112;-0.030687797857066185;-3.7686972893279676e-07;-3.172848623548419e-06;-0.03730601313956688;0.9993038884010318
66.653;-3.2111232380744728;-6.898885848282412;-0.03068779784521309;-3.778992556185115e-07;-3.172535429042854e-06;-0.03764071660150948;0.99929133712022
66.746;-3.2111101544367853;-6.898821285105769;-0.030687797837136585;-3.7894450251210035e-07;-3.1723090517257175e-06;-0.037975421013093966;0.9992786735384036
66.842;-3.211101350322817;-6.898778252429343;-0.030687797832659937;-3.796417313181633e-07;-3.172173101111037e-06;-0.03819855414822284;0.999270168898671
66.931;-3.211088078675027;-6.898713713293872;-0.03068779782446298;-3.806944487995775e-07;-3.1719736885513775e-06;-0.03853324735120816;0.9992573186313745
67.024;-3.211074751048923;-6.89864918432013;-0.03068779781688908;-3.817460119781803e-07;-3.171780106396494e-06;-0.03886793202916776;0.9992443564261797
67.118;-3.2110658394532097;-6.898606170312358;-0.0306877978123166;-3.82447538150633e-07;-3.1716514738937694e-06;-0.03909105025531032;0.9992356527765266
67.21;-3.211052434518472;-6.898541657111578;-0.03068779780488574;-3.8349651827351587e-07;-3.171453111711017e-06;-0.03942572016533553;0.9992225040396356
67.303;-3.2110389854200747;-6.898477153239546;-0.030687797797483866;-3.845489186095866e-07;-3.171259488859136e-06;-0.03976038110874337;0.9992092433939364
67.394;-3.2110254925018915;-6.898412658697864;-0.03068779779092751;-3.8559876441528387e-07;-3.1710655141039103e-06;-0.040095033046176995;0.9991958708455623
67.488;-3.211016472935347;-6.898369667529541;-0.030687797785821737;-3.863001240271982e-07;-3.170934705297851e-06;-0.04031812931873597;0.999186893648047
67.581;-3.211002907185049;-6.898305188584582;-0.030687797778974228;-3.873505596406095e-07;-3.1707398660161605e-06;-0.04065276617717078;0.9991733346081353
67.675;-3.2109892977710843;-6.898240719032328;-0.03068779777058593;-3.884046438384755e-07;-3.170541679046251e-06;-0.040987393949161774;0.9991596636809621
67.768;-3.210975644704929;-6.8981762588999604;-0.03068779776453858;-3.8945444519013196e-07;-3.1703491647458985e-06;-0.041322012606754985;0.99914588087222
67.864;-3.210966518414039;-6.898133290725183;-0.030687797759497572;-3.9015556205907397e-07;-3.170216689638848e-06;-0.04154508663352626;0.9991366301794816
67.955;-3.2109527926133756;-6.898068846353476;-0.03068779775236309;-3.9120565859298065e-07;-3.1700178657538386e-06;-0.04187969003558736;0.9991226609142249
68.047;-3.21093902318249;-6.898004411474761;-0.030687797745292865;-3.922575702471212e-07;-3.1698221921910184e-06;-0.04221428424679409;0.9991085797826627
68.14;-3.210929819326677;-6.8979614601764805;-0.030687797741162738;-3.9295835958885553e-07;-3.1696941699725525e-06;-0.042437341934174415;0.999099130216497
68.233;-3.210915977195876;-6.8978970411806015;-0.03068779773415541;-3.940088469003146e-07;-3.1694971194898655e-06;-0.042771920763095585;0.9990848626538362
68.325;-3.210902091455418;-6.897832631750935;-0.030687797726435467;-3.950619236692204e-07;-3.1692987603222025e-06;-0.043106490324470316;0.9990704832401496
68.415;-3.2108928100713583;-6.897789697459498;-0.030687797721979958;-3.957610710906539e-07;-3.169165679876089e-06;-0.04332953153586724;0.9990608348277306
68.507;-3.2108788516653286;-6.897725304034826;-0.030687797714296697;-3.968123802976829e-07;-3.168965805782819e-06;-0.043664085587604276;0.9990462690083972
68.598;-3.2108648496702727;-6.897660920249636;-0.030687797706842164;-3.978627036218778e-07;-3.1687628122162728e-06;-0.04399863029513124;0.999031591353323
68.692;-3.2108554907945597;-6.897618003095064;-0.030687797702509213;-3.985628749274596e-07;-3.168630623150042e-06;-0.04422165489513637;0.9990217441217866
68.783;-3.2108414161683076;-6.897553635436939;-0.030687797695952562;-3.9961409993465253e-07;-3.1684353424567537e-06;-0.04455618396627777;0.9990068800865011
68.871;-3.210827297973788;-6.897489277491686;-0.030687797688648127;-4.006650263574027e-07;-3.1682343162896107e-06;-0.04489070361639277;0.9989919042307736
68.961;-3.2108178616433407;-6.897446377604253;-0.03068779768405621;-4.013637935368796e-07;-3.168100868564906e-06;-0.04511371146865462;0.9989818582073076
69.055;-3.2108036708522683;-6.897382035907891;-0.03068779767733342;-4.0241610683349724e-07;-3.167901162509001e-06;-0.04544821535410271;0.9989666959968833
69.148;-3.21078943651375;-6.897317703997538;-0.030687797670389247;-4.034662837593348e-07;-3.167701044765509e-06;-0.04578270974223203;0.9989514219813002
69.24;-3.210779922765583;-6.897274821507625;-0.03068779766599289;-4.0416702643518156e-07;-3.1675682457613978e-06;-0.046005700710547145;0.9989411771930993
69.332;-3.2107656158654367;-6.8972105059682605;-0.030687797658442845;-4.052182880069824e-07;-3.167365148090305e-06;-0.04634017920565044;0.9989257168483511
69.427;-3.210751265438812;-6.8971462002883674;-0.03068779765082564;-4.062706860378133e-07;-3.1671632072522633e-06;-0.04667464812676359;0.9989101447137508
69.518;-3.2107368714935873;-6.897081904495033;-0.03068779764444221;-4.07318875010912e-07;-3.1669610713603213e-06;-0.04700910744491725;0.9988944607950515
69.612;-3.2107272513570173;-6.897039046139005;-0.030687797640667046;-4.080162363135625e-07;-3.1668259842400806e-06;-0.047232074974403286;0.9988839427498156
69.706;-3.2107127848983743;-6.896974766884323;-0.030687797632927005;-4.090696722887701e-07;-3.1666227832811146e-06;-0.04756651822337977;0.9988680725370643
69.803;-3.2106982749423048;-6.896910497589752;-0.030687797625771042;-4.1012154526209917e-07;-3.1664211332742042e-06;-0.04790095179253092;0.9988520905555414
69.898;-3.2106837214967276;-6.8968462382823486;-0.03068779761878806;-4.111715496982921e-07;-3.1662175059678916e-06;-0.04823537565262955;0.9988359968110159
69.99;-3.2106739950428187;-6.896803404306267;-0.03068779761435957;-4.1187064177392214e-07;-3.166081301106631e-06;-0.04845831948451936;0.9988252055602835
70.084;-3.210659369132477;-6.896739161705299;-0.030687797607602343;-4.129218289643711e-07;-3.165878149895957e-06;-0.0487927270988832;0.9988089255568658
70.179;-3.2106446997539826;-6.896674929164875;-0.03068779760018491;-4.1397340872553525e-07;-3.165673836331187e-06;-0.0491271249270104;0.9987925338058015
70.275;-3.21062998691526;-6.896610706712478;-0.030687797593320805;-4.150233477140649e-07;-3.1654701685666843e-06;-0.04946151294013553;0.9987760303128427
70.368;-3.2106201542155492;-6.8965678973621625;-0.030687797588761015;-4.1572314410042723e-07;-3.165332869072112e-06;-0.049684432814955624;0.9987649659082282
70.462;-3.2106053689609824;-6.896503691783797;-0.030687797582224233;-4.167719984932868e-07;-3.165126996672494e-06;-0.05001880440495059;0.9987482761916077
70.557;-3.2105905402677215;-6.89643949636652;-0.030687797575248803;-4.178222217587941e-07;-3.1649220223860726e-06;-0.050353166102604575;0.9987314747484691
70.653;-3.210575668143799;-6.896375311137601;-0.03068779756804129;-4.1887299141249683e-07;-3.164715068957098e-06;-0.05068751787859494;0.9987145615845984
70.75;-3.210565729270369;-6.896332526658974;-0.03068779756378797;-4.1957374825484917e-07;-3.164579794141374e-06;-0.050910413536499284;0.9987032240777798
70.843;-3.210550784780001;-6.896268358471868;-0.03068779755660143;-4.2062258057746064e-07;-3.1643694901663977e-06;-0.051244748711752657;0.9986861247255212
70.937;-3.2105357968806216;-6.896204200546389;-0.030687797550410394;-4.216727308540441e-07;-3.164167446545456e-06;-0.05157907388860731;0.9986689136678901
71.032;-3.2105207655803616;-6.896140052909873;-0.030687797542565003;-4.227252554290164e-07;-3.163956616029306e-06;-0.05191338903659341;0.9986515909107371
71.129;-3.2105056908873797;-6.896075915589774;-0.030687797536024627;-4.237739606751965e-07;-3.1637497009339535e-06;-0.05224769412753672;0.9986341564597951
71.225;-3.210495616989024;-6.89603316312125;-0.030687797531817062;-4.2447302078721245e-07;-3.1636116735520825e-06;-0.052470558586341656;0.998622471443262
71.319;-3.2104804699929965;-6.895969043056178;-0.03068779752537571;-4.2552245983277144e-07;-3.1634050938608623e-06;-0.05280484685028243;0.9986048508488883
71.414;-3.2104652796260194;-6.895904933380635;-0.03068779751887744;-4.265718459018575e-07;-3.1631973203882304e-06;-0.05313912497901761;0.9985871185761794
71.509;-3.2104500458963496;-6.895840834121964;-0.03068779751142523;-4.276219747831544e-07;-3.162986986134402e-06;-0.05347339294324721;0.9985692746309341
71.605;-3.2104347688122497;-6.895776745307589;-0.030687797505113093;-4.2867050357196584e-07;-3.1627765228197206e-06;-0.053807650713876325;0.9985513190189408
71.699;-3.2104245600077745;-6.895734025247222;-0.030687797499904572;-4.293719707125808e-07;-3.1626372511766853e-06;-0.054030483550203304;0.9985392865767199
71.793;-3.2104092106845883;-6.895669953900906;-0.030687797493188347;-4.3042234529948655e-07;-3.162427841043259e-06;-0.05436472426667578;0.998521144866358
71.888;-3.2103938180290066;-6.895605893071991;-0.030687797487205654;-4.314696842594949e-07;-3.1622180855676796e-06;-0.054698954711500006;0.9985028915047184
71.982;-3.2103783820493033;-6.895541842787898;-0.030687797479465338;-4.3252160207304224e-07;-3.1620059813917734e-06;-0.05503317485530179;0.998484526497612
72.078;-3.2103680673312756;-6.895499148470237;-0.030687797476203184;-4.332195247131236e-07;-3.1618696951248764e-06;-0.05525598254768442;0.9984722211371255
72.171;-3.2103525591631352;-6.895435115821515;-0.03068779746865457;-4.342738552432604e-07;-3.1616602629137383e-06;-0.055590185458403274;0.9984536700671272
72.265;-3.2103370076931;-6.895371093790751;-0.03068779746165068;-4.353211361065622e-07;-3.1614445999459647e-06;-0.055924377989429834;0.9984350073671853
72.361;-3.2103214129295203;-6.895307082405064;-0.03068779745582601;-4.3636854328004565e-07;-3.1612348739990966e-06;-0.05625856011247925;0.9984162330430565
72.455;-3.2103109923726145;-6.895264414075514;-0.030687797451178157;-4.3706948259353124e-07;-3.161094835940192e-06;-0.05648134239750342;0.9984036548164237
72.542;-3.210295325471673;-6.895200420492607;-0.030687797444733548;-4.3811810319491113e-07;-3.1608828025115086e-06;-0.056815507107616875;0.9983846944649748
72.636;-3.2102796152994992;-6.895136437628072;-0.03068779743746524;-4.391697979126866e-07;-3.160670281523842e-06;-0.0571496613308541;0.9983656225048948
72.731;-3.2102691178159826;-6.895093788353139;-0.03068779743338961;-4.3986721031337135e-07;-3.1605261973255454e-06;-0.05737242497219215;0.9983528458629383
72.827;-3.2102533355438716;-6.895029823412874;-0.030687797426669123;-4.409184605898067e-07;-3.1603152504041576e-06;-0.057706561651991034;0.9983335879014203
72.921;-3.2102375100231173;-6.8949658692642055;-0.030687797420457564;-4.419646415536512e-07;-3.160100813871127e-06;-0.0580406877659974;0.9983142183468432
73.015;-3.2102216412620805;-6.894901925933919;-0.030687797413641475;-4.430142820684667e-07;-3.159886999008563e-06;-0.05837480328517117;0.9982947372050184
73.109;-3.2102110380698763;-6.8948593030709215;-0.030687797408568033;-4.437153825405509e-07;-3.1597429359049514e-06;-0.05859754106386086;0.9982816877871137
73.203;-3.2101950972605793;-6.894795377832427;-0.030687797402882917;-4.4476365025536294e-07;-3.1595316864547156e-06;-0.05893163885945974;0.9982620206795197
73.297;-3.2101791132336803;-6.894731463485461;-0.030687797396363733;-4.458118727002204e-07;-3.1593153069610692e-06;-0.059265725980984105;0.9982422420002908
73.393;-3.2101630859976957;-6.894667560057432;-0.030687797389923874;-4.468600069050318e-07;-3.1590990520155413e-06;-0.05959980239926746;0.9982223517552534
73.487;-3.2101523771728773;-6.89462496385172;-0.030687797384848496;-4.4756291754684734e-07;-3.1589579756940472e-06;-0.05982251405094233;0.9982090296137607
73.58;-3.210136277940741;-6.894561078682745;-0.0306877973782907;-4.48610517931226e-07;-3.158740352239988e-06;-0.0601565725646438;0.9981889534387244
73.676;-3.21012013552231;-6.894497204505493;-0.03068779737220819;-4.496580457036917e-07;-3.1585231430467318e-06;-0.060490620296272946;0.9981687657134909
73.769;-3.2101039499262023;-6.894433341347652;-0.030687797365717258;-4.5070709098237735e-07;-3.158309637683758e-06;-0.060824657216416146;0.998148466443909
73.864;-3.2100877211609617;-6.894369489236145;-0.030687797359079817;-4.5175659697677e-07;-3.158092472145108e-06;-0.0611586832948418;0.9981280556358806
73.959;-3.2100768780056264;-6.894326927312648;-0.030687797353917842;-4.5245695393405333e-07;-3.1579458574382397e-06;-0.06138136130926685;0.9981143864676253
74.053;-3.210060577311117;-6.894263093672865;-0.030687797348064354;-4.535042660520467e-07;-3.157730060777743e-06;-0.06171536925273159;0.9980937897752006
74.149;-3.2100442334706325;-6.894199271152813;-0.030687797341501;-4.5455210807148855e-07;-3.1575109464420287e-06;-0.06204936627529022;0.998073081559992
74.244;-3.210027846492765;-6.894135459779595;-0.030687797335161568;-4.5560250515250633e-07;-3.157296740319591e-06;-0.06238335234792975;0.9980522618278355
74.338;-3.210016897879876;-6.894092925070226;-0.030687797330914875;-4.563017220137654e-07;-3.1571509120200093e-06;-0.06260600363122254;0.9980383200554735
74.432;-3.2100004390255927;-6.894029132335796;-0.03068779732415599;-4.5735119742156947e-07;-3.156932226342196e-06;-0.06293997138679348;0.9980173144748813
74.528;-3.2099839370571823;-6.893965350821136;-0.030687797318258207;-4.5839676373874866e-07;-3.1567114609803863e-06;-0.06327392811240737;0.9979961973930818
74.62;-3.209967391983205;-6.893901580553442;-0.030687797311997736;-4.5944683166025413e-07;-3.1564960168595696e-06;-0.06360787377900885;0.9979749688159214
74.715;-3.2099563379907368;-6.893859073303692;-0.030687797307247397;-4.6014345401267286e-07;-3.1563438793087717e-06;-0.06383049806374863;0.9979607544922594
74.809;-3.209939721093712;-6.89379532184194;-0.03068779730031864;-4.611957999047845e-07;-3.1561272112240714e-06;-0.06416442523143837;0.9979393401026665
74.904;-3.209923061114613;-6.893731581700226;-0.03068779729415707;-4.6224290719504845e-07;-3.155909129201113e-06;-0.06449834125982434;0.9979178142334957
75.0;-3.209906358062116;-6.893667852905569;-0.030687797287445535;-4.632920210098145e-07;-3.155686501569727e-06;-0.06483224611890716;0.9978961768906646
75.095;-3.2098896119451443;-6.893604135485795;-0.03068779728113041;-4.64341066988729e-07;-3.1554667315504975e-06;-0.06516613977932213;0.9978744280800513
75.19;-3.2098784239467495;-6.893561663538538;-0.03068779727706314;-4.650391278944179e-07;-3.1553195607621225e-06;-0.06538872931650692;0.997859866949363
75.281;-3.209861606075171;-6.893497965137148;-0.03068779727028357;-4.66086340261489e-07;-3.1550943874333223e-06;-0.06572260424515389;0.9978379323723182
75.378;-3.2098447451625907;-6.893434278183041;-0.03068779726439166;-4.671350886425187e-07;-3.1548762136774867e-06;-0.0660564678957159;0.9978158863432526
75.472;-3.209827841217908;-6.8933706027037305;-0.030687797258133982;-4.681845719714312e-07;-3.1546563593301504e-06;-0.06639032023745368;0.9977937288681452
75.566;-3.20981654801916;-6.893328158772612;-0.030687797253774796;-4.6888144440273055e-07;-3.1545050062260064e-06;-0.06661288216745352;0.9977788953065576
75.659;-3.2097995723739934;-6.893264502478768;-0.030687797247066828;-4.6993171462646985e-07;-3.1542829293799983e-06;-0.06694671559458978;0.9977565521012263
75.754;-3.2097825537205043;-6.893200857732292;-0.03068779724127366;-4.7097730975318247e-07;-3.154059881494187e-06;-0.06728053763288486;0.9977340974656825
75.849;-3.2097654920675978;-6.893137224560872;-0.030687797234976347;-4.720254996841602e-07;-3.1538360110322818e-06;-0.06761434825235994;0.9977115314058664
75.944;-3.209754093748169;-6.893094808890531;-0.030687797230050693;-4.727253108631043e-07;-3.1536863182795214e-06;-0.06783688230671928;0.9976964254665519
76.039;-3.2097369604494195;-6.893031195071315;-0.03068779722450963;-4.737737330708678e-07;-3.153464754558772e-06;-0.0681706738283391;0.9976736737128135
76.134;-3.209719784175088;-6.892967592899697;-0.030687797218758972;-4.7482006741862496e-07;-3.15324238254682e-06;-0.06850445385085067;0.9976508105506798
