29.72;0.00020420961629869638;0.0005586889362472746;-0.0013229387612208022;0.01254124984424946;-0.01693224886673438;-0.00793414226378446
29.766;0.0002043331857154868;0.0005586423938703526;-0.0013229398541859839;0.012537472110551978;-0.0169350256328428;-0.007934120808482555
29.866;0.00020470403345500203;0.0005585033282038466;-0.0013229382275381587;0.012526144548406455;-0.016943373781220662;-0.007934058562610941
29.96;0.0002049511594326833;0.0005584102927129519;-0.0013229386438316775;0.012518591207388135;-0.016948932742789222;-0.007934016878645277
30.057;0.00020532178059336963;0.0005582706450052896;-0.00132293888726543;0.012507245125122569;-0.01695726736257966;-0.007933954743685818
30.154;0.0002056923105322833;0.0005581307619637579;-0.0013229389229316296;0.012495901346502206;-0.016965589092247678;-0.007933892257528096
30.247;0.00020606277184490886;0.0005579907337936788;-0.001322936549882098;0.012484550061925653;-0.01697390745377167;-0.007933830324911599
30.339;0.00020630966569484116;0.000557897186032449;-0.0013229365006171695;0.012476983496805424;-0.016979445468582682;-0.007933788749861398
30.423;0.00020667987946367471;0.0005577564720596665;-0.0013229381678769342;0.01246561886848323;-0.016987749193753548;-0.007933726752548992
30.521;0.00020705002885408803;0.0005576156959940557;-0.0013229376993339472;0.012454247727484984;-0.016996040771936505;-0.007933664564596652
30.611;0.00020729675726129207;0.0005575217563384832;-0.0013229368774600164;0.012446672679351777;-0.01700157054761845;-0.007933623648587618
30.704;0.00020766674758861364;0.0005573805452728367;-0.0013229372929260167;0.012435297881979931;-0.017009857218083353;-0.007933562252583128
30.801;0.0002080366390357027;0.0005572391761081397;-0.001322936122747252;0.012423916036423408;-0.017018126581992983;-0.007933500214769563
30.896;0.00020840640416995457;0.0005570973942375526;-0.0013229366697106516;0.012412529586243412;-0.017026398592506098;-0.007933439094072878
30.988;0.0002086528899971054;0.0005570028976935222;-0.001322936801026747;0.012404938180473526;-0.017031910234476606;-0.007933398500243686
30.988;0.00020902249589007152;0.0005568607665899415;-0.0013229371371611932;0.012393541194460301;-0.017040171153159655;-0.007933337718944234
31.176;0.00020939202672191318;0.0005567185069984253;-0.0013229356193221206;0.012382141035546695;-0.017048418368201593;-0.007933276587776152
31.27;0.00020976140832390478;0.0005565758500564688;-0.0013229368435446968;0.012370730447206333;-0.01705666367643026;-0.007933215989458576
31.358;0.00021000761927560878;0.0005564806540890907;-0.0013229360507776358;0.012363123280599186;-0.017062147082757453;-0.007933174925875652
31.452;0.0002103768545717155;0.0005563376868255602;-0.0013229345306575405;0.012351710916601075;-0.017070369669237487;-0.007933113717847195
31.547;0.0002107460023936515;0.0005561945073095221;-0.0013229344570092586;0.012340290321414314;-0.01707859333789172;-0.007933053334809684
31.638;0.00021099202718305996;0.0005560988531586437;-0.0013229339633048917;0.01233267996133412;-0.017084067464852706;-0.007933012768068782
31.729;0.000211360971633444;0.0005559551706955844;-0.0013229357026388587;0.012321242953799915;-0.017092283027474467;-0.007932952944217898
31.823;0.00021172982296758573;0.0005558112836444644;-0.0013229347827001798;0.012309802860791547;-0.01710048019178711;-0.00793289240616479
31.913;0.00021209858462464397;0.0005556672073121919;-0.001322933315432551;0.012298365309786606;-0.01710866460425568;-0.007932831517311226
32.004;0.00021234433582911685;0.0005555708909278733;-0.0013229343640347288;0.01229073559706256;-0.017114122476923992;-0.007932791420452773
32.098;0.00021271294171899423;0.0005554264438640807;-0.0013229331113656824;0.012279287925042643;-0.01712230439814849;-0.007932731571288541
32.191;0.00021308140801698945;0.000555281647740677;-0.0013229337793484617;0.012267830795417442;-0.01713047969198383;-0.007932671878584114
32.284;0.0002133270149293003;0.000555185054300884;-0.0013229325848233186;0.012260196949377635;-0.01713592245967857;-0.00793263187227326
32.373;0.00021369531041062263;0.0005550398770622323;-0.0013229316622364613;0.012248736674813828;-0.017144073572119937;-0.007932571421228713
32.47;0.00021406350143916549;0.000554894431380796;-0.0013229321868406924;0.012237261945365807;-0.017152226543539848;-0.00793251190213193
32.561;0.0002143088931849018;0.000554797260688892;-0.0013229327358453137;0.012229619007231815;-0.01715765710493567;-0.007932472159047405
32.653;0.00021467693096832724;0.0005546515152705222;-0.001322931099107331;0.012218131505834229;-0.01716579805365072;-0.007932412952198575
32.744;0.00021504480367530532;0.0005545052910150937;-0.0013229328766652419;0.012206649699792455;-0.017173922099745047;-0.007932352924900103
32.836;0.0002154126351352653;0.0005543590475840325;-0.0013229312709189002;0.012195168914722944;-0.017182044064016903;-0.007932293503416676
32.93;0.00021565777763398982;0.0005542613268182539;-0.0013229316867825979;0.012187496607976583;-0.0171874571280088;-0.00793225425557318
33.021;0.0002160253897835032;0.0005541145559325342;-0.0013229317267437523;0.012176006538299592;-0.017195556008215037;-0.007932194112099744
33.115;0.00021639291592346274;0.0005539675341100904;-0.001322932818960453;0.012164498349397377;-0.017203671259088355;-0.007932136140449042
33.208;0.00021663794363898183;0.000553869628999177;-0.0013229306483474328;0.012156832600567385;-0.017209079161777857;-0.007932097729381431
33.301;0.00021700527661999645;0.0005537222061754721;-0.001322929082959745;0.012145315377242429;-0.017217153502580174;-0.007932037678665372
33.392;0.00021737252760634863;0.0005535745926388213;-0.001322929614388723;0.012133800820292657;-0.017225241471515905;-0.007931979373558566
33.483;0.00021761727769849205;0.0005534759868410012;-0.0013229303399913677;0.012126110925622668;-0.017230616401343015;-0.007931939584883155
33.573;0.0002179843207214239;0.0005533278787171163;-0.0013229300894579883;0.012114590795061464;-0.01723867895755112;-0.007931880393709251
33.668;0.0002183513027647946;0.0005531796699177701;-0.0013229292706809993;0.012103054481520437;-0.017246741978660225;-0.00793182209898388
33.668;0.000218718179524761;0.0005530312166450338;-0.001322929310546621;0.01209152032047941;-0.017254806056256598;-0.007931764531726485
33.858;0.00021896265688047082;0.0005529319685991484;-0.0013229292818815774;0.012083826190019891;-0.017260157381110527;-0.00793172454069651
33.858;0.00021932935348962097;0.0005527830999046738;-0.0013229289974790587;0.012072279855809708;-0.017268202638189036;-0.00793166669319907
34.045;0.00021969593117195335;0.000552633944831843;-0.001322928778753121;0.012060740204522729;-0.017276236204561236;-0.007931608507010286
34.045;0.00022006240223929405;0.0005524845687063394;-0.0013229282136486295;0.012049173116695356;-0.017284261096485933;-0.007931550545651091
34.138;0.00022030663427205795;0.0005523847514060823;-0.0013229280124537072;0.012041466139193184;-0.017289600890074506;-0.007931511409618886
34.23;0.0002206729106604136;0.000552234918147105;-0.0013229274495709542;0.012029906484592415;-0.017297608683755294;-0.007931453112885902
34.322;0.00022103908418759748;0.0005520848213678343;-0.0013229284368622383;0.012018329634463571;-0.017305619486924346;-0.007931395868057836
34.414;0.0002212831496600661;0.0005519846658140462;-0.001322927877744041;0.012010621069298488;-0.017310947243912425;-0.007931356987803314
34.508;0.00022164914297807004;0.0005518341976224234;-0.0013229277091797913;0.011999032150024368;-0.017318938462434777;-0.007931299405330456
34.598;0.00022201507546889006;0.0005516836204532726;-0.0013229267758105095;0.01198745514488107;-0.017326931849343197;-0.007931242609071019
34.69;0.00022238084328927017;0.0005515326166389179;-0.001322927484226472;0.011975871135583412;-0.01733490507772344;-0.007931184853478655
34.783;0.00022262464656616735;0.0005514319129324553;-0.0013229262626137696;0.011968135059533511;-0.01734021076784952;-0.007931146090126592
34.877;0.00022299025306339755;0.0005512805564756962;-0.001322925921263174;0.0119565337824634;-0.01734817565037053;-0.007931088973117062
34.967;0.00022323390210395765;0.0005511794219757614;-0.0013229268279738608;0.011948793601256374;-0.017353478392373972;-0.00793105071037628
35.057;0.00022359935399934568;0.0005510277878804622;-0.0013229253586698267;0.011937192568009214;-0.01736142847036165;-0.007930993537680748
35.153;0.0002239646359659184;0.0005508757072935271;-0.0013229250216377822;0.011925576297666437;-0.0173693580583187;-0.007930935464719917
35.24;0.00022420814596089763;0.0005507742966188023;-0.001322925327815048;0.011917834629037812;-0.017374659283129364;-0.007930898333155093
35.328;0.00022457326714883145;0.0005506218462603569;-0.0013229254843722667;0.011906215171969043;-0.01738258772793853;-0.007930841324306154
35.425;0.0002249382928406473;0.0005504692215836751;-0.0013229248397949706;0.011894586452099707;-0.01739051032071324;-0.007930784618917816
35.519;0.00022530320231072695;0.0005503163246148972;-0.0013229240309757214;0.011882962785630963;-0.017398412022685973;-0.007930726844878166
35.612;0.00022554643924450755;0.0005502143575642943;-0.0013229230928221646;0.011875208168347494;-0.01740368613755287;-0.007930689278286333
35.704;0.0002259111523565469;0.0005500610064437853;-0.0013229241480309183;0.011863563110474583;-0.017411585010215593;-0.007930632550255584
35.798;0.00022627575284292912;0.0005499073989352283;-0.0013229245482095486;0.011851918167476508;-0.017419473980980864;-0.00793057570272573
35.893;0.0002266402871411037;0.0005497536898732786;-0.0013229223330190935;0.01184026563088855;-0.01742735458847496;-0.007930518996071471
35.985;0.0002268832494935615;0.0005496510867210554;-0.0013229226273790695;0.011832498532318301;-0.017432613716800997;-0.00793048194898711
36.077;0.00022724754834012634;0.0005494968347580284;-0.0013229233427000172;0.011820838989958199;-0.017440475839914912;-0.007930424827675515
36.172;0.00022761176786316697;0.0005493423948701533;-0.001322922789492105;0.011809167643254057;-0.01744834454380665;-0.00793036907766405
36.263;0.0002278545494771902;0.0005492393789808241;-0.0013229225906103588;0.011801400903550014;-0.017453591922542956;-0.007930332282377415
36.356;0.00022821858787337138;0.0005490845583439046;-0.0013229220853747774;0.011789716874592885;-0.017461439044036242;-0.007930276025568195
36.451;0.0002285824831662214;0.000548929415755932;-0.001322922305860349;0.011778048250363807;-0.017469275747467664;-0.007930219382147862
36.547;0.00022894632306638565;0.0005487741662490847;-0.001322920981000474;0.011766351321047645;-0.017477113527311124;-0.007930163859453991
36.635;0.00022918880377348352;0.0005486704873728548;-0.001322921851245492;0.011758576295621492;-0.017482333582986582;-0.007930126509425577
36.729;0.00022955241684390564;0.0005485147319880577;-0.0013229213249973909;0.01174687838346144;-0.017490148967723534;-0.00793007024068998
36.823;0.0002299159273408233;0.0005483587644111165;-0.0013229224604364843;0.011735176931565493;-0.017497968051744126;-0.007930014935550244
36.917;0.000230158220132004;0.0005482547016235081;-0.0013229209961355334;0.011727377655694872;-0.017503165854464812;-0.007929977257734921
37.005;0.0002305215722121785;0.0005480983804348026;-0.0013229213700756714;0.011715677678761178;-0.017510976827011346;-0.00792992242487353
37.098;0.00023088478147510484;0.0005479417809301646;-0.001322921209181876;0.01170396399574663;-0.017518760951852362;-0.007929866200164469
37.192;0.00023124788478665273;0.0005477849276262394;-0.00132291970924077;0.011692247055654956;-0.017526538186117827;-0.007929810150057885
37.286;0.00023148990972747982;0.0005476802624800329;-0.0013229194395752365;0.01168443758594048;-0.017531724403831207;-0.007929773245332998
37.378;0.00023185282969427504;0.0005475230265100908;-0.001322919509209356;0.011672705858601341;-0.017539498412632103;-0.007929718157307137
37.47;0.00023221565039643864;0.0005473655523101464;-0.0013229195566524569;0.011660982181588219;-0.017547267311924648;-0.00792966324633568
37.564;0.00023245743639370458;0.0005472603788034815;-0.001322918909419057;0.011653159026838538;-0.017552424849490433;-0.007929625313160238
37.658;0.000232820108328289;0.0005471026157313594;-0.0013229187307870756;0.011641419776413092;-0.017560192304030213;-0.00792957157338972
37.748;0.00023318261248047066;0.0005469444719094585;-0.001322918517474705;0.011629679314740998;-0.017567930935405866;-0.007929516133649239
37.843;0.00023354498694147895;0.0005467860502837822;-0.0013229184499387243;0.01161792464307487;-0.01757565458402323;-0.007929460278668542
37.936;0.00023378656938850487;0.0005466804497635781;-0.0013229176957959808;0.011610097481105214;-0.017580818771115187;-0.007929424581312391
38.033;0.00023414877406951714;0.0005465216682818827;-0.0013229166515189874;0.0115983418477013;-0.017588535329171134;-0.007929369288002822
38.127;0.00023451085780539733;0.0005463626323642356;-0.0013229172847472688;0.011586576975363291;-0.017596243061326743;-0.007929313998481628
38.221;0.00023487285787996724;0.0005462034171794567;-0.001322916001372328;0.011574811875891747;-0.01760395406444683;-0.007929259689351681
38.315;0.00023511409933322857;0.0005460970460486319;-0.001322918125042179;0.01156696396663875;-0.01760909115051003;-0.007929223534177044
38.407;0.00023547592681853196;0.0005459374960589366;-0.0013229156501583237;0.011555185991231136;-0.01761677195223242;-0.007929168049473946
38.494;0.00023583756755228541;0.0005457774875245886;-0.0013229168051500427;0.011543406387515134;-0.017624458271359354;-0.007929113564072738
38.591;0.00023607862601527542;0.0005456707368498992;-0.0013229173783482371;0.011535551600809726;-0.01762957901456498;-0.007929077371454905
38.687;0.000236440158774655;0.000545510588564347;-0.0013229157407640376;0.011523759629702118;-0.01763725068904;-0.007929023018761087
38.779;0.00023680154104704557;0.0005453500439514274;-0.0013229159046902826;0.011511966566351714;-0.017644919697702502;-0.007928969077062625
38.873;0.0002371628155402219;0.0005451893013195615;-0.0013229151470167703;0.011500166831560937;-0.017652570400844354;-0.007928914399318641
38.966;0.00023740358057452863;0.0005450819457007935;-0.0013229149557712407;0.011492300112748717;-0.01765766713342011;-0.007928877989752343
39.06;0.00023776464572352983;0.000544920737615738;-0.00132291528454782;0.011480493583220439;-0.017665303203801982;-0.007928823261251588
39.152;0.0002381256499972706;0.0005447594512576251;-0.001322914079807328;0.011468676754916727;-0.01767294792160204;-0.007928770054050821
39.246;0.00023848648693777788;0.0005445977444742415;-0.0013229148547446948;0.011456861695968972;-0.01768057951047924;-0.00792871635609317
39.339;0.00023872699781606405;0.0005444899022693313;-0.0013229141052671165;0.011448981590609798;-0.017685657718030042;-0.007928680205093797
39.434;0.00023908760639009365;0.0005443277345442053;-0.0013229147120930207;0.011437154932879027;-0.017693256157306034;-0.007928625018119499
39.527;0.00023944819273926792;0.0005441655386777785;-0.0013229137560813269;0.011425328718928377;-0.017700874951287936;-0.00792857220710802
39.62;0.00023968853709540133;0.000544057341314685;-0.0013229119766665423;0.011417434118084895;-0.017705944264623186;-0.007928536717284048
39.713;0.0002400488737599791;0.0005438946361791437;-0.001322911819279732;0.011405598973636617;-0.017713527226976587;-0.007928482132834062
39.809;0.00024040909547406265;0.0005437316671350097;-0.0013229115558189765;0.011393755545281747;-0.017721114093308395;-0.00792842861575396
39.904;0.00024076922176176715;0.0005435685294975783;-0.0013229111580003732;0.011381903428971598;-0.017728683713330782;-0.007928374466216317
39.994;0.0002410092515393903;0.0005434596491118031;-0.0013229111952388418;0.01137400123309401;-0.01773374096801726;-0.007928339614013005
40.086;0.00024136914457043913;0.0005432959928894439;-0.0013229119263879529;0.011362151091904502;-0.01774129451206375;-0.007928285173058247
40.179;0.0002417289708019265;0.0005431322190995428;-0.0013229118489754776;0.011350286090437579;-0.01774885413403624;-0.007928232092173755
40.274;0.0002420886763355826;0.0005429682271215811;-0.001322910025163634;0.011338425853321427;-0.017756396780553536;-0.00792817825114044
40.367;0.00024232840095360605;0.0005428586927155993;-0.0013229107682999602;0.01133050630873476;-0.017761427931389368;-0.007928143053318884
40.461;0.00024268796067660253;0.0005426944187391239;-0.0013229090723947121;0.01131861889806037;-0.01776896617807903;-0.00792809028667537
40.556;0.00024304731947548454;0.0005425296541876866;-0.0013229098667645362;0.011306741519286184;-0.01777649198977146;-0.007928036943936229
40.651;0.00024340656619915258;0.0005423646833126524;-0.0013229090928015851;0.011294863448826107;-0.017783994223298124;-0.007927982377604748
40.743;0.00024364598062481861;0.0005422545033650219;-0.0013229113465714091;0.01128693982948501;-0.01778900864909892;-0.007927947396752762
40.835;0.00024400508892836892;0.0005420892794946979;-0.0013229100319892312;0.011275038202141123;-0.017796517074221595;-0.007927894731582646
40.93;0.0002443640430430077;0.0005419237150949474;-0.0013229090473566235;0.011263147682758974;-0.017804003987520203;-0.007927840804220484
41.02;0.0002446032873350198;0.0005418131987949864;-0.0013229099875778556;0.011255213436491628;-0.017809005212852745;-0.007927806079190252
41.109;0.00024496207699354423;0.0005416473273269075;-0.0013229081786680242;0.011243307518400055;-0.017816486323851778;-0.007927752975042831
41.203;0.00024532073029331507;0.0005414811516832792;-0.0013229076956510872;0.011231398082095969;-0.01782396212889877;-0.00792770008816953
41.297;0.00024555976349406925;0.0005413702429443099;-0.001322907117702033;0.01122345208336932;-0.017828937298958444;-0.007927664563411787
41.389;0.00024591821597982856;0.0005412036577347432;-0.0013229075762903777;0.011211535529493824;-0.017836404389555822;-0.00792761210098566
41.484;0.0002462765276719443;0.0005410368106206925;-0.0013229061368854227;0.011199606945476772;-0.01784384229023456;-0.00792755809174214
41.579;0.00024663476357010626;0.0005408697733937573;-0.0013229071386378886;0.011187672703809855;-0.01785130209617177;-0.007927506554867793
41.671;0.00024687350003540484;0.0005407582311153736;-0.001322906225646886;0.01117971876472404;-0.01785625513425616;-0.00792747091421454
41.76;-0.004947565308201886;-0.002707071104519373;-0.0009675252150139677;0.01173012829991836;-0.018299440898037717;-0.004653507448793012
41.855;-0.04453228539190063;-0.025215429301981056;-0.0011714155063882784;0.011432026577695303;-0.01907450165988909;-0.018287708860502357
41.943;-0.07139463752055915;-0.040042111466353884;-0.0011630183083061404;0.012826959653953925;-0.01768942196756004;-0.03500793247717628
42.032;-0.11567394735874936;-0.06490429179347604;-0.0011535386632500443;0.011186522239455878;-0.019351614372093543;-0.022010020917342627
42.124;-0.15955815194355125;-0.07980152492782597;-0.0009333334771330349;0.009840391821462437;-0.005735200080660971;-0.018793249956734162
42.205;-0.18965348375935576;-0.08216017162235818;-0.0019234675096328915;-0.018438186108929836;-0.0065589087885543655;-0.0062353666070333125
42.299;-0.22144614571615895;-0.07682308545044435;-0.0019009231249132643;-0.017343836008537134;-0.005330152469416855;-0.02216561597851129
42.382;-0.24691291002327118;-0.0689812016097141;0.0019081102363122193;0.014118245417802688;0.006481924024560132;-0.04111091507114455
42.471;-0.2771397909815862;-0.06059961833343604;0.0017923015152333873;0.01574949270826616;0.0053911551463633614;-0.062263796491658197
42.566;-0.30075496122905954;-0.05081207905475487;0.001802237487552114;0.015946135030694197;0.005348843179543486;-0.0666032471030907
42.656;-0.33246700536384793;-0.04103570396601517;0.0017965521982349448;0.015977108551147947;0.0053552386428453395;-0.07283142158856863
42.734;-0.36589710257024544;-0.030209533036145354;0.0021327736430065214;0.01786973193718526;0.0027105092761090213;-0.07968955363197502
42.83;-0.3768626835884695;-0.029070957435736046;0.0019422347506111843;0.016464114580525498;0.005326220486238867;-0.08141581504174347
42.92;-0.38251273105204114;-0.02888194906440868;0.001967879918384954;0.016264179502064907;0.00513932477276696;0.0016341557119330372
43.004;-0.38432573371214274;-0.029035157907671694;0.0019689323246328315;0.016255548701968214;0.005163926816156886;0.0016196853940065577
43.086;-0.3852937682033045;-0.028495585267698527;0.001966389192383233;0.016213407347507397;0.005174046083650318;-0.00993104288756919
43.181;-0.38549748247030696;-0.028428739405061614;0.0019699254999717866;0.016261355280789026;0.0051504006075909;0.0017292921575203575
43.271;-0.3857265568211767;-0.028481484074669897;0.0019699879517759483;0.01625943672982224;0.0051547972694748;0.0017009654945465149
43.358;-0.3786666447043182;-0.048849454930802096;0.0068610323715412045;-0.009727108131110834;-0.0010088310129966773;-0.1021426737091312
43.452;-0.33855793783737503;-0.09426255348307783;0.006919290179545555;-0.009266308435871376;0.0015147202939138544;0.05059653384144871
43.534;-0.2214115401207143;-0.1897524522056734;0.0027042391528054105;0.01829176008170603;-0.008944018582145429;-0.007029302083299655
43.603;-0.1161252054225378;-0.2298167001979;-0.0017451761242605337;-0.008500814173196381;-0.02055318868326002;-0.04096087452238722
43.692;-0.0715303842167306;-0.24543897839813658;2.6108447542730795e-05;0.004106901365514592;-0.02061211789334585;-0.008389321179537584
43.789;-0.05211007012012943;-0.27329399649399005;1.570105032285262e-05;0.0038844484729167366;-0.020588131943129775;0.009166168332747271
43.879;-0.026810614844275472;-0.3169745751627283;4.3408117658466075e-05;0.003868168827672808;-0.020346703781827312;0.030256334319418862
43.97;-0.008329661106959835;-0.35456763594520346;-7.488454504032548e-06;0.0035761769149728;-0.02056449792594309;0.03603633748689522
44.065;0.0012087485344267328;-0.36454618877160544;-1.025078575085165e-05;0.003463891851111116;-0.020728624750579655;-0.2038623372311064
44.149;0.0060773427983210095;-0.3709152017899028;-0.001361289065416829;0.011123485861239565;-0.02057253034327636;-0.38703096799179404
44.237;-0.0038309420672609194;-0.37427066619879445;-0.0012798067655464145;0.010204144712290033;-0.020484905082480635;-0.3946161159286826
44.331;-0.045638986116894584;-0.37890613947535573;-0.0014443503134540833;0.00963246040639545;-0.012028469977427795;-0.2323445193056471
44.416;-0.14376057558747332;-0.3568624667303459;7.446792119256184e-06;0.009630250419272412;-0.005351463572543818;0.11703130984796038
44.507;-0.15132473096087254;-0.3603990597272871;1.92059901006292e-05;0.002220574082066106;-0.018554063097656556;0.29513021520675403
44.595;-0.14645250287917694;-0.36684419596982903;-5.475443450983031e-05;0.0021260555491040855;-0.019280381406552197;0.3986800030589848
44.685;-0.13229238186809972;-0.3749487272358056;-0.0018072036979716463;0.006359657415857625;-0.02002346642222578;0.41426732777174485
44.775;-0.12549774390601887;-0.3797188093149083;0.002026093896999244;0.015612219543778396;0.0016248249335805804;-0.05393689610357766
44.866;-0.12874991224830148;-0.37776742665140367;0.001998650049259092;0.01614470554288643;0.0026066575093788113;-0.12710943637730676
44.955;-0.13244102233583402;-0.3725564669729428;0.0019199318829031778;0.016233405489265898;0.0033709387095757957;-0.2733456321045533
45.049;-0.14252054919543491;-0.36507899199891586;0.0019139085679263815;0.015515337058122247;0.0009011160487811463;-0.3705014365863915
45.136;-0.15657696453150385;-0.3541309339309979;0.0018984999969516834;0.016203965672166764;0.0017998930241782476;-0.4699878588559912
45.221;-0.16974105274244575;-0.35149461867957416;-0.0007838684131283631;0.005516689641778028;-0.028487098512835204;-0.43210942384733436
45.305;-0.17925083212983092;-0.34765616963931395;-0.0012598341725842197;0.007330020575997891;-0.021083964080930353;-0.3936862485453492
45.396;-0.1879613292717613;-0.34803132111592805;0.00010781994007461103;0.0010787362011021415;-0.018530351693833755;-0.18027978088659843
45.489;-0.1962216382423775;-0.3462900852752541;1.1715896226243425e-05;3.7734988941479364e-06;-0.019235381976082006;-0.04363957188170501
45.572;-0.2005696410788206;-0.3444917896159133;-0.001399333278000668;0.005850774257446281;-0.02256207214234318;-0.05361149905954966
45.664;-0.20313172552526446;-0.3415184432633215;-0.0014353707213947326;0.005393063875076894;-0.022746388926359017;-0.1680967663847329
45.757;-0.2099414267782755;-0.334750226980967;-0.0013081196117678596;0.0059368324213032;-0.021370960457965275;-0.266041260458316
45.841;-0.21604710733332858;-0.3310777430786866;-0.001310734844717222;0.005568754388433526;-0.021454310571026907;-0.2661542215751015
45.916;-0.2223739822719362;-0.32894208853032714;-0.0013172271427961753;0.005312759363934525;-0.021191946793400328;-0.20387164319625303
46.016;-0.22857293435601514;-0.3262326841619942;-0.0013202426839369948;0.004958070919240046;-0.02118256076599312;-0.14199962964002497
46.108;-0.23027836042833133;-0.32597283855153125;-0.0012743481059118897;0.004760870255933305;-0.020680679242336474;0.0073421394505668045
46.195;-0.23015306425051774;-0.3264415308959332;-0.0013835779293179117;0.004343754612913493;-0.021677724033436287;-0.009764536255390836
46.287;-0.23038741181392192;-0.3263964634264771;-0.0013333215842923686;0.004979938121742683;-0.02063426170502813;0.0074010313263497725
46.375;-0.2319999998893875;-0.32196788437797774;-0.0006829869890369045;-0.001569940810197243;0.024291747250303353;-0.17055200467768575
46.464;-0.23856401784521084;-0.31606374674799703;-7.663778654334679e-07;0.002944465760877093;0.020224237150925032;-0.14905841137985615
46.555;-0.24167126437089037;-0.3134447060478704;-1.064194058238041e-06;0.0031509394287100954;0.020195578412656578;-0.14899522768548235
46.642;-0.2461035759601309;-0.31089596188650975;0.0011716423850786962;-0.00476650590415591;0.01968827995882013;-0.16207057055185392
46.735;-0.25018643549100844;-0.3093435130482167;0.0013193777381477136;-0.0034914215416159246;0.021476525636247728;-0.1393667794533238
46.827;-0.25387517320336156;-0.30716804773693057;-5.416107533722192e-05;0.0036486490539874156;0.020987299377282685;-0.09609376850372951
46.915;-0.25749947060378764;-0.3030307271632074;0.002126194121960816;-0.001833693339775442;0.02027322140981986;-0.1176865020698922
47.006;-0.2602229042845688;-0.30117009884594426;0.0012990994751126495;-0.002825840529280175;0.021681638425295528;-0.13960190890855678
47.091;-0.2617978012492395;-0.29893281025672647;-0.001964306525797303;-0.018769092743859156;0.0010441275642181118;-0.12293304445316994
47.181;-0.26517787455137243;-0.2978238139416923;-0.0019548879243117823;-0.017313464643695823;0.002235836118998833;-0.0974445219366111
47.271;-0.267513726522164;-0.2892630978828946;-0.0018621772186354678;-0.015095383905711236;0.0044645661934958145;-0.30183223355847577
47.351;-0.27101507701178507;-0.2792700606317682;-0.0018044417208581468;-0.014579980797712064;0.0050819575014269276;-0.42079661113047107
47.431;-0.27814774618416954;-0.2627424505837372;-0.0003970564300118841;0.00520591225251531;0.023418247469011475;-0.5060552287973477
47.516;-0.29039992014069815;-0.252409028921142;-0.003937783930008842;-0.021904334234951108;0.005594078825989553;-0.4897795244058369
47.605;-0.30141955766597367;-0.23565466625567122;-0.0018695625578395755;-0.015042505506793457;0.006053844951464092;-0.5381006029643265
47.687;-0.30947383661054373;-0.2361591739655869;-0.0006844253306481066;0.005080574141933842;0.018658388225682783;-0.33446805348322434
47.783;-0.3268532968848419;-0.22584871779178237;0.001196633343463468;0.0036904315092931494;0.019472737819899052;-0.1363369446700881
47.783;-0.3259394107544804;-0.2284250892410106;-0.0004040756324362614;0.006946737955469453;0.017649492742751034;-0.016743317736908594
47.953;-0.3310009349421749;-0.22005522658245694;-0.0019559306789877157;-0.015920270714935035;0.006624828297747357;-0.15826468524553283
47.953;-0.3315693691259554;-0.2211189838798333;-0.0002053311859444106;0.009456089674627606;0.020569904062503665;-0.05214679687158451
48.034;-0.33502176975913656;-0.2172864373113832;0.001311466231130192;0.0019208818870245093;0.02052491055200049;0.02666738268628768
48.115;-0.3347050070025635;-0.21807036102763167;0.0013324774787596627;0.002989056644164296;0.020967472193119934;0.038477179445627646
48.209;-0.33223638266571665;-0.22193389944267877;-3.626184482697099e-05;0.009242214662405967;0.01756496632593073;0.14181799630583988
48.297;-0.33175310605016456;-0.22455075687623086;0.0012348341979899213;0.002986173314177423;0.020587277231403356;0.037735359193442654
48.387;-0.3291866711517587;-0.22729545097229065;-2.092883769570252e-05;0.009035237717662339;0.017738041814079664;0.1393644987775815
48.477;-0.3292680280284277;-0.22664657341162;-0.0019180491311178215;-0.016539118416210342;0.005899688711052483;-0.008504143743690878
48.567;-0.32973910342475893;-0.2262484591020951;-0.0019619492388064106;-0.016487937555445264;0.006245133445609999;-0.03805452210471863
48.655;-0.3305751412769093;-0.22336382347698405;-0.0018938216571467179;-0.01429966148381339;0.007389331742276182;-0.12855044609797023
48.746;-0.32912044952568775;-0.2241179812223376;0.0013613350765148996;0.00233324911671534;0.021205584291850314;0.09515126345877616
48.835;-0.3265992348843165;-0.22898172965027763;-1.3317079375964373e-05;0.008920299914371209;0.017739554703222957;0.19532982213847241
48.927;-0.3249743541121124;-0.23552388131287466;7.392795084288636e-05;0.008994107210809477;0.01799496065652878;0.20792644864831247
49.007;-0.32074269773383673;-0.24060219340470487;8.943676611017796e-05;0.008775435433342126;0.01810269005250994;0.26341711056413786
49.096;-0.2796229916313235;-0.25466543312170475;0.0015126257690919196;-0.003161819456761842;0.028542780332473622;-0.12885172980624787
49.188;-0.2941575558077053;-0.2271819874463411;-8.526550972726539e-05;0.007811182667776152;0.01858955234177222;0.07816858229005494
49.27;-0.30311947379042165;-0.24328822241254558;-1.4479813796097047e-05;0.007755201309818014;0.018296305021197785;0.2816493567895155
49.361;-0.3031392238545637;-0.2533133811013787;4.52171883300919e-05;0.00759521211849816;0.018330079420971944;0.3636864290011372
49.44;-0.295819740371151;-0.266224295688928;0.00011116847956613408;0.007209636542293774;0.018618947382803598;0.4202637754740112
49.524;-0.2921418838655218;-0.2747130873741534;0.00020746200906487968;0.0072288616831556575;0.019056829172599876;0.37385798544832166
49.609;-0.2822051566934635;-0.28590306910073415;0.001256322649952003;-0.0013349951775030195;0.020357217936258172;0.20572905907224107
49.703;-0.2772176382219077;-0.2883012978371185;0.0013650649327017258;5.433185986684354e-05;0.021935381509771496;0.1729300473712815
49.787;-0.2695803275272525;-0.2941518609353064;-6.682174896066828e-06;0.004896424763814868;0.019169474258605525;0.2513758637840057
49.863;-0.26824044774798494;-0.2984619339140288;0.002015358229978841;0.00016885898492708843;0.020334725225312673;0.19046899677203874
49.956;-0.2610090312739182;-0.30295662264657564;2.4879172961943437e-05;0.004440149003305466;0.020621826683119654;0.13775188681089048
50.047;-0.2569071847502015;-0.30607484462587975;-8.454976156139127e-06;0.004050375501503696;0.01935286058532288;0.24617253803746936
50.126;-0.2510887324992826;-0.31324791725035517;8.003399286800772e-05;0.0039347235264762985;0.01965029934174964;0.26313911623563746
50.219;-0.2446839655965115;-0.3184576705746668;-0.0011521497427956465;0.0034680591760295775;-0.020513759639462843;0.0919854564620749
50.306;-0.23958465332955745;-0.32071368998260125;-1.4822589928796678e-05;-0.0026854252472949783;-0.01930308770670039;0.19379930813444135
50.389;-0.22996593680183441;-0.3259517141941948;-4.8469658008016875e-05;-0.0023543598491390376;-0.019214119830896503;0.34777490541480466
50.481;-0.21718986106319105;-0.3298407576851663;-2.7304255055702573e-05;-0.0015176737473109752;-0.01855434569334126;0.4872705482600114
50.562;-0.2059870235667618;-0.34204025806257204;-0.0018114467911836498;0.002230126754467001;-0.020825683982416153;0.41443756195933995
50.644;-0.19993501064264005;-0.34754853659473206;0.0019946525879235826;0.01789322528232964;0.002415398339739205;0.18924375747338218
50.735;-0.1922591151345032;-0.34960076078467567;0.0019746450058719467;0.018014109604444127;0.002569535770404897;0.1900181561518379
50.829;-0.18679000203632076;-0.35229827801434754;0.0020018679964984207;0.015787199167963402;-0.002654728378714545;0.08315405421095652
50.904;-0.18652325203842107;-0.35328480938567786;0.0005250339852716651;0.0019821359094809193;-0.02369780862302559;0.03818241808951657
51.0;-0.18156348359823932;-0.35502391580385706;4.4580075668418075e-05;0.0010478431103425443;-0.018703960399020902;0.20682697508402342
51.08;-0.1786112351909458;-0.35982268598117617;-6.453752505422352e-05;0.00045743765957628307;-0.02005264366863222;0.20508979425432278
51.171;-0.17476577041457403;-0.36244150108388834;-5.427826898777942e-05;0.0007497712911621327;-0.020075870491768604;0.14857712389859123
51.266;-0.16995860404499627;-0.3632199891813177;-0.0014234039212052054;0.009071158415278554;-0.019888953344536078;0.006696227414438347
51.356;-0.16927843265206768;-0.3624564682789602;-0.0013333513809233454;0.008550616644093326;-0.01947333473128267;0.0073042507532974634
51.443;-0.16897523306239168;-0.36234539488970924;-0.0013317089563348473;0.008559377929446157;-0.01947324951955788;0.007303499157922958
51.535;-0.16861174953246066;-0.36237290016647267;-0.001331217287205778;0.008575718799522552;-0.019468115862451278;0.007303598228698333
51.617;-0.16515505198368685;-0.3636759526056726;-1.5351246950773506e-05;0.0014963514767307009;-0.019571009343144354;0.16200549715833323
51.712;-0.15915862816226803;-0.36788793333272124;-0.0017716449990765994;0.005549067809258114;-0.018891432055006555;0.19394341893615402
51.804;-0.15316156039672416;-0.36897214320189375;0.0019338362994895631;0.01655777110306035;-0.003930933157326781;0.060583140769902025
51.885;-0.1509958038171593;-0.3699770048576768;0.0005193900438782843;0.004280613940273774;-0.02326854485379961;0.04047295245937009
51.984;-0.14644240531554675;-0.37206936177348443;-1.7598474547818863e-05;0.0024722488614972505;-0.01932266130533568;0.2140852909997979
52.067;-0.1373998595847459;-0.37617505006866764;-9.380365689366313e-05;0.002496860771261348;-0.01990363251494152;0.3146736601923807
52.16;-0.1295855744369421;-0.3798277655983821;-9.744445739132124e-05;0.0029032768318814324;-0.01985545038498526;0.3155278531617602
52.242;-0.11862432465127659;-0.3820446507307214;-4.738046444092804e-05;0.003674183116164499;-0.01893572823950501;0.3617929140427564
52.326;-0.09923070591360375;-0.38260735132315654;-3.227792294008757e-05;0.004507087392336611;-0.01801465964026437;0.5062955429532371
52.412;-0.08461506399102413;-0.39055803230709285;-0.0018133903087247409;0.008823640705298704;-0.018983706138797334;0.41490105738297345
52.504;-0.07762485655199403;-0.3941130021799759;0.0021724511222883107;0.015763725418409067;0.004566351504281947;0.1126614827483828
52.599;-0.07408038744675546;-0.39366217431224587;0.002048674416673445;0.01586267368859732;0.005477868134573928;0.04614475994573413
52.689;-0.07312882804425791;-0.3929472352532241;0.0020903974653348123;0.015377542727969618;0.003007870305152692;-0.04440636709633269
52.775;-0.0751427759236329;-0.3923101644535983;0.0019521053058183034;0.016047803641322907;0.006998780408388834;-0.0954606282739996
52.868;-0.07902729139353677;-0.39169964382181743;0.0019484393880965143;0.016081410609600593;0.006827874185070487;-0.09529119637557461
52.95;-0.08052139946600684;-0.3913398765499732;-0.0016750762658362007;0.014053100458425007;-0.01554944010543957;0.027123725196764408
53.041;-0.07884089150820493;-0.39239169631926013;-5.445046527374265e-05;0.005765608884147326;-0.019476173801571548;0.09089708468433756
53.125;-0.07468008173816995;-0.39388822877179186;-0.001740128583383688;0.00976926148186108;-0.016406512694996805;0.042399265613928164
53.215;-0.0740550061108376;-0.3928000399209674;-0.0014815899279137235;0.01261738446067523;-0.020292126871892812;-0.04310093553345667
53.306;-0.07711135912410416;-0.3917186650144426;-0.001324116990700133;0.01305206655112688;-0.017148838399096786;-0.08138668246652671
53.385;-0.07924474272764356;-0.3912756933643872;-0.0013235385262335788;0.012957576163623636;-0.017221826061565946;-0.08138740847144127
53.48;-0.08101873989983552;-0.39093213749598177;-6.325833446539156e-05;0.005585793397367859;-0.0193145710170791;-0.035852585164808146
53.574;-0.08411745606180017;-0.3903012067523904;-2.494189970143998e-05;0.005670075751584794;-0.01954410359049565;-0.028833862127377152
53.659;-0.08434189274879453;-0.3907387976961445;-3.113182554161944e-05;0.0056212242905148615;-0.019533519086250072;0.001533902351066051
53.747;-0.08320628383969346;-0.39065372081971195;-0.00174779960563797;0.009412183136701873;-0.016864513554821135;-0.045444708439986645
53.838;-0.08385641990638835;-0.39028760836033277;-0.00011855542731584698;0.005027870902901167;-0.019221240041907294;-0.038457480941902544
53.932;-0.08575246068024633;-0.39001973597733;8.879004988510521e-06;0.005719279653902581;-0.019080215597339672;-0.0023376417682216093
54.018;-0.08695369229194246;-0.38938042759836095;-0.0014203038985411047;0.013226697185153846;-0.017719065535407558;-0.08140363870146307
54.105;-0.08617717370281049;-0.3897004513187006;-3.4647155279518636e-05;0.00544297016792423;-0.018903004355025753;-0.009236953790139339
54.193;-0.0899536646385624;-0.3895265619877704;-3.139147153597812e-05;0.005338528553418715;-0.01961531103002366;0.0016047509453021682
54.282;-0.08989324198382145;-0.3896428599830017;-3.1582013491045056e-05;0.0053415225186727675;-0.019612424888310456;0.0015967824036991626
54.373;-0.09062753291206936;-0.38898270942396396;-2.566753072686092e-05;0.00533985087615796;-0.0196427943451202;-0.028672327476815893
54.465;-0.09093937799764283;-0.389164079328738;-3.65555029853741e-05;0.005267265038151637;-0.01969007605036912;0.002098768467519659
54.551;-0.08971092715259883;-0.3891916072739044;-0.0017477413370607859;0.009129657358581324;-0.01702124140367528;-0.04546964319661372
54.644;-0.0927451162762603;-0.38822110080671934;-0.001321746952856475;0.012329157442312236;-0.017649427525703792;-0.08138850686345615
54.732;-0.09345855489924304;-0.3881165264728305;-6.306647603189424e-05;0.004966908830929503;-0.01948062793135904;-0.03582792309507417
54.819;-0.09690638579528209;-0.38731036186526036;-2.5242090459662547e-05;0.005022323449044218;-0.01972505626981378;-0.02871755908772791
54.91;-0.09713632053707291;-0.3877535249872453;-3.116696265660811e-05;0.004976196413823353;-0.019706437035682582;0.0015346971145074413
54.994;-0.09709162199704092;-0.3878967910888455;-3.157718584570403e-05;0.004977453675632982;-0.019707387585221798;0.0015962133777775794
55.083;-0.09795166299537934;-0.38691501728423294;-0.0013038663157306227;0.012145434823851557;-0.017897868172893714;-0.08154842578791664
55.174;-0.09607629908635107;-0.38742577558447444;-3.4497316468761954e-05;0.004960650146506284;-0.019031503561498738;-0.009203199324165337
55.259;-0.09980886035875228;-0.3871891382298734;-3.1553867349929374e-05;0.004839141891735556;-0.01974170253963873;0.0015950223789317993
55.351;-0.09970291086153203;-0.387284857176653;-3.16803989666452e-05;0.004844528900934026;-0.01973948701363973;0.0015990628063641229
55.441;-0.09962373288611191;-0.3873163571514337;-3.170048040424046e-05;0.004848568663634558;-0.01973834648293976;0.001599574941246536
55.528;-0.09780576683864556;-0.38795966345786226;-0.001687769956834226;0.009032600551743862;-0.01598179086983392;0.0006455550714057256
55.615;-0.0982143474244359;-0.3875146074302523;-0.0013109231143180607;0.012106291456941691;-0.017702443168402356;-0.02205472403874725
55.706;-0.09868547602802771;-0.38728600865419355;-0.0013347050824643004;0.01202955430123348;-0.01750449841636825;0.007439792560158678
55.795;-0.09833682050181683;-0.387349031907186;-0.0013310915983259718;0.01204470453888633;-0.017539202971144224;0.00734065783566747
55.887;-0.09811414564510856;-0.38739950709643045;-0.0013310731359811121;0.012054917887108935;-0.017532564594793163;0.007341031176226805
55.968;-0.09980008179640137;-0.3863209923238842;-0.0013204077760669082;0.012014120481473921;-0.01786922442768589;-0.0815279444195088
56.059;-0.10119499183448485;-0.3859404178851041;-0.0016821329035520472;0.008807379973292256;-0.016269310081303185;-0.05486318078692594
56.146;-0.10530366461888184;-0.3839744493271734;-0.0013140883743132555;0.011760623224656694;-0.018267167651760115;-0.14199847780843247
56.234;-0.10901767674302065;-0.38309178664287463;-0.0013185018524988705;0.011618615670230117;-0.018386169543666377;-0.14197180333927176
56.317;-0.11327818625412334;-0.3827089529538294;-0.0013247457946059863;0.011403201275533688;-0.018305932994935957;-0.08130355263925332
56.407;-0.11775261400406148;-0.38089028771462957;-0.001199303518009775;0.011824520869670885;-0.016318380765848975;-0.10766014375802564
56.495;-0.11863162678143108;-0.3810976223796622;-6.280577074506963e-05;0.0036822829007480055;-0.019757761224633456;-0.035745243641133746
56.588;-0.12201995384335824;-0.3801308086742493;-2.525151361974006e-05;0.0037220537884879333;-0.020007481204545298;-0.0287177446085672
56.682;-0.12326682808800819;-0.3794896726253504;-0.001304060889675381;0.010940131571965724;-0.018672690064018994;-0.08149543568704806
56.777;-0.117750120912127;-0.3552569569998765;-0.00013087322800326253;0.002929076386419776;-0.019802147926982833;0.00557110510860445
56.862;-0.11209385542253365;-0.337526663566693;-1.1820401180313557e-05;0.003599373892605858;-0.02010672052241986;-0.025774097963992593
56.95;-0.11657851325251503;-0.3507716566947138;-0.0011105202445651238;0.01056978278612421;-0.01944445397546445;-0.07451466335482017
57.041;-0.1258630829977685;-0.3690116784003063;-0.0012867757477770096;0.01061421470675028;-0.01891535877738611;-0.07910047577982944
57.137;-0.13161681295767858;-0.3745542585158862;-3.257559710910602e-05;0.003142755377147479;-0.02025101380732942;-0.02769091925898251
57.223;-0.13229933099792027;-0.3762535254364008;-3.5039332991265124e-05;0.003112906747995215;-0.020148528089523835;0.0020597196191756277
57.308;-0.1323763933153262;-0.37715643181335784;-3.1355008344324906e-05;0.0031421292848182463;-0.02007869835443224;0.0015915922962549175
57.393;-0.13234459172416804;-0.3773189403699042;-3.1632211837601685e-05;0.003144636446467631;-0.020076341493933326;0.0015989159146371698
57.49;-0.1322445347140217;-0.3774163283592427;-3.174645640961421e-05;0.003150292951002346;-0.020074652840739428;0.0016018005790300349
57.582;-0.13212858726154797;-0.3774692364968712;-3.176881811362087e-05;0.0031565265833883153;-0.020073533671987984;0.0016023615074275707
57.667;-0.13204931444059553;-0.37749897560150947;-3.177274853398269e-05;0.0031607529647706295;-0.02007285791816318;0.0016024471979608343
57.752;-0.13047929117805293;-0.37804956784683824;1.8253979238476577e-06;0.0034296791771516546;-0.019586239752730578;0.027921533009876803
57.836;-0.13105279869668418;-0.37826403018195875;-3.766152541061121e-05;0.003182578787581013;-0.020041582413877823;0.031587023837184945
57.925;-0.12599924604018284;-0.3797363029079005;-0.0017658555130521236;0.007194945348099728;-0.018265174308972388;0.136231476530267
58.015;-0.12325732240763834;-0.38030912640761366;-0.0013230419566804229;0.010862715757035788;-0.01806867489794545;0.09327096660154208
58.107;-0.11947176567888582;-0.38110151492267413;-0.0013398270596704691;0.011014650192556208;-0.01790640481264266;0.09332518217074602
58.193;-0.11576633871897515;-0.3821217572770839;-0.0013393725134586711;0.01118604543657374;-0.01780089189440452;0.09329746512509428
58.28;-0.11330604870213327;-0.38283014657104725;-0.0013392622089795502;0.011300066057682048;-0.017729216977286747;0.0932912030458256
58.367;-0.10961475857682217;-0.38388748470119655;-0.0013392033588012044;0.011470211856517884;-0.01761995389008089;0.09328809771224501
58.456;-0.1071502233059095;-0.3845789754008833;-0.0013391917380971255;0.011583043797900755;-0.01754608895219762;0.09328771887126851
58.547;-0.1034461431815368;-0.385589769011395;-0.001339185503026323;0.011751402928344302;-0.01743387829331524;0.09328810205865092
58.635;-0.09973285494422374;-0.38656626252274845;-0.0013391866903374684;0.011918675229600174;-0.017320020028226083;0.09328900098830198
58.729;-0.09725222691894067;-0.3871976526244063;-0.0013391891454803061;0.012029582696215669;-0.017243209431700924;0.09328976088577678
58.821;-0.09352380885039642;-0.388115019460185;-0.0013391905049224264;0.012195008366742302;-0.01712663947563794;0.09329108193730087
58.913;-0.08978669244294593;-0.3889965518128859;-0.0013391942337212005;0.01235931212709735;-0.017008464960977698;0.09329259721237937
58.995;-0.08406370877196746;-0.39034912234594066;-6.698654293562251e-06;0.005629532365880441;-0.018573594840359104;0.19928825488525753
59.092;-0.08119820778287033;-0.39157645498310945;-0.0013232429267573248;0.01276251142186481;-0.016776275916288174;0.09329683205120032
59.181;-0.07860664589683558;-0.39171735838356747;-0.0013411093639388904;0.012844908907896226;-0.016639172895920477;0.09337171812725789
59.27;-0.07549144465050818;-0.39237018889312253;-0.0013262231895752113;0.013032729876125951;-0.01679884125393515;0.03608946842658728
59.361;-0.07401757703756802;-0.3926593486249349;-0.0013337273079302959;0.013089395197141737;-0.016665445045309774;0.036334162134140015
59.451;-0.07301985556151223;-0.39284830550267785;-0.0013337282713655485;0.013131342771568152;-0.01663180882074879;0.03633500571650864
59.541;-0.07152194404501824;-0.3931250077175692;-0.001333734944247266;0.013194701121152848;-0.016581580718696476;0.036336579360965016
59.637;-0.07002277152248089;-0.39339517078448377;-0.001333736386673187;0.013257855749723695;-0.016531114852266347;0.036338107583733355
59.72;-0.06742788992646144;-0.3938311603989934;-8.834161156685036e-05;0.0061168167660989375;-0.01916067316729471;0.07702065348155572
59.81;-0.06308176276985701;-0.39551387537245375;-6.402164735688884e-05;0.00642595192187725;-0.018995034674461113;0.20422967295503072
59.904;-0.057877215735327926;-0.3960735668989046;-0.0013246791673253418;0.013735234285026819;-0.01598349090579248;0.09340499487007785
59.998;-0.055940533505390966;-0.3960136767000657;-0.0013284324490538829;0.013852307191710062;-0.016122525057291764;0.036146753807077846
60.09;-0.05474775424762718;-0.3959347596267095;-0.0013278914630635915;0.013923230411898975;-0.016138366404702623;0.0072989432376919855
60.181;-0.026384941024312682;-0.3669522263982001;-1.4263132090703429e-05;0.0074475781153532025;-0.01956558595715777;-0.2847884159367571
60.274;-0.016791563261623007;-0.35076513909585366;-1.2550240576072796e-05;0.007045346903029832;-0.020406012692433646;-0.38340856101713394
60.363;-0.06718380658661752;-0.3500043251835475;-0.0013564624529463077;0.01614022879095028;-0.017485944280865973;0.00016830081125257849
60.454;-0.05375911426547571;-0.32711045999837735;-0.00022370649600400678;0.005673548839726728;-0.021620811064357384;0.025621754324153298
60.543;-0.03831358542174807;-0.31905350168232816;-3.591797344513768e-05;0.006120920552542848;-0.019299480208243156;0.0023289660713722003
60.627;-0.037956558095281055;-0.3151040081084547;-3.173689276826021e-05;0.0060845552429677095;-0.01931303240200149;0.0012488234139486128
60.719;-0.03781968730481819;-0.3144714346082471;-3.066144184198338e-05;0.006096365404077449;-0.019319494508249182;0.0012243517924336404
60.719;-0.03265634764974217;-0.29504774489320135;-5.743876551353669e-05;0.005897068531796944;-0.019037935465295485;-0.020306382506932976
60.807;-0.03132987556198743;-0.27671827865902326;-3.294439954152812e-05;0.006017721072319682;-0.0192784649731322;-0.019957181245027402
60.903;-0.005634573055228314;-0.2737116498011421;-3.93628985009281e-05;0.006261357547444382;-0.02015403048372477;-0.1303110644236378
60.997;-0.03447748261388854;-0.2715222117679579;-6.439833232922123e-05;0.005600742375531906;-0.019800134392599804;0.007032639465544269
61.083;-0.05429045351319827;-0.26805398732947244;-3.117826915079736e-05;0.005879286025811167;-0.019441869122564747;0.0014809122811230706
61.171;-0.04919998352998866;-0.24917158067002293;-6.676880906084816e-05;0.0056673112963680945;-0.01895749227234595;0.0576946026579299
61.259;-0.024047089682873894;-0.23469284070795016;-1.531619892319313e-05;0.006065193228237319;-0.019141948450399137;-0.01819203366144787
61.349;-0.02651471642716293;-0.23151171316445568;-7.215087964291641e-05;0.005690580124245193;-0.019846455830457032;-0.0468390705199601
61.439;-0.04633247073332497;-0.22683877038497852;-5.0699601668377714e-05;0.005660088891629413;-0.01936137636558547;0.004591010363733112
61.537;-0.04581078865648136;-0.22693654726137802;-3.14331769883473e-05;0.005898941812986979;-0.01945119249592622;0.0015887395144150542
61.62;-0.06638043294717776;-0.2219093954347256;-4.67798133204559e-05;0.005728325127137445;-0.019245713739396438;0.0038657229124005933
61.711;-0.018606406400843645;-0.2011791521508725;-4.0778650262701644e-05;0.005713285357233925;-0.01920418492073224;-0.04665829280466313
61.801;-0.03802540650868227;-0.1880963791854145;-4.02190787196842e-05;0.00582360052004628;-0.019372528050434802;0.043922256047077925
61.891;-0.016583618725179543;-0.18865492299274988;-1.8499641019117236e-06;0.006053155455376349;-0.01920612766958111;-0.0444768186082815
61.983;-0.04065443065685973;-0.18454202487961324;0.00010151020959630713;0.011503226019227753;-0.004009293662541936;-0.024387853848007676
62.076;-0.038393908185188;-0.18538619295185818;-3.1200263663500646e-05;0.00581244022348562;-0.019478713921555677;0.0016006516922230656
62.168;-0.03836641197432713;-0.1854524595054563;-3.1317765420451276e-05;0.005815905006174097;-0.019476261814575683;0.001586378319824468
62.258;-0.03831282543459019;-0.18548846456073032;-3.136566982148606e-05;0.0058217274800036216;-0.019474182623562132;0.0015874712541947156
62.354;-0.010839155342374913;-0.15900125779700464;-3.1793548774085377e-05;0.005683700494632219;-0.019262203833477577;-0.06104489847620401
62.443;-0.03207102061625007;-0.14755336767194668;-5.863769138545445e-05;0.005412592207015211;-0.019421257933780182;0.005128295581044686
62.535;-0.030894625266938466;-0.14477399070052105;-3.27501973143573e-05;0.005700143313916524;-0.019499071693552167;0.0016187464074945963
62.629;-0.011694184726606648;-0.1446029890499449;-1.8352783611192363e-05;0.006142117369210518;-0.02004054190670582;-0.08232696455817544
62.724;-0.030628171519674816;-0.14286649560232306;-2.2291003127302095e-05;0.005588943020775774;-0.01923600889102314;0.0015984244270061414
62.81;-0.03152458215814625;-0.1436558020799279;-3.089715656069884e-05;0.005600076382534926;-0.019541867596807556;0.0015775606425705723
62.901;-0.03151922804504857;-0.14384770757012247;-3.125024906909922e-05;0.005603783600767765;-0.019537955526897376;0.0015837011072864888
62.996;-0.03149549062861851;-0.1438839158702109;-3.1308880388078e-05;0.005607489954953157;-0.019536464199627734;0.0015851248859933727
63.083;-0.050966574552042024;-0.138197168643605;-2.7752423765593743e-05;0.005592531008657378;-0.018917780673079077;0.041900818902639705
63.177;-0.030361702045652035;-0.1439900395346908;-2.0875011847529582e-05;0.005797014127453293;-0.019301581919694045;-0.0012745426848141995
63.268;-0.0018292978256006383;-0.12644791006625436;-1.2888732472867857e-05;0.006103181936405828;-0.019479923110028302;-0.03547913107183193
63.351;-0.025916629005262447;-0.10542751090540729;4.971605716413052e-05;0.011519207375820803;-0.0037461475842454858;-0.01911729214295964
63.445;-0.013907854014739809;-0.10481264836214428;-7.87125861403393e-05;0.005805152643124953;-0.02065319751133863;-0.005035840299829292
63.535;-0.002404012863884316;-0.10618886916619694;-2.343733028744896e-05;0.005494002287093482;-0.01941397864373981;-0.024673567221269947
63.626;-0.002674537890891651;-0.10664241892540362;-2.377214342843051e-05;0.005443141214045818;-0.01942144524295578;-0.02471062812503968
63.717;-0.025446439997647202;-0.1016081180613045;8.493509323424949e-05;0.011494147199740958;-0.003938831366661635;-0.017123433871758305
63.802;-0.023034480225806883;-0.10259573219398072;-2.657781877722103e-05;0.005537759650705178;-0.019510372061792302;0.0011632532667396637
63.894;-0.023099244093374723;-0.10262495394197935;-3.1269488781608505e-05;0.005520912851631375;-0.01956062174934564;0.0015835800206467708
63.986;-0.02307913327094182;-0.10263641588535634;-3.128353581700034e-05;0.005524938020293299;-0.01955938812885508;0.0015836459474701911
64.076;-0.02304735237551009;-0.10264641285677086;-3.128869287412204e-05;0.005531074817410361;-0.019557624207409606;0.0015837692285542617
64.173;-0.023015076180189314;-0.10265421831154295;-3.1289685003455344e-05;0.005537237669938434;-0.019555877535897194;0.0015837876935411675
64.261;-0.02299349648292643;-0.10265914572023661;-3.128966309215447e-05;0.005541353669502129;-0.019554722148287837;0.0015837864692153417
64.355;-0.042876539086143466;-0.09629513866463882;-4.7875659570833725e-05;0.005383970862775305;-0.019411930276265095;0.004647260152712474
64.45;-0.022834904474733804;-0.10232107301084968;-3.070147633014151e-05;0.00556114731568359;-0.019561780244539535;0.0016690505117872639
64.537;-0.022854699053488012;-0.10261646126834471;-3.114868521707513e-05;0.005565770248241803;-0.019548865141904917;0.0015803587571859602
64.629;-0.02284347445361629;-0.10266768426599798;-3.1239688266624375e-05;0.005569243258877135;-0.019547196539630704;0.0015826039943446384
64.719;-0.022815335151946645;-0.1026940000902855;-3.1277770317408404e-05;0.005575148709355199;-0.01954524792476408;0.001583518665879523
64.811;-0.02278376429512653;-0.10270496898729968;-3.128453429314965e-05;0.005581264756132275;-0.019543455295130213;0.0015836933807677294
64.903;-0.021444845459909663;-0.09622036312379384;-8.67082802021911e-05;0.005242545858840447;-0.019334833466313563;0.0033643736577679763
64.99;-0.015498774291647628;-0.0690460396564031;-4.608362298689944e-05;0.005490009660162588;-0.019458976386065256;0.0019424893597811738
65.087;-0.00020857708596769918;0.0005286430950813463;-0.0017026609738694364;0.015051521751870326;-0.01795968558911993;-0.008067709517828633
65.179;3.873067325618304e-05;0.0005925231707454659;-0.0013212983110139505;0.012173539238750097;-0.017171874607252037;-0.00792445115479018
65.277;0.0001633982605616029;0.0005655990171598479;-0.0013230437170771894;0.012186011056062386;-0.01718844748004254;-0.00792974834104262
65.371;0.00020054267812070605;0.0005574786318070507;-0.0013229650501941634;0.012175015607409053;-0.01719624764515831;-0.007931484332519768
65.462;0.00021179592960835725;0.0005549639113197318;-0.0013229418568643076;0.012163664781745383;-0.017204257771238293;-0.007931956495107322
65.553;0.00021458496610425012;0.0005543109443955531;-0.0013229349712330716;0.012156025458710439;-0.017209631332766914;-0.007932041258752732
65.647;0.00021638337564398817;0.0005538506137403856;-0.0013229319579609543;0.012144534029091946;-0.017217709271190325;-0.00793205232797203
65.741;0.0002171741864287289;0.000553610083790476;-0.001322931226586041;0.012133020430144885;-0.017225785206538415;-0.007932014107438674
65.832;0.000217517922552067;0.0005534897125746537;-0.0013229304457091854;0.012125342567602122;-0.017231161033625018;-0.007931979277536126
65.927;0.0002179406736222842;0.0005533294787221996;-0.0013229300346124203;0.012113813110130186;-0.017239233935631478;-0.007931923861531841
66.022;0.00021832408907581854;0.0005531775533065687;-0.0013229295342195024;0.012102282309146612;-0.01724729118764975;-0.007931865910380306
66.109;0.00021869581783543856;0.0005530280023908864;-0.0013229293280530977;0.012090748226812222;-0.017255349630104475;-0.007931808201234285
66.204;0.00021894143944444451;0.0005529285724697367;-0.0013229296693485885;0.012083052343457468;-0.0172607098219019;-0.007931769047314546
66.298;0.00021930874303190316;0.0005527795428636679;-0.0013229292459714568;0.012071503520838566;-0.01726875210867839;-0.0079317110707029
66.393;0.00021967548617770764;0.0005526303661316239;-0.001322928472276832;0.012059957150500423;-0.017276781897652905;-0.007931652722765505
66.486;0.00021991979985144723;0.0005525306716443407;-0.001322928910190496;0.012052252049320835;-0.017282126301457285;-0.007931613506071803
66.575;0.00022028624189999766;0.0005523812492810808;-0.0013229284370692542;0.012040691566715037;-0.017290157777415726;-0.007931556561164864
66.673;0.0002206524746997238;0.0005522313504545314;-0.0013229286164044092;0.012029129155395417;-0.01729815613406811;-0.007931497553656863
66.764;0.00022101863222084476;0.0005520813291634751;-0.001322928160492761;0.012017555180790212;-0.017306158038901696;-0.007931439645640198
66.858;0.00022126269736202336;0.0005519812233165146;-0.001322927327785993;0.01200983807935692;-0.017311495471672097;-0.007931401685900608
66.95;0.0002216286736127845;0.0005518307749743678;-0.0013229277253316467;0.011998259371504267;-0.017319487167585367;-0.007931344110278413
67.045;0.00022199453396698818;0.000551680069758586;-0.0013229272481870892;0.01198667534414701;-0.017327463830256302;-0.007931286047118938
67.136;0.0002222383882620372;0.0005515794709622851;-0.001322927094170066;0.011978948771209703;-0.017332785705351766;-0.007931248087371355
67.226;0.0002226040713473871;0.0005514283560270264;-0.001322927132619123;0.01196735648973936;-0.01734075458951954;-0.007931190591897704
67.321;0.0002229696554027639;0.0005512770441546417;-0.0013229263211218933;0.011955757507943235;-0.017348712946217485;-0.007931132992365184
67.415;0.00022333512102034643;0.0005511254599128317;-0.0013229267051306612;0.011944151291963601;-0.017356667120932028;-0.00793107576310336
67.504;0.00022357871516427306;0.0005510242688799552;-0.0013229262739857571;0.011936412377744956;-0.017361970368378943;-0.00793103806566907
67.596;0.00022394400995795962;0.0005508723251190772;-0.0013229248760889252;0.011924799015078064;-0.01736990220446892;-0.007930980254033757
67.693;0.00022430918419756894;0.000550720081830144;-0.0013229251914499858;0.011913182652157388;-0.01737783788971537;-0.007930923414621696
67.783;0.00022455259775984866;0.0005506185182993137;-0.001322924425542027;0.011905435282570759;-0.017383124163132216;-0.007930885624903489
67.872;0.00022491757064366268;0.0005504658081031141;-0.0013229251875753328;0.01189380648873249;-0.017391040328119;-0.007930828421223028
67.967;0.0002252824859758817;0.000550312988490265;-0.0013229241152352446;0.011882172009329927;-0.017398960805010525;-0.007930772363164968
68.062;0.00022552568248981102;0.0005502109450978658;-0.0013229239272907847;0.01187441864042301;-0.017404227243720583;-0.007930734181229143
68.153;0.0002258903800775388;0.0005500576401376426;-0.0013229247568870314;0.011862779943338755;-0.017412126457380602;-0.007930677492154058
68.242;0.00022625497742346238;0.0005499041286739445;-0.0013229234810604917;0.011851127784511912;-0.017420012805635727;-0.007930620607606652
68.336;0.00022661947488497749;0.0005497503943127951;-0.0013229237243448343;0.011839483282599357;-0.017427900524934804;-0.007930564399906859
68.424;0.0002268623881286649;0.0005496476986330512;-0.0013229233260822707;0.011831716195342658;-0.017433144051373275;-0.007930526126358537
68.517;0.00022722670858658982;0.0005494935895553918;-0.0013229230466288938;0.011820048954017852;-0.017441017262104317;-0.007930470095858268
68.611;0.00022759090694321176;0.0005493391869927402;-0.0013229234429102982;0.01180839006740655;-0.017448885110320392;-0.007930414191949496
68.7;0.00022783364588601404;0.0005492361359430787;-0.001322922544802187;0.011800609585322305;-0.0174541201570475;-0.007930376569914155
68.795;0.00022819764283365143;0.000549081271947122;-0.001322922444260244;0.011788929657891984;-0.017461967647708805;-0.007930320341001416
68.89;0.0002285615430097348;0.000548926243582457;-0.001322921911564281;0.011777252375032595;-0.01746980388913189;-0.00793026384637924
68.984;0.00022880408281231637;0.0005488227314726074;-0.0013229223124128714;0.011769466386996299;-0.017475031179964694;-0.007930226808896434
69.075;0.00022916782309014694;0.0005486673338046784;-0.0013229209603109308;0.011757774919513507;-0.017482861761769847;-0.007930171150505254
69.168;0.0002295314315977748;0.0005485116500407491;-0.001322920980122202;0.011746082125481115;-0.017490683542508212;-0.007930115408297607
69.26;0.00022977374330402105;0.0005484076412790992;-0.001322921490639316;0.011738290784004906;-0.0174958885651371;-0.00793007777223556
69.354;0.00023013719117205415;0.0005482516417716076;-0.001322920489130169;0.01172658576310143;-0.017503694351959222;-0.007930021996958646
69.444;0.00023050049627447357;0.0005480952650743481;-0.0013229205225068995;0.011714880455832095;-0.017511500832693063;-0.00792996691717264
69.535;0.00023086370720991052;0.0005479387376688739;-0.0013229195516071984;0.011703171231029614;-0.01751928817752269;-0.00792991100469766
69.627;0.00023110577358833253;0.0005478341838852309;-0.0013229204998685372;0.011695358290835454;-0.01752448833990049;-0.007929874833821007
69.717;0.0002314687611673456;0.0005476771594466796;-0.0013229203828418177;0.01168364501240703;-0.017532255584032833;-0.007929818393648428
69.81;0.00023183167559786118;0.0005475199584902882;-0.0013229196592813815;0.011671915693597323;-0.017540032090449943;-0.007929763584958413
69.9;0.00023207354035761988;0.0005474150089429691;-0.001322919547626496;0.011664099313656605;-0.01754520546417766;-0.007929726462073806
69.991;0.0002324362611152366;0.0005472573995682316;-0.001322919357621734;0.01165236156946644;-0.017552965382945394;-0.007929671478014332
70.086;0.00023279886704095286;0.0005470995565293175;-0.001322919125591437;0.011640622978547623;-0.017560712734754434;-0.007929616138812828
70.179;0.0002331613514868848;0.0005469414381464163;-0.0013229189162794852;0.011628884701262835;-0.017568455697868048;-0.007929561090911499
70.273;0.00023340295958422722;0.0005468359340420755;-0.0013229180210504836;0.011621050340274908;-0.017573609899932;-0.007929524253170507
70.365;0.00023376526487864;0.0005466774343593321;-0.0013229177235575154;0.011609292588044464;-0.017581341711004957;-0.00792946962080999
70.457;0.0002341274426895461;0.0005465186685397035;-0.0013229175812994227;0.011597544090556583;-0.017589056135586274;-0.0079294141158029
70.551;0.00023436884653536033;0.000546412705724066;-0.0013229178798624495;0.01158970159298533;-0.017594206596802088;-0.007929378206542532
70.647;0.00023473085845321438;0.0005462536056142237;-0.0013229170075005126;0.011577934419032003;-0.01760191111825126;-0.007929323227725155
70.742;0.00023509273179229815;0.0005460941893781098;-0.001322916568813318;0.011566162565385282;-0.01760960686209243;-0.007929268221130109
70.837;0.00023545451317772857;0.0005459345652835967;-0.0013229166500373498;0.011554388260333587;-0.01761730311024852;-0.007929213945862127
70.931;0.000235816174728219;0.0005457746997663978;-0.0013229162905311533;0.011542611760211229;-0.01762498686549608;-0.007929159340342226
71.027;0.00023605722194178358;0.0005456679902565263;-0.0013229164167678868;0.011534754465209634;-0.01763010674144535;-0.007929123152253286
71.122;0.00023641870138539818;0.000545507763486347;-0.0013229156151402808;0.011522961990987936;-0.017637771480380506;-0.007929068282904742
71.216;0.00023678004958633527;0.0005453472154959293;-0.001322915430670597;0.011511171812031042;-0.017645435068277666;-0.007929013933773385
71.31;0.00023714127530012632;0.0005451864304729156;-0.0013229158229935184;0.011499367748726393;-0.017653086922104114;-0.00792895941778909
71.403;0.00023738205888334022;0.0005450791735054864;-0.0013229152000091154;0.011491497253612728;-0.017658189641160307;-0.007928923608989667
71.499;0.00023774309636268468;0.0005449179756140057;-0.0013229153807969574;0.011479697378651775;-0.017665828991683747;-0.007928869130753304
71.593;0.00023810404933269775;0.0005447566270878092;-0.001322914320040312;0.01146787853358671;-0.01767346082345929;-0.007928814953401312
71.686;0.00023846489313615835;0.0005445950427573092;-0.0013229140504904347;0.011456060989268676;-0.017681094476613913;-0.007928761546278326
71.779;0.00023870537229296078;0.0005444871321131145;-0.0013229143815825357;0.011448180292204417;-0.01768617199135605;-0.007928725371739996
71.876;0.0002390660417345592;0.0005443252142061194;-0.0013229126884965283;0.011436355137651455;-0.017693788235447355;-0.0079286717579615
71.97;0.0002394265522519077;0.0005441629175394668;-0.001322913179375993;0.011424526904079696;-0.017701393841238276;-0.007928617904934916
72.065;0.00023978692995030017;0.000544000334542358;-0.0013229132601191229;0.011412692925414135;-0.017708983398597142;-0.00792856346905911
72.159;0.0002400271439872908;0.000543891896036818;-0.001322912980801417;0.01140479385716368;-0.01771404731503913;-0.007928528010370627
72.253;0.00024038734993027665;0.00054372896266937;-0.0013229129021270119;0.011392949780077094;-0.017721629481528896;-0.0079284741908366
72.35;0.00024074746165914747;0.0005435658654186258;-0.001322912057702079;0.011381103585079405;-0.017729203731665907;-0.007928420420131982
72.444;0.00024110745402168012;0.0005434025033488499;-0.0013229119592446526;0.011369249393792458;-0.017736779729409242;-0.00792836751963201
72.537;0.00024146730563365582;0.0005432388486611942;-0.001322911498504924;0.011357390005068566;-0.017744330996507827;-0.007928313320911613
72.631;0.00024170716305887824;0.000543129672487113;-0.0013229111336899495;0.01134948079676566;-0.017749365454470662;-0.00792827761613579
72.727;0.0002420668403068882;0.000542965661323764;-0.0013229106714154597;0.011337613388283608;-0.017756915052997792;-0.00792822446187497
72.823;0.00024242638385607454;0.0005428013646690372;-0.0013229108913644849;0.011325741416455688;-0.017764447725490847;-0.007928170618624832
72.918;0.00024278584085006956;0.0005426369175545361;-0.0013229104904139359;0.011313862671218224;-0.017771984163013115;-0.007928117825461682
73.013;0.0002430253975370623;0.0005425270877334124;-0.0013229104810400176;0.011305938845020047;-0.017777001020700477;-0.007928082439545849
73.109;0.0002433846561947471;0.0005423622162183553;-0.0013229099639278077;0.011294060628042777;-0.017784518226552977;-0.00792802916537836
73.204;0.00024374375674850217;0.0005421970162214769;-0.00132290955962991;0.011282164601566166;-0.017792017649236495;-0.007927975282599087
73.3;0.00024410279215440745;0.0005420316822894284;-0.0013229093575591734;0.011270272001226147;-0.017799528726152435;-0.007927922971714272
73.395;0.0002444617196595846;0.0005418661616448499;-0.0013229079839878549;0.011258374212018073;-0.01780702292917054;-0.007927870024502221
73.491;0.00024470088931770497;0.0005417555490745691;-0.0013229082250774907;0.011250435840315572;-0.01781200786358782;-0.007927834208335167
73.586;0.00024505958575406916;0.0005415895119718374;-0.0013229088910239818;0.01123852576447567;-0.017819491920990214;-0.007927781608875448
73.681;0.0002454182012709876;0.000541423334821083;-0.0013229079458130317;0.011226610597941116;-0.01782697192787054;-0.007927729436262508
73.777;0.00024577665278624375;0.0005412568156068292;-0.0013229080906732172;0.011214694569165849;-0.017834429683360565;-0.007927676061244435
73.872;0.0002461349803400926;0.000541090034694513;-0.0013229075681988347;0.011202773825467298;-0.01784188064809833;-0.00792762285087721
