29.72;0.004201887385725463;0.018579426104952265;-0.030686973036201572;-5.617835240924825e-07;-3.1337757280615865e-06;-0.09645006496534823;0.9953378245390075
29.766;0.004208818800947364;0.01860026516800013;-0.030686973034859566;-5.621279580060023e-07;-3.1336923757780296e-06;-0.09656096409033169;0.9953270719737355
29.866;0.004229641142812647;0.018662773035219682;-0.03068697302883706;-5.63173738512356e-07;-3.133436352107504e-06;-0.09689365203210061;0.9952947403587274
29.96;0.004243546113578469;0.018704437168088877;-0.030686973025739746;-5.638660526907083e-07;-3.133267705692085e-06;-0.09711543612070034;0.9952731243517787
30.057;0.004264438676279179;0.018766921679832738;-0.030686973020208005;-5.649115604292114e-07;-3.1330192259645415e-06;-0.09744810042129735;0.9952406079507337
30.154;0.004285373357482527;0.018829392142061255;-0.030686973015104174;-5.659539252662896e-07;-3.132763289393988e-06;-0.09778075049356247;0.9952079806868418
30.247;0.004306350146689635;0.01889184852800138;-0.030686973008438555;-5.669996154537212e-07;-3.132506337704486e-06;-0.09811338630609626;0.9951752425665628
30.339;0.004320358060933813;0.018933478284848346;-0.030686973004890566;-5.676935301136197e-07;-3.1323355827758455e-06;-0.0983351355765475;0.9951533555693858
30.423;0.004341405006663341;0.01899591114977453;-0.030686973000901466;-5.687341255408248e-07;-3.1320846166536495e-06;-0.09866774755197441;0.9951204327029399
30.521;0.0043624940322575185;0.019058329866090972;-0.03068697299451077;-5.697791366624076e-07;-3.131829733042978e-06;-0.0990003451819382;0.9950873989975575
30.611;0.00437657675511013;0.019099934470053488;-0.03068697299108595;-5.704737100894185e-07;-3.131659961857668e-06;-0.09922206894977162;0.9950653149533422
30.704;0.00439773589026206;0.019162329545270404;-0.030686972986647076;-5.715160455682274e-07;-3.1314045305991787e-06;-0.09955464259953595;0.9950320965309343
30.801;0.00441893707701841;0.01922471039991108;-0.030686972979904803;-5.725615469095201e-07;-3.131146259507891e-06;-0.09988720181816813;0.9949987672870779
30.896;0.004440180304700709;0.019287077006364395;-0.030686972975255862;-5.736013790732216e-07;-3.1308920326163324e-06;-0.10021974657397224;0.9949653272282994
30.988;0.004454365807435632;0.019328646815688827;-0.030686972971863794;-5.742986642720948e-07;-3.130722325559358e-06;-0.10044143502694663;0.9949429722951947
30.988;0.004475679079724842;0.019390989615885916;-0.030686972967470635;-5.753408239922278e-07;-3.130468935242293e-06;-0.10077395560612037;0.9949093475595477
31.176;0.004497034364580255;0.019453318096307938;-0.030686972961445035;-5.763851073363862e-07;-3.1302093039004325e-06;-0.10110646163585978;0.9948756120266223
31.27;0.004518431651279055;0.019515632229702002;-0.030686972957057794;-5.774276280997481e-07;-3.1299586095698547e-06;-0.10143895308502973;0.9948417657029097
31.358;0.0045327198380854875;0.019557167001370366;-0.03068697295264703;-5.781223477038911e-07;-3.129783229269427e-06;-0.10166060593383255;0.9948191399400379
31.452;0.004554187103948758;0.01961945716326331;-0.030686972946369597;-5.791644785786788e-07;-3.1295225352810866e-06;-0.10199307300838595;0.9947851089799127
31.547;0.004575696343131149;0.019681732906167284;-0.030686972941738652;-5.802083621265538e-07;-3.12926507708118e-06;-0.10232552541588588;0.9947509672466945
31.638;0.004590059149050139;0.01972324204406682;-0.030686972937815797;-5.809004326275412e-07;-3.1290903007181224e-06;-0.10254715218943443;0.9947281445539322
31.729;0.004611638319633597;0.01978549369504994;-0.030686972934497417;-5.819444771166611e-07;-3.1288401933441033e-06;-0.10287958008000275;0.9946938182136422
31.823;0.004633259434724396;0.019847730854996245;-0.030686972928303906;-5.829887139484115e-07;-3.128581204751426e-06;-0.10321199321628433;0.994659381118076
31.913;0.004654922483476421;0.01990995349675537;-0.030686972921736527;-5.840308087562247e-07;-3.1283163856551412e-06;-0.10354439156604581;0.9946248332738783
32.004;0.004669387807152584;0.019951427179056562;-0.030686972919342068;-5.847238283508724e-07;-3.128145521064072e-06;-0.1037659822358397;0.9946017398539498
32.098;0.004691120721351158;0.020013625564007938;-0.030686972913530113;-5.857670025484811e-07;-3.127884451508006e-06;-0.10409835587054776;0.9945670074434012
32.191;0.004712895540299002;0.02007580935882142;-0.030686972909164858;-5.868098054799594e-07;-3.1276285861337745e-06;-0.10443071463307127;0.9945321643019392
32.284;0.0047274353614342075;0.020117257103145363;-0.030686972905289066;-5.875043420447734e-07;-3.1274525212089297e-06;-0.10465227886251287;0.9945088740271535
32.373;0.004749279997515451;0.020179416521148824;-0.03068697289942987;-5.885455574419126e-07;-3.127187989665409e-06;-0.10498461276464234;0.9944738463491801
32.47;0.004771166509403561;0.02024156127691309;-0.03068697289462389;-5.895892554154526e-07;-3.126929480513705e-06;-0.10531693170814294;0.9944387079581413
32.561;0.004785780776201533;0.020282982954934418;-0.03068697289188251;-5.902792457331854e-07;-3.1267539540293835e-06;-0.10553846934345237;0.9944152208602381
32.653;0.004807737056704474;0.020345103213787376;-0.030686972885695725;-5.913268248151768e-07;-3.126496439115121e-06;-0.10587076328282821;0.9943798979624371
32.744;0.004829735183772244;0.020407208738473993;-0.03068697288145867;-5.92365050268908e-07;-3.1262337309218874e-06;-0.10620304217568444;0.9943444643696197
32.836;0.004851775146513837;0.020469299502127294;-0.030686972875882207;-5.934059497127186e-07;-3.12596854232982e-06;-0.10653530598988786;0.9943089200884789
32.93;0.0048664916916222566;0.020510685130502193;-0.030686972872663004;-5.941029731682044e-07;-3.1257962552804567e-06;-0.10675680680666126;0.9942851624108255
33.021;0.004888601355966694;0.020572751232147826;-0.030686972867627317;-5.951413638184375e-07;-3.125528843627267e-06;-0.10708904541719379;0.9942494336641642
33.115;0.004910752826634525;0.02063480250067831;-0.030686972863985543;-5.961832360304433e-07;-3.125273670562554e-06;-0.10742126886319403;0.9942135942470807
33.208;0.004925543694083011;0.020676161759407605;-0.030686972859618793;-5.968806350918652e-07;-3.1250982031958517e-06;-0.10764274271872655;0.9941896398222362
33.301;0.004947764817370526;0.020738188246150834;-0.030686972853318506;-5.979230570092184e-07;-3.124828472072091e-06;-0.10797494081493737;0.9941536159698302
33.392;0.004970027717592898;0.0208001998281237;-0.030686972848595798;-5.989640644619194e-07;-3.124567902199732e-06;-0.10830712365913629;0.994117481465125
33.483;0.004984892854909365;0.02084153258869721;-0.030686972845431926;-5.996602868770526e-07;-3.1243905494970174e-06;-0.10852857039838609;0.9940933303252573
33.573;0.0050072253584208925;0.020903519268746062;-0.030686972840430888;-6.006973172610069e-07;-3.1241241272547196e-06;-0.10886072774801982;0.9940570114153666
33.668;0.005029599609237526;0.02096549097208435;-0.03068697283511681;-6.017421710465984e-07;-3.1238605952637285e-06;-0.10919286975787061;0.9940205818713818
33.668;0.005052015596332682;0.0210274476715773;-0.03068697283072369;-6.027842985453193e-07;-3.1236006687594103e-06;-0.1095249963951561;0.9939840417001276
33.858;0.005066982768872533;0.021068743789009935;-0.030686972826933105;-6.034760133915403e-07;-3.1234185909721566e-06;-0.10974640559581889;0.9939596201298513
33.858;0.005089468291333367;0.021130675421939863;-0.030686972821934288;-6.045186664946592e-07;-3.123154918547994e-06;-0.11007850653836226;0.9939228955951082
34.045;0.005111995520182153;0.021192591979215275;-0.03068697281777838;-6.055561302362875e-07;-3.1228870076352952e-06;-0.1104105920200445;0.9938860604514304
34.045;0.005134564444150758;0.021254493433497026;-0.03068697281185892;-6.066013206278308e-07;-3.1226232662577334e-06;-0.11074266200878674;0.9938491147055921
34.138;0.0051496335519361554;0.021295752666076695;-0.030686972808453006;-6.072934959527653e-07;-3.122442311450347e-06;-0.11096403337716182;0.9938244227661914
34.23;0.005172271942982438;0.021357628889597725;-0.030686972803370884;-6.083324681488353e-07;-3.122173791544961e-06;-0.11129607747010965;0.9937872926988196
34.322;0.005194951999346322;0.021419489938269566;-0.030686972799279094;-6.093744122170033e-07;-3.1219115017516857e-06;-0.11162810598255614;0.993750052047611
34.414;0.0052100951786672196;0.021460722193699655;-0.03068697279598606;-6.100654201397223e-07;-3.1217287583188758e-06;-0.1118494496510224;0.9937251635148656
34.508;0.005232844652045963;0.021522557891511047;-0.030686972790725072;-6.111094453950812e-07;-3.1214644314518014e-06;-0.1121814521215535;0.9936877385727282
34.598;0.005255635760730966;0.021584378343356723;-0.030686972786084517;-6.121508933346755e-07;-3.121198542264698e-06;-0.11251343892293224;0.9936502030652533
34.69;0.005278468493204018;0.021646183521674228;-0.030686972782089292;-6.131887206861138e-07;-3.120928960624969e-06;-0.11284541002185247;0.993612556999399
34.783;0.005293713433639146;0.021687378475363107;-0.030686972777469304;-6.138863677576705e-07;-3.12074832007969e-06;-0.11306671534811781;0.9935873982042405
34.877;0.005316615514120937;0.02174915813802793;-0.03068697277251579;-6.149271465619676e-07;-3.1204805706183337e-06;-0.11339866020377559;0.993549567889732
34.967;0.00533190667610092;0.021790336056510907;-0.030686972769676885;-6.156205140513557e-07;-3.1203023827674516e-06;-0.11361994800391709;0.9935242862685701
35.057;0.005354878073014307;0.0218520901292145;-0.030686972764021818;-6.166614711624043e-07;-3.1200320907183067e-06;-0.1139518665239775;0.9934862717247717
35.153;0.005377891044644171;0.02191382881187682;-0.03068697275871398;-6.177015332520473e-07;-3.119758886781584e-06;-0.11428376919840601;0.9934481466527033
35.24;0.005393256117159136;0.02195497937031054;-0.03068697275642806;-6.183948786532811e-07;-3.1195818629281976e-06;-0.1145050288291257;0.9934226685367751
35.328;0.0054163383546811375;0.022016692343403355;-0.030686972751793055;-6.194337225672748e-07;-3.1193114918667136e-06;-0.11483690502120461;0.9933843592663603
35.425;0.005439462136475989;0.022078389854889163;-0.030686972746919623;-6.204760957106844e-07;-3.1190433753250942e-06;-0.11516876527971755;0.9933459394862557
35.519;0.005462627450993261;0.02214007187736899;-0.030686972741366884;-6.21513060873775e-07;-3.1187644308238196e-06;-0.11550060957037471;0.9933074092035954
35.612;0.005478094062156949;0.02218118460772159;-0.03068697273790591;-6.222078086436685e-07;-3.1185853882287853e-06;-0.11572183021111278;0.993281660961521
35.704;0.005501328572564591;0.022242840756039817;-0.03068697273427052;-6.232480072653232e-07;-3.118315837556847e-06;-0.11605364781712287;0.9932429465232697
35.798;0.0055246045851493055;0.022304481344036474;-0.030686972729431546;-6.24285814205879e-07;-3.118043597098639e-06;-0.11638544936728519;0.9932041216011255
35.893;0.005547922088560498;0.0223661063449837;-0.030686972723088367;-6.253283098116773e-07;-3.117767491135679e-06;-0.11671723482840295;0.9931651862021241
35.985;0.0055634901354598126;0.022407181005981103;-0.030686972720350883;-6.260212555316794e-07;-3.117589487276712e-06;-0.11693841618159491;0.9931391678968406
36.077;0.0055868767642957085;0.022468779968361063;-0.030686972716105463;-6.270601124566523e-07;-3.117314884316571e-06;-0.11727017475397387;0.9931000483853888
36.172;0.005610304853055986;0.022530363271661073;-0.030686972711377443;-6.281014220659459e-07;-3.117045624308782e-06;-0.11760191714918268;0.9930608184158342
36.263;0.005625946606482233;0.022571410094800598;-0.030686972708808942;-6.287919743371714e-07;-3.116863701997507e-06;-0.11782306974171337;0.9930346037407404
36.356;0.005649443769266711;0.02263296724014848;-0.030686972702994798;-6.298350837224414e-07;-3.1165897542154863e-06;-0.11815478509960874;0.99299518969024
36.451;0.0056729823611270476;0.022694508655140735;-0.0306869726991966;-6.308698906656394e-07;-3.1163138091173646e-06;-0.11848648419061263;0.9929556652006364
36.547;0.005696562370286802;0.022756034312422884;-0.030686972693577376;-6.319148304793309e-07;-3.116041127049349e-06;-0.11881816698192085;0.9929160302789696
36.635;0.005712305380387912;0.02279704265025404;-0.03068697269170604;-6.326023255329916e-07;-3.1158558775173e-06;-0.11903927977028142;0.9928895456503025
36.729;0.0057359543926005065;0.02285854198536522;-0.03068697268615911;-6.336422271529875e-07;-3.115579944628333e-06;-0.11937093532015533;0.992849726691146
36.823;0.005759644791108732;0.022920025491796395;-0.030686972682656945;-6.346834489834602e-07;-3.1153109804329584e-06;-0.11970257448128313;0.992809797318925
36.917;0.0057754613766933;0.022961005688676928;-0.030686972678655194;-6.353763491271665e-07;-3.115122733734034e-06;-0.11992365813297276;0.9927831164005049
37.005;0.005799220726341562;0.023022462753480192;-0.030686972675247386;-6.364140799517382e-07;-3.1148502937438512e-06;-0.12025526990393831;0.9927430030225466
37.098;0.005823021431042639;0.023083903917588227;-0.03068697266984416;-6.374542701991009e-07;-3.114572520887171e-06;-0.12058686519584111;0.992702779250735
37.192;0.005846863478973648;0.023145329154077007;-0.030686972664180176;-6.384931747517405e-07;-3.1142925447565982e-06;-0.12091844397534396;0.9926624450922255
37.286;0.005862781140331903;0.02318627044993104;-0.03068697266132662;-6.391848738007969e-07;-3.114106109403988e-06;-0.12113948730503842;0.9926354943308073
37.378;0.005886692067726839;0.02324766908105799;-0.030686972656518395;-6.40226656293102e-07;-3.1138337204081298e-06;-0.12147103849027606;0.9925949762103313
37.47;0.005910644306981299;0.023309051713016712;-0.030686972652548147;-6.412633691793792e-07;-3.11355723327733e-06;-0.12180257307339357;0.9925543477223779
37.564;0.0059266354117499835;0.023349964566190744;-0.03068697264830591;-6.41955351627425e-07;-3.1133669039408237e-06;-0.12202358688847961;0.9925272007520825
37.658;0.0059506564779720425;0.023411320473862636;-0.030686972644513852;-6.42998345298537e-07;-3.1130961931127028e-06;-0.12235509372774475;0.9924863883342533
37.748;0.005974718824460938;0.02347266031031855;-0.030686972639657764;-6.44035133762692e-07;-3.1128164478452386e-06;-0.12268658387474901;0.99244546556828
37.843;0.0059988224395906686;0.02353398404954654;-0.030686972634771457;-6.450753308686728e-07;-3.112535281996039e-06;-0.12301805729649896;0.9924044324613285
37.936;0.006014914437485538;0.023574857586282253;-0.030686972632164584;-6.457674547935545e-07;-3.1123512675874067e-06;-0.12323903026954958;0.9923770157596948
38.033;0.0060390868071084815;0.0236361544366423;-0.030686972626726955;-6.468048213245217e-07;-3.1120699617811617e-06;-0.1235704757411121;0.992335798767238
38.127;0.006063300413574803;0.023697435118278085;-0.030686972622449727;-6.478440609690595e-07;-3.1117898797737623e-06;-0.12390190439761442;0.992294471453178
38.221;0.006087555244962765;0.023758699604044146;-0.0306869726178879;-6.488819634692888e-07;-3.111512037885203e-06;-0.12423331620548717;0.9922530338247825
38.315;0.006103748029352551;0.02379953358365436;-0.030686972616462416;-6.495726034860662e-07;-3.111329304574967e-06;-0.12445424803372278;0.9922253474570475
38.407;0.006128071542380304;0.02386077101708214;-0.030686972609461377;-6.506141911555196e-07;-3.111040315101639e-06;-0.12478563168414793;0.9921837259878264
38.494;0.006152436248417098;0.02392199218302141;-0.030686972606368716;-6.51649003495345e-07;-3.110764948326787e-06;-0.12511699839657683;0.9921419942236743
38.591;0.006168702264898854;0.02396279724331077;-0.030686972604038285;-6.523398419289728e-07;-3.110577687419576e-06;-0.12533790011062496;0.9921141117763409
38.687;0.006193135599451076;0.024023991238203243;-0.030686972598280373;-6.533831710923669e-07;-3.1102967607406047e-06;-0.12566923851580852;0.992072196203863
38.779;0.006217610094926735;0.024085168893832786;-0.030686972594683514;-6.544195169310679e-07;-3.1100178036146933e-06;-0.12600055989177972;0.9920301703561529
38.873;0.0062421257395;0.024146330184659573;-0.03068697258934786;-6.554590376086478e-07;-3.109732964928651e-06;-0.1263318642040388;0.9919880342406516
38.966;0.006258492357071102;0.024187095273013947;-0.030686972586445697;-6.561488872944372e-07;-3.109544662645552e-06;-0.12655272424933292;0.9919598822406944
39.06;0.006283076556509212;0.024248229228272352;-0.030686972582212875;-6.571854837376292e-07;-3.1092586453537695e-06;-0.12688400004738346;0.9919175623618509
39.152;0.006307701872777655;0.024309346746983342;-0.03068697257715924;-6.582282034145402e-07;-3.1089810284350776e-06;-0.12721525869247396;0.9918751322347527
39.246;0.006332368293679086;0.024370447801748484;-0.030686972573949547;-6.592630367801889e-07;-3.1087004849699112e-06;-0.12754650014952013;0.991832591866949
39.339;0.006348835404281036;0.024411172678801763;-0.03068697257050326;-6.599563969210697e-07;-3.1085120351786296e-06;-0.12776731822194115;0.991804170380562
39.434;0.006373570306037142;0.024472246234760277;-0.030686972565821206;-6.609916271436941e-07;-3.108224340977612e-06;-0.12809853095658705;0.991761446294756
39.527;0.0063983462802853445;0.02453330325597075;-0.030686972561832955;-6.620292419308203e-07;-3.1079431743087016e-06;-0.12842972641349756;0.9917186119879252
39.62;0.006414886408401136;0.024573998737528725;-0.030686972557454145;-6.62725547927925e-07;-3.1077532593117006e-06;-0.12865051376863484;0.9916899945532218
39.713;0.00643973080942444;0.024635028140862755;-0.030686972553106436;-6.637609571049009e-07;-3.1074650912019297e-06;-0.12898168035178467;0.9916469765614846
39.809;0.006464616250401138;0.02469604093812288;-0.030686972548749726;-6.647973820500401e-07;-3.1071832046361706e-06;-0.12931282956617013;0.9916038483686387
39.904;0.00648954271895822;0.024757037102191234;-0.030686972544451387;-6.658365343695212e-07;-3.1068950942734613e-06;-0.1296439613766585;0.9915606099823002
39.994;0.006506183151821433;0.024797691957903052;-0.030686972541796382;-6.665286088993445e-07;-3.106710679690604e-06;-0.12986470623221694;0.9915317231763814
40.086;0.006531177972627424;0.02485866034080095;-0.030686972538154906;-6.675610800390544e-07;-3.106420799998271e-06;-0.13019580896091593;0.991488301150809
40.179;0.006556213788475294;0.024919612019478933;-0.030686972534045898;-6.685999271397353e-07;-3.1061369281772416e-06;-0.13052689419571803;0.9914447689516168
40.274;0.0065812905870266695;0.024980546967204233;-0.030686972528752868;-6.696359880222889e-07;-3.105847632025721e-06;-0.13085796190137883;0.9914011265864705
40.367;0.006598031214797874;0.025021160957445828;-0.030686972526162048;-6.703282263470602e-07;-3.1056602122021112e-06;-0.13107866395051357;0.9913719704766996
40.461;0.006623176290446132;0.025082067960454087;-0.030686972520567155;-6.713726943955593e-07;-3.1053753789665063e-06;-0.13140970236616276;0.9913281445182229
40.556;0.006648362316015593;0.025142958161366677;-0.030686972517267992;-6.724067134414263e-07;-3.1050895554447127e-06;-0.1317407231615391;0.9912842084139045
40.651;0.006673589279093189;0.025203831533249628;-0.03068697251220319;-6.734400735162688e-07;-3.1047931480467884e-06;-0.13207172630184985;0.9912401621713862
40.743;0.006690429991413249;0.02524440441841357;-0.03068697251138467;-6.74127811724726e-07;-3.104607872451592e-06;-0.1322923852381753;0.9912107368253742
40.835;0.006715725156189915;0.025305249682574135;-0.03068697250644941;-6.751693530321698e-07;-3.104322086629459e-06;-0.13262335887952317;0.9911665070357355
40.93;0.0067410612253938716;0.025366078046337327;-0.030686972501898356;-6.762025692603196e-07;-3.1040268001852225e-06;-0.13295431477426392;0.9911221671281567
41.02;0.006757974656878293;0.025406620886941712;-0.03068697250010049;-6.768933002482245e-07;-3.1038378388170557e-06;-0.13317494216239345;0.9910925460167437
41.109;0.006783378872713685;0.025467421024580102;-0.03068697249421452;-6.77931317263098e-07;-3.1035465048296084e-06;-0.13350586840499512;0.9910480225959469
41.203;0.006808823959885812;0.025528204190577775;-0.030686972490174616;-6.78966954482598e-07;-3.1032568460599004e-06;-0.1338367768103375;0.9910033890774183
41.297;0.006825810051493757;0.02556871685960981;-0.030686972486766523;-6.796593114719628e-07;-3.1030630467431625e-06;-0.13405737248720134;0.9909735722367861
41.389;0.006851323229894533;0.025629471680816876;-0.030686972483649363;-6.806945838901961e-07;-3.1027763354425163e-06;-0.13438825108735553;0.9909287552390391
41.484;0.006876877246336574;0.02569020945942531;-0.030686972477827118;-6.817321554691958e-07;-3.102481181578709e-06;-0.13471911175768111;0.9908838281640949
41.579;0.0069024720883934364;0.025750930168876682;-0.030686972474358733;-6.827705103126112e-07;-3.102197737641661e-06;-0.135049954465416;0.9908387910194066
41.671;0.006919557990997914;0.025791401145559962;-0.03068697247123068;-6.834595333683748e-07;-3.101999524404916e-06;-0.1352705062729424;0.9908087051104126
41.76;0.006911772291624853;0.025827327441335778;-0.03068667080583163;-1.6144928826250163e-06;-2.877944856585883e-06;-0.13558696198330275;0.9907654494022534
41.855;0.004332117566590537;0.024389581670451164;-0.03068683105473711;-9.793400444894551e-07;-3.027398475422257e-06;-0.13580360929936067;0.9907357769310354
41.943;0.00043573495891303417;0.02218751175618808;-0.0306868153511243;-1.0972574810632127e-06;-2.7176849252889726e-06;-0.13693776420256376;0.9905796528935032
42.032;-0.00920035511119647;0.016807525459909354;-0.030686829930769915;-1.0099938269455314e-06;-2.9675175390956154e-06;-0.13760445203508126;0.9904872612862312
42.124;-0.023049105261323387;0.009155548217527332;-0.030685905387401638;1.2117073095674089e-06;3.450652702863573e-06;-0.1393455559671301;0.9902438164506943
42.205;-0.03502130556473969;0.0035556580560762406;-0.030687330918254;-7.027774520561276e-06;-1.5151461683758514e-07;-0.13958989702206998;0.990209402399288
42.299;-0.05599541714323001;-0.004699962569898967;-0.030687272805046503;-6.744970723344273e-06;3.180081687340318e-07;-0.14036820855010804;0.9900993717717621
42.382;-0.07191663786697623;-0.009632740364831294;-0.030685183247588593;2.07369946339562e-07;3.239106812386401e-06;-0.14122950876656462;0.9899768814689666
42.471;-0.09864180006647909;-0.016343141771323566;-0.030685344796031206;1.2099946579638401e-06;4.022304233074506e-06;-0.1441907402470693;0.9895499130460066
42.566;-0.11825678844824361;-0.020137457460674805;-0.030685344144615538;1.143837425334636e-06;4.093461216428046e-06;-0.14638969930093218;0.9892269991870005
42.656;-0.150567578780874;-0.02491175644076342;-0.030685336305437586;1.1888423144167802e-06;4.042389652062248e-06;-0.1499499773600376;0.9886935846216309
42.734;-0.18624035627039454;-0.028392013461383318;-0.030685216751296363;1.8329187639656023e-08;3.7369747677591825e-06;-0.1538501886236481;0.9880941855139634
42.83;-0.21154442986039196;-0.03040914490116106;-0.030685285859728725;5.648795484301887e-07;3.610967940906956e-06;-0.15658401379385126;0.9876646427866337
42.92;-0.2503023446928893;-0.033335123878254;-0.03068528259207941;4.3134108855963215e-07;3.510262775228226e-06;-0.1579024991424068;0.9874547082028999
43.004;-0.2763845584432957;-0.035298180467446975;-0.030685281527251872;4.4087252485355473e-07;3.4824171311917004e-06;-0.15787674201706015;0.9874588266443098
43.086;-0.3156669915068947;-0.038221274298951544;-0.030685293601474872;4.751856500552621e-07;3.6521731918983583e-06;-0.15874362619807691;0.987319837300923
43.181;-0.3418711613743992;-0.04014663334428592;-0.030685280948089255;4.4844404640386327e-07;3.461242019005602e-06;-0.15875833589003366;0.9873174721300367
43.271;-0.3812071512002322;-0.04303911171510802;-0.03068528115685929;4.4983290886022814e-07;3.458518283739451e-06;-0.158712181446092;0.9873248925497925
43.358;-0.4204997055903674;-0.04611653873207152;-0.030684300301370697;-8.259264687795328e-06;-2.2683415797026614e-06;-0.15902939981463562;0.9872738474816579
43.452;-0.44510854775712316;-0.050641862925079786;-0.03068427822510146;-8.690552617014633e-06;-1.2468092058294254e-06;-0.16133918631279748;0.9868990155445716
43.534;-0.47473327453391895;-0.0644518933414649;-0.030684152508169096;-1.219305701677638e-05;-7.209357933228245e-06;-0.16103484204292673;0.9869487217923555
43.603;-0.48730714252949636;-0.07817223051539612;-0.030687065126996357;-8.047433038824416e-06;-2.7763168007326084e-05;-0.16133122778527598;0.9869003161949745
43.692;-0.49333800142156975;-0.09436035373516566;-0.030685521961826605;-1.0430501591626968e-05;-8.170516268255991e-06;-0.16181707813110444;0.9868207704794013
43.789;-0.4998281488161067;-0.12064846307776972;-0.030685571026956245;-1.0559817718957386e-05;-7.954208701386944e-06;-0.16171001314415073;0.9868383208378866
43.879;-0.5039010825795116;-0.1506996724276401;-0.030685608922883197;-1.0620091418229815e-05;-7.4830673263347074e-06;-0.16127456621653324;0.9869095774805747
43.97;-0.5059914402855044;-0.18499214047174545;-0.030685629940561093;-1.0411078506216214e-05;-7.872908732558292e-06;-0.15967379965824785;0.987169832162797
44.065;-0.5064513323010869;-0.20949860697187406;-0.0306856246910124;-9.63833927690566e-06;-7.729594504757579e-06;-0.16265380249528014;0.9866832016311934
44.149;-0.5056664716987945;-0.24701976881573443;-0.030686903925098565;2.0297244446473987e-07;-3.0732718128913435e-06;-0.17881401523004148;0.9838828934115199
44.237;-0.505611350551399;-0.27238625605419176;-0.030686838929136442;-1.512041073181263e-07;-2.9267130472995476e-06;-0.191890013168157;0.9814164370122073
44.331;-0.5069208416340928;-0.3108921259284621;-0.03068670408583865;-1.5494222515474625e-06;9.55051033272237e-06;-0.20917313706384552;0.9778786216280918
44.416;-0.5158650497465015;-0.3488427209621691;-0.030684840159543154;1.2815429377382607e-06;1.652679142500499e-05;-0.20908939633160561;0.9778965303481282
44.507;-0.5261271378782729;-0.37318563633210383;-0.03068567364306884;-9.041382825643778e-06;-5.300076127795146e-06;-0.2028799456464392;0.9792036190418519
44.595;-0.5363995436003257;-0.3979033160116682;-0.030685662497725284;-9.294359728093755e-06;-6.325475685552357e-06;-0.1914625453530822;0.9814999203262943
44.685;-0.5505958800394493;-0.43561746911710175;-0.03068677439809645;-5.528989048725929e-07;-6.109358576376081e-06;-0.16839600087495982;0.9857194260293802
44.775;-0.5636512424577892;-0.47425262993925177;-0.030685422562364947;1.789006038063049e-06;-1.1087669048585154e-06;-0.15956877545062098;0.9871868140816911
44.866;-0.5766146406342648;-0.5128919777514267;-0.030685342015451672;1.3169652446936996e-06;7.87904293702567e-07;-0.1643745288374273;0.9863979999306156
44.955;-0.5854982015979883;-0.5383926404484822;-0.0306853418664621;1.3126546815485417e-06;1.8364988451082075e-06;-0.17132920042479502;0.9852138372336763
45.049;-0.5995659222491972;-0.5760960073057041;-0.030685479659802256;2.2439714421813057e-06;-5.931239970598694e-08;-0.18651146460832183;0.9824527843945579
45.136;-0.6147923022697741;-0.6126769839665009;-0.030685375849540474;1.5212032323983384e-06;2.2209574133110512e-06;-0.20854601714715695;0.9780125555046882
45.221;-0.6258552520393387;-0.6365939251076164;-0.030686955695141373;-3.1483707035706774e-06;-3.808318325785195e-06;-0.22405713105456251;0.9745760114014622
45.305;-0.6377525751224844;-0.6603968750204556;-0.030686866742601238;-2.625809775965925e-07;-2.7940112106327015e-06;-0.2372472379292672;0.9714493028908189
45.396;-0.6567394004922039;-0.6956972920270696;-0.030685731969277697;-1.0740018656900417e-05;-3.4744791793776347e-06;-0.2539864124712762;0.9672077864412336
45.489;-0.676773596533518;-0.7309122233172332;-0.030685744140971083;-1.008206372333055e-05;-4.283106654302999e-06;-0.26053099858173717;0.9654654828931015
45.572;-0.6903837947835713;-0.7543515474758425;-0.030686959129606162;-6.585239544772216e-07;-4.2365751032045265e-06;-0.26129382875886353;0.9652593097371047
45.664;-0.710994281624813;-0.7893821535980736;-0.03068693255616224;-2.869975703117649e-08;-3.993422425754935e-06;-0.2661015740773551;0.9639449944149333
45.757;-0.732038501032775;-0.8238505413225022;-0.030686959586829744;-8.026098713607483e-07;-3.0980035911066663e-06;-0.27754698223914254;0.9607120654179916
45.841;-0.746539689365431;-0.8464903723823753;-0.030686966499672178;-8.455321410727681e-07;-3.0903337664852696e-06;-0.2861861906159134;0.9581740260988539
45.916;-0.7614672412049096;-0.8689281290362062;-0.03068699463296433;-1.2340782490393205e-06;-3.211386785655945e-06;-0.2937914846205023;0.9558695327044612
46.016;-0.7845126927713969;-0.9023476887628573;-0.03068699946839465;-1.3816267119181734e-06;-3.342811848768113e-06;-0.3016373661067091;0.9534227285706607
46.108;-0.8078930467961475;-0.9356249737462126;-0.03068698853358814;-2.0272879934512204e-06;-3.6126565354843797e-06;-0.30312625284116457;0.9529504052264803
46.195;-0.831383863990902;-0.968904733322111;-0.030687012238474136;-1.4056260447415206e-06;-3.978016691905851e-06;-0.3027826175804667;0.953059644761712
46.287;-0.8470470101908083;-0.99110085527157;-0.03068704382258539;-1.9250489152911158e-06;-3.6592292584653045e-06;-0.30292337249132206;0.9530149161379311
46.375;-0.8705067874012232;-1.0241029244547089;-0.030686303769500475;-1.3069794259939455e-05;8.318191787505032e-06;-0.3095715109413451;0.9508761640579076
46.464;-0.8946038421691381;-1.056562277130058;-0.030685651284592972;-1.2012214145697392e-05;5.454100250220702e-06;-0.3168663934309261;0.9484701832635737
46.555;-0.91093435885865;-1.077953760345575;-0.03068565421919311;-1.1991986177379278e-05;5.517371603292937e-06;-0.3217254713166924;0.9468329952699172
46.642;-0.9357938618911994;-1.1097494849486012;-0.03068583566267443;-7.923526301122916e-06;5.92363552315549e-06;-0.3295114639177229;0.9441515741918388
46.735;-0.9526790111055091;-1.1308393812564956;-0.030685707559740233;-6.740384587683289e-06;6.249019828080517e-06;-0.33411821548673115;0.9425311761398025
46.827;-0.9784296067069489;-1.1622349987586267;-0.030685841898106265;-1.2204779333913964e-05;6.322052222140004e-06;-0.34072513199633775;0.9401629562140562
46.915;-1.0046185684122468;-1.1932634754922766;-0.030685230473878305;-4.868059825449886e-06;4.37573350159488e-06;-0.34505238483570316;0.938583428191841
47.006;-1.0221987855754422;-1.2138120559940724;-0.030685729855809474;-6.686139483018979e-06;6.41393924607315e-06;-0.3494059749356237;0.9369714321116964
47.091;-1.0487891493257517;-1.2444502937253048;-0.030687207281320183;-7.876048056546417e-06;1.547805528305677e-06;-0.35334835150458604;0.9354918184701371
47.181;-1.0667249057579495;-1.2647400024824016;-0.030687269335426978;-7.2927278261363905e-06;7.773665875793975e-07;-0.3565262828808129;0.9342852934523814
47.271;-1.0938854752016436;-1.2948208751950323;-0.03068742645480548;-5.687410069083027e-06;-9.352318073455886e-07;-0.364867027931949;0.9310596392792919
47.351;-1.112176957660145;-1.3142127680818467;-0.030687435059336007;-5.135592561251607e-06;-9.386073567671415e-07;-0.37612340954405;0.9265695768617181
47.431;-1.140075699330545;-1.3417147143462445;-0.030686193549280785;-1.304113859883257e-05;9.255910943468253e-06;-0.39992671060078644;0.916547121479464
47.516;-1.1595017285464;-1.3592799203130936;-0.030688683823908464;-1.0827113335317505e-05;4.276058444203636e-07;-0.41432058974831215;0.9101310063903997
47.605;-1.1894851702582654;-1.3841344033757017;-0.030687356688330485;-5.945078231157118e-06;1.3883041509410957e-06;-0.4394345594807128;0.8982746060624894
47.687;-1.2102830019529789;-1.3998895640412992;-0.03068626907643172;-1.4821205480375119e-05;9.490225218386969e-06;-0.4550455236693348;0.8904681752195124
47.783;-1.2431723603212657;-1.4231853841799817;-0.030685658611837884;-5.578290197943059e-06;6.768281244986079e-06;-0.4649217957307507;0.8853517514398258
47.783;-1.2654541250388427;-1.4384982846774483;-0.030686021246696463;-1.1912619821058847e-05;8.004885818745028e-06;-0.4687127450175412;0.8833506452435141
47.953;-1.299036840554562;-1.461183219326529;-0.030687303334530958;-7.023242964124485e-06;1.7550591168403722e-06;-0.4732047603853136;0.8809524701686646
47.953;-1.3216344304706371;-1.4760708935168108;-0.030686116367905098;-1.2074330409751596e-05;8.406843477656846e-06;-0.47756621995799087;0.8785957576374764
48.034;-1.3557697760892717;-1.4982384918891243;-0.030685848479115735;-6.956353423371346e-06;6.585625104571012e-06;-0.4779650725143083;0.8783788415966262
48.115;-1.3785425442549235;-1.5130335649723587;-0.030685771623528056;-6.327191910739408e-06;6.6725701655235015e-06;-0.4768876415075465;0.8789642639452491
48.209;-1.4126157541101427;-1.535387380524211;-0.030685774873789776;-1.1177320359923607e-05;7.133054524945032e-06;-0.4740844225948377;0.8804793921933134
48.297;-1.4465619225653328;-1.5581179389714752;-0.030685766935171867;-6.302585123267867e-06;6.6443024758576885e-06;-0.4691559919911039;0.8831153124564052
48.387;-1.4690521423934346;-1.5734447456016247;-0.030685763038101808;-1.1244054260847066e-05;7.008355565142198e-06;-0.4668466778181874;0.8843382719494706
48.477;-1.5026166511099708;-1.596589444516699;-0.03068724231032769;-7.2183629573432605e-06;1.745355867245294e-06;-0.46594014043732984;0.8848162439027046
48.567;-1.5250192008444297;-1.611991312161606;-0.030687307442450247;-7.266059874468828e-06;1.5690913880057599e-06;-0.46661652535116305;0.8844597323869244
48.655;-1.5586918968504333;-1.634984454370607;-0.03068741383478117;-6.365307475259416e-06;6.467989617403295e-08;-0.4692557343346461;0.8830623170272474
48.746;-1.5922457462764128;-1.6578041749666301;-0.030685802620347813;-6.577020690080613e-06;6.48894906541633e-06;-0.4678530809359775;0.8838062539795416
48.835;-1.6145647199712783;-1.6731763821602266;-0.03068577511178753;-1.1217098943957519e-05;6.86351094068038e-06;-0.4638598874639336;0.8859085757734912
48.927;-1.6478819870761872;-1.6968016209895445;-0.030685691208352427;-1.1377713249221018e-05;6.587009082723608e-06;-0.4545692855411773;0.8907113811273225
49.007;-1.669816103726067;-1.7130031226596154;-0.03068568202603311;-1.1478137075169228e-05;6.332292176070016e-06;-0.44726523492988446;0.8944013693254668
49.096;-1.7011899772000305;-1.7382388013461534;-0.030685784725430244;-6.754220670109984e-06;5.920720512641612e-06;-0.44117300277867905;0.8974220754687113
49.188;-1.7207780426887573;-1.7542606027142351;-0.03068583395976136;-1.1211097217243609e-05;7.714242363602287e-06;-0.44260961895752665;0.8967144054943441
49.27;-1.7512751104324435;-1.778101844111872;-0.030685798837529428;-1.1562450389110513e-05;6.430145210451592e-06;-0.4351678631725054;0.9003493381387241
49.361;-1.7719860101676042;-1.7949665451161427;-0.030685748933373534;-1.1404579392610347e-05;6.00738804876777e-06;-0.42534640830160575;0.9050306253264421
49.44;-1.8026404585631264;-1.821468474059005;-0.030685690132465804;-1.164282818875647e-05;5.542092166657844e-06;-0.40739356383658337;0.9132526944817942
49.524;-1.8225779506690396;-1.8398815145566538;-0.03068559229992371;-1.2239992320050433e-05;5.373098332576316e-06;-0.3944869503622622;0.9189015430475643
49.609;-1.851787262689143;-1.8686197803193536;-0.03068581969848914;-7.325716257454381e-06;5.408412322086125e-06;-0.3799111070110302;0.925023000085261
49.703;-1.8707843787971157;-1.888130004217591;-0.030685687138129046;-6.300794617592466e-06;5.825246645583604e-06;-0.3735610136637181;0.9276056106971874
49.787;-1.8987345039934793;-1.9177850366751166;-0.03068580546415716;-1.1757632711192068e-05;5.482364068760279e-06;-0.36517482056688155;0.9309389616165219
49.863;-1.9170517256652626;-1.9379050434067457;-0.030685229742341336;-4.7387953468108444e-06;4.1404972459570935e-06;-0.3572133787264048;0.934022805941732
49.956;-1.9440624928056849;-1.9685690349368494;-0.030685897631562715;-1.2016363134304773e-05;5.6225544060738614e-06;-0.35067822183755926;0.9364960141681552
50.047;-1.9617584013130285;-1.9892279266844437;-0.03068581254150429;-1.1877548909194204e-05;5.220435367551365e-06;-0.3447842074312671;0.9386819749721755
50.126;-1.987739106798186;-2.020738887408317;-0.030685732567542527;-1.2089365495626095e-05;4.946236146729838e-06;-0.33172905526229973;0.9433747048358698
50.219;-2.0129934097121787;-2.0530242060369246;-0.030687025627052972;-2.5987314147110948e-06;-3.6587742558360413e-06;-0.3220138302758608;0.9467349645444227
50.306;-2.029472871014749;-2.0747349476508656;-0.03068583567957997;-1.0318744083463034e-05;-4.723850590567573e-06;-0.3177464397259836;0.948175722064571
50.389;-2.0535562770552107;-2.1076543315716965;-0.030685858682747646;-1.000648290562425e-05;-5.137556893828348e-06;-0.3049546605556946;0.9523668698977495
50.481;-2.0689063231447262;-2.129947824715827;-0.03068590809410325;-8.800689867340296e-06;-5.179196322348462e-06;-0.29218292540339447;0.9563624511650581
50.562;-2.0905390220318414;-2.164023394373985;-0.030686981504941813;-1.0875145175592279e-06;-5.9129628780945875e-06;-0.26744861157255095;0.9635721250284116
50.644;-2.104337668063975;-2.1875120377063637;-0.03068536621148182;7.087379603641433e-07;2.8221372553221874e-06;-0.2584117263191963;0.9660348749875785
50.735;-2.1243250233254254;-2.2230631985382248;-0.030685367699603477;6.875155562412363e-07;3.1123758240763444e-06;-0.24906427468310677;0.9684869576129658
50.829;-2.137245864288943;-2.2469089631577837;-0.030685423548683304;9.590556906653643e-07;-3.6122762703167266e-06;-0.24323977686447357;0.9699661906154013
50.904;-2.1563962345491863;-2.282863152488294;-0.030685888594225524;-9.559547288341104e-06;-4.606330010656045e-06;-0.24307136410535515;0.9700084081281763
51.0;-2.1690522323694506;-2.306911815968156;-0.030685892266966178;-9.519812095246601e-06;-5.132388028659676e-06;-0.23966550015303487;0.9708555237106227
51.08;-2.187596969081172;-2.3432670404881697;-0.030685843973105406;-1.0062490882369742e-05;-5.984233111733984e-06;-0.2283203102446034;0.973586070048634
51.171;-2.1996456910108346;-2.3678195431146425;-0.03068583949616671;-9.995531182054193e-06;-5.96839264396087e-06;-0.2226347021713327;0.9749019382756143
51.266;-2.217193536657912;-2.404865405240743;-0.030687277092550893;-1.085198786292138e-06;-3.867099803525005e-06;-0.2175699630834564;0.9760447280466871
51.356;-2.234493200898961;-2.441868603659743;-0.030687211479090957;-1.5420305269129673e-06;-3.820516973338131e-06;-0.21716655724548628;0.9761345636730465
51.443;-2.245994019413038;-2.4665135443156117;-0.030687213654753173;-1.5472912820861406e-06;-3.820269612835562e-06;-0.21688919168606163;0.9761962295116583
51.535;-2.263211416214323;-2.5034770641132353;-0.03068721791318187;-1.548133292181796e-06;-3.82076441662221e-06;-0.2164730276065139;0.9762885988793861
51.617;-2.274549086616979;-2.528157492458059;-0.030685883029448774;-9.850449825063027e-06;-5.858380306291427e-06;-0.21382120720954048;0.9768728122002899
51.712;-2.2911313803717186;-2.565418889834229;-0.03068704873438015;-4.930890421377138e-07;-5.2657850252516804e-06;-0.2028614865598542;0.9792074434167434
51.804;-2.307042422175159;-2.6030104462449972;-0.03068556086375012;6.84992397870335e-07;-2.17516883422673e-06;-0.1955075763016457;0.9807021910873127
51.885;-2.3174212699546306;-2.628132400462212;-0.030685930303134663;-9.336238342615326e-06;-5.084042419961175e-06;-0.1953191817762484;0.9807397295497129
51.984;-2.332747540057621;-2.665933521957136;-0.030685907002641084;-9.563965009670205e-06;-6.0883919683201764e-06;-0.18896050071970438;0.9819846888008085
52.067;-2.3472405260596796;-2.7039978393388586;-0.030685897762828093;-9.753584680313496e-06;-6.788592646199421e-06;-0.17421235755499576;0.9847081061583237
52.16;-2.3563069117455373;-2.729703730130618;-0.03068589981260726;-9.669583401213149e-06;-6.926176224317859e-06;-0.16361400076270144;0.9865244338651474
52.242;-2.36479879087173;-2.755628275513825;-0.0306859373622744;-8.95894565476857e-06;-6.581090001885636e-06;-0.15279912520781433;0.9882572677254405
52.326;-2.3761748949743224;-2.7946760850351415;-0.03068599019319194;-7.697052139298537e-06;-6.5494055723009184e-06;-0.13198155500955883;0.9912521722725854
52.412;-2.385671249099724;-2.8339582592031016;-0.030687058120501;-7.591624922826868e-08;-6.009297078217011e-06;-0.10614402958729034;0.9943507655484835
52.504;-2.391136408662075;-2.860659295188401;-0.030685602283510006;1.095684615141851e-06;-5.263396189225656e-07;-0.09733372595193057;0.9952518001947233
52.599;-2.398855182318487;-2.9008380649850616;-0.03068556965940299;8.716088449191714e-07;9.89254251406349e-07;-0.09333752440963898;0.9956345245798488
52.689;-2.4063562141076478;-2.9409854148983645;-0.03068571324082569;1.857464213555326e-06;-1.3228293093220976e-06;-0.0923994230911208;0.9957220227589767
52.775;-2.4113926956339946;-2.967674126574345;-0.03068551726072746;4.252409168147893e-07;3.025343925256145e-06;-0.0954308656882214;0.9954360601588949
52.868;-2.419263655840426;-3.0076596978986214;-0.030685522844131216;4.4951490447242914e-07;2.999995043496319e-06;-0.10032379103830308;0.9949548416599122
52.95;-2.4246550050705795;-3.034292353748562;-0.030687581162444362;-5.628107584575491e-07;-3.944275515894992e-06;-0.1014821175822209;0.9948373634897084
53.041;-2.4327453652702475;-3.0742459425293123;-0.030685915145782193;-9.216059825930672e-06;-7.263275573079137e-06;-0.09853586041703012;0.9951335006290285
53.125;-2.440599853265953;-3.1143659644813875;-0.03068712095519355;1.6420116526675372e-07;-4.745365823279224e-06;-0.09404511827485744;0.9955679362585572
53.215;-2.4456660815363236;-3.141122339012492;-0.03068721502377013;6.545812778509471e-07;-4.59696719026543e-06;-0.09380563362367679;0.9955905298258417
53.306;-2.453378170139487;-3.181121340888614;-0.030687280207996867;-8.291836207520872e-07;-3.7398761115152474e-06;-0.09770814865933146;0.9952151112552962
53.385;-2.458699137525977;-3.2077470789185494;-0.03068728303607985;-8.40728889350996e-07;-3.7374699604953433e-06;-0.1004234821472028;0.99494478450754
53.48;-2.4669331519062814;-3.247632786888124;-0.030686022371514993;-9.037611408206881e-06;-6.410549599120145e-06;-0.10431634896289133;0.9945441665488159
53.574;-2.4726115060631866;-3.274185752177908;-0.030685924265291906;-9.133390191635382e-06;-6.934655743828517e-06;-0.10519671040181192;0.9944514326949956
53.659;-2.4811805807453013;-3.3140244338610243;-0.030685932257089314;-9.168865146341978e-06;-6.983263823151087e-06;-0.10542889016871741;0.994426844461149
53.747;-2.4897681826207942;-3.3538922073693516;-0.03068714110091769;4.003173979802172e-07;-4.619474120522952e-06;-0.10545390433332771;0.9944241922033865
53.838;-2.4954813681630874;-3.380430167129689;-0.030686082367933888;-9.00424635882248e-06;-6.642949313521535e-06;-0.10785126791295577;0.9941670402323559
53.932;-2.5042862250598086;-3.4201950008892323;-0.030685956311914897;-9.266730322614644e-06;-6.658668727796944e-06;-0.10909011370949535;0.9940318641576031
54.018;-2.513138989389147;-3.4599601086630853;-0.03068739458841712;-4.5934069805164373e-07;-3.7453741620231475e-06;-0.11033839883006205;0.9938940777212527
54.105;-2.519095978872644;-3.4864375532144494;-0.030686068112886405;-9.156880462682283e-06;-6.14242232387187e-06;-0.11277421160397923;0.9936206404234581
54.193;-2.5282426843728527;-3.5261541365075657;-0.030685957675906893;-9.216984820169217e-06;-6.916533167903344e-06;-0.1125582925019638;0.9936451230979051
54.282;-2.5343509840365295;-3.552649743418474;-0.030685960784996517;-9.213611728389126e-06;-6.918665063033201e-06;-0.1124532994884961;0.9936570108953049
54.373;-2.543561056317061;-3.5923623588011733;-0.03068596224773532;-9.18455609861922e-06;-6.858412021572098e-06;-0.11344048480580614;0.9935447932909868
54.465;-2.549705901728917;-3.618823883445991;-0.03068596808136538;-9.231152896074428e-06;-6.959672838236428e-06;-0.11372460842081969;0.993512311602569
54.551;-2.558957316682136;-3.658538208235906;-0.030687177638808086;3.609082541916369e-07;-4.622832827465331e-06;-0.11374959855643822;0.993509450788843
54.644;-2.5682629466847873;-3.6981780167439307;-0.030687339362041908;-9.163854802827629e-07;-3.7210921062599313e-06;-0.11765657715235561;0.9930543438493715
54.732;-2.574627625003087;-3.7245691887479646;-0.030686079452957184;-9.140559309561556e-06;-6.262866392071802e-06;-0.12018756333299906;0.9927512022139803
54.819;-2.58443657760938;-3.764098345415407;-0.030685982968700412;-9.245746705479159e-06;-6.781875877702407e-06;-0.12152484643797734;0.9925883898004995
54.91;-2.594310189894742;-3.8036332060719;-0.030685990993125696;-9.283536572060493e-06;-6.8306547825017605e-06;-0.12175621878051059;0.9925600349880257
54.994;-2.6009077024023908;-3.8300094189917604;-0.030685994060585267;-9.27836409426512e-06;-6.832467519556376e-06;-0.1216515080634046;0.9925728741271992
55.083;-2.610798226988874;-3.8695292405650634;-0.030687355448921413;-9.76291404395224e-07;-3.712331006571768e-06;-0.12433093355920122;0.9922408069342658
55.174;-2.614113507404956;-3.8826905203719484;-0.03068611547696279;-9.233325306305291e-06;-6.022118399522537e-06;-0.12540399332937704;0.9921057596524302
55.259;-2.6276589048606716;-3.9353288563552105;-0.030686006699502708;-9.303056275097267e-06;-6.799612183824384e-06;-0.12513577341831894;0.9921396263017709
55.351;-2.6378244084291795;-3.974832963151633;-0.03068601139105681;-9.29998988762733e-06;-6.801362589781819e-06;-0.1249784656480564;0.9921594544182447
55.441;-2.644594979434129;-4.001172839644019;-0.030686014531185128;-9.298946673311271e-06;-6.802405592110503e-06;-0.12487355130255119;0.9921726644351505
55.528;-2.65468073199811;-4.040714916940003;-0.030687250058317295;-3.7341752826273824e-07;-4.444982051962202e-06;-0.12370392783624701;0.9923191715461248
55.615;-2.661344483104692;-4.067080887186222;-0.030687391768350378;-1.131451498896424e-06;-3.8724329437807324e-06;-0.12431370929602073;0.9922429650366833
55.706;-2.671396953443581;-4.106596092754485;-0.03068741435702268;-1.2037928912371791e-06;-3.95919720266088e-06;-0.12486591162097364;0.9921736259838493
55.795;-2.6814448607992407;-4.14610664603597;-0.030687412987648197;-1.17514073762581e-06;-3.952081424111009e-06;-0.12443841686595165;0.9922273330194525
55.887;-2.6881243854104273;-4.172450937907353;-0.030687416138815996;-1.1740408235558227e-06;-3.95243634397739e-06;-0.12415508875700176;0.9922628250210429
55.968;-2.698184405890178;-4.211907509266409;-0.03068740166204423;-9.60978749288688e-07;-3.7106874472867158e-06;-0.12673882491600952;0.9919361220583797
56.059;-2.7050261257551402;-4.23817246357289;-0.030687259715464106;-2.885617364015667e-07;-4.430729831087495e-06;-0.12844027976904285;0.9917172452433887
56.146;-2.7155313697622416;-4.2774307344540325;-0.03068739378518915;-7.961769126510494e-07;-3.5385242816355334e-06;-0.13426255521377106;0.990945793802221
56.234;-2.7228271620670905;-4.3035159973573505;-0.03068740225440387;-8.03198195111172e-07;-3.538441092547973e-06;-0.13900444561161757;0.9902917570529614
56.317;-2.7342003509554087;-4.342582461207599;-0.03068742005230001;-1.0010444082720341e-06;-3.697819114553492e-06;-0.14406208956899774;0.9895686506424595
56.407;-2.7459542622133273;-4.381509616006842;-0.030687458016359578;-2.037466914687088e-06;-3.0433771198265996e-06;-0.14996013794369997;0.9886920435679115
56.495;-2.7540265996018114;-4.407417929294555;-0.03068616072710377;-9.3431030299103e-06;-5.955503566628239e-06;-0.15259725746449956;0.9882884583417696
56.588;-2.766398229716293;-4.446217462472428;-0.030686064912547568;-9.465292420764666e-06;-6.473313127265802e-06;-0.15392850427523774;0.9880819882176239
56.682;-2.7788623116551334;-4.484969105722922;-0.030687429287284858;-1.0962361080955086e-06;-3.6776806052398986e-06;-0.15706027828734745;0.9875890182507976
56.777;-2.7870961024852448;-4.510231708689832;-0.030686067059995888;-8.352611371720767e-06;-6.8323672079339065e-06;-0.15798459768742354;0.9874415763867226
56.862;-2.7986040262778586;-4.5449465191547755;-0.030686077322809837;-9.695954766788301e-06;-6.4063903412214896e-06;-0.15881884301419427;0.9873077407620074
56.95;-2.8063507922220605;-4.568290313872227;-0.030687340612491596;-1.767549192862574e-06;-3.681641988429846e-06;-0.1604873889184042;0.9870378908539805
57.041;-2.818770145838383;-4.605154229901978;-0.030687438538571893;-1.276892701520201e-06;-3.688283734924502e-06;-0.16430139409227698;0.986410184398002
57.137;-2.831889268293811;-4.6431495857535925;-0.030686089605694505;-9.620681335077612e-06;-6.431411968307424e-06;-0.16718118144666955;0.9859261901563299
57.223;-2.8408331582755073;-4.668695976219673;-0.030686094630336377;-9.622619465047267e-06;-6.439088853088524e-06;-0.16746253634311234;0.9858784401676889
57.308;-2.8543217120201096;-4.707138643136108;-0.030686099575655084;-9.591488658819208e-06;-6.393166296390865e-06;-0.16730700458838882;0.9859048463633759
57.393;-2.863316238549165;-4.732795582603259;-0.030686102575325017;-9.586643066736372e-06;-6.395135379254683e-06;-0.16720282665206093;0.9859225195859762
57.49;-2.8768011079220788;-4.771293688634136;-0.030686107142123567;-9.583905314292099e-06;-6.397067330570687e-06;-0.16704637207909917;0.9859490399825122
57.582;-2.8902747428107625;-4.809798846596363;-0.030686111731029333;-9.582538008890603e-06;-6.398679588781803e-06;-0.1668898583960337;0.9859755448446902
57.667;-2.8992504962826913;-4.835471671667625;-0.030686114793431647;-9.581797332077502e-06;-6.399713846296976e-06;-0.16678550701510536;0.9859932020642673
57.752;-2.9126879850260425;-4.873989898337556;-0.030686134538877204;-9.632382355059928e-06;-6.1543706568434154e-06;-0.1665272223534067;0.986036857366194
57.836;-2.9216114979244523;-4.899696843831681;-0.03068612584483546;-9.606195332506225e-06;-6.46144412717988e-06;-0.16539801582862887;0.9862268989567884
57.925;-2.9346629395964157;-4.938344429917757;-0.030687329064878963;-2.0750586985341625e-07;-5.239587873536274e-06;-0.15963479308044856;0.9871761407219414
58.015;-2.943129853339566;-4.964196371890957;-0.030687521803969147;-1.543150792002414e-06;-4.123297703117248e-06;-0.1562975275558974;0.9877100196214122
58.107;-2.9555013934557697;-5.00302807310369;-0.030687532427358312;-1.4888417956303415e-06;-4.13435506984934e-06;-0.1515430717014435;0.9884506550152018
58.193;-2.9674918838045024;-5.04195502048775;-0.030687536834933728;-1.4707508347907678e-06;-4.141351998541523e-06;-0.1467873584302092;0.9891680703428348
58.28;-2.975276077872329;-5.067965608008768;-0.030687539865009106;-1.4576241769931021e-06;-4.146062764236055e-06;-0.14361546201538763;0.9896335680699158
58.367;-2.9866386748495564;-5.107071706586186;-0.030687544454575638;-1.4373898556428996e-06;-4.153089717237304e-06;-0.13885508382583833;0.9903127110546471
58.456;-2.994004418232466;-5.133201842310628;-0.030687547529700692;-1.423748345536312e-06;-4.1577222095832605e-06;-0.13567975430558657;0.9907527462754077
58.547;-3.004738454785091;-5.1724839881271505;-0.030687552155469477;-1.4031911604500518e-06;-4.164579425360506e-06;-0.13091415642959175;0.9913937076797572
58.635;-3.01509417596094;-5.211867442172211;-0.030687556795966898;-1.3825686335054247e-06;-4.171331066104252e-06;-0.1261454996785991;0.9920117503797651
58.729;-3.0217873503196175;-5.2381776046490485;-0.030687559896885146;-1.368795197355807e-06;-4.175770397682723e-06;-0.12296474089803067;0.9924110400819661
58.821;-3.031510465946817;-5.277721955341335;-0.0306875645550575;-1.3481124387418828e-06;-4.182332335106539e-06;-0.118191194034985;0.9929908567722442
58.913;-3.040852806252259;-5.317357991627998;-0.030687569226072353;-1.3273917413327133e-06;-4.1887876627128485e-06;-0.1134148459422536;0.9935477203942381
58.995;-3.046796615781953;-5.34385139445246;-0.030686228484075765;-9.03309906278305e-06;-6.771845075811585e-06;-0.10893480269056237;0.9940488965012303
59.092;-3.055294855091453;-5.383763763627301;-0.03068757112302556;-1.3087530040978025e-06;-4.2011062056261164e-06;-0.10228853859420438;0.994754771213941
59.181;-3.060723340358974;-5.410395785769016;-0.030687580945076252;-1.2574198473338645e-06;-4.207627146743404e-06;-0.09909565194133876;0.9950779124003486
59.27;-3.0685577038032688;-5.450384355125677;-0.0306875622842921;-1.077011336688842e-06;-4.045824156540508e-06;-0.09529571144350325;0.9954490079170043
59.361;-3.0761813340922854;-5.490424621518882;-0.030687578768934028;-1.1162782695287752e-06;-4.064827277823154e-06;-0.09340347567838728;0.9956283396496045
59.451;-3.0811790971728055;-5.517134435311688;-0.030687581918286855;-1.1110216441827e-06;-4.06622095951881e-06;-0.09213835887742168;0.9957462140553723
59.541;-3.0885484562187897;-5.557222921354524;-0.030687586687563766;-1.1030162682959747e-06;-4.068326400198073e-06;-0.09024033905682335;0.9959200174658311
59.637;-3.095764947082291;-5.597339280845535;-0.030687591456944878;-1.0950313432081547e-06;-4.070415150626158e-06;-0.08834191412947467;0.9960902098656393
59.72;-3.100470846340855;-5.624101293455722;-0.030686319002689075;-8.874404319649098e-06;-6.896228138704963e-06;-0.086914991756671;0.9962157316975199
59.81;-3.1071927737644485;-5.664337789516677;-0.030686241043640566;-9.053327482179947e-06;-7.517191985292246e-06;-0.07936150801462578;0.9968459012842324
59.904;-3.1133310754226384;-5.704756665484876;-0.030687609470973876;-1.172291603733235e-06;-4.2373513772587165e-06;-0.07272282807678071;0.9973521896788443
59.998;-3.117190126617897;-5.731687375357228;-0.03068759639897277;-9.63455481635161e-07;-4.070646464683528e-06;-0.07051051686639097;0.9975110360260363
60.09;-3.1228247760930246;-5.772078680560215;-0.030687600562693457;-9.187464100703365e-07;-4.002295601222584e-06;-0.06911371850873561;0.9976087880011045
60.181;-3.127620258613326;-5.811619213263257;-0.030686170493243264;-7.852829152407842e-06;-9.042885767775798e-06;-0.0737538270254986;0.9972764776408056
60.274;-3.1291836428269404;-5.835968819283907;-0.030686184432352208;-7.5176595783592705e-06;-8.531348833481493e-06;-0.08482583603020122;0.9963957935541872
60.363;-3.1340779515478596;-5.871651668685326;-0.030687862713604887;-7.312841075827855e-07;-3.6643285430810146e-06;-0.09490358845099311;0.9954864684590958
60.454;-3.14058307761364;-5.906327454312399;-0.030686257086729375;-8.79402598248199e-06;-9.93243143296709e-06;-0.09262240101416334;0.9957013059418891
60.543;-3.143558822196553;-5.928249074535916;-0.030686250159464155;-9.07953152675625e-06;-7.446374756505212e-06;-0.0924351858449555;0.995718703389628
60.627;-3.147440951333475;-5.960539623458919;-0.030686260305724584;-9.116595510787013e-06;-7.094214161213289e-06;-0.0922931206934012;0.9957318814516452
60.719;-3.1500095683784792;-5.981943467720012;-0.030686263204707607;-9.13524589903444e-06;-7.094133300674021e-06;-0.09220129079377125;0.9957403887772068
60.719;-3.153710981964443;-6.013515624593059;-0.030686255184890508;-8.503392610010293e-06;-7.189889076055641e-06;-0.09251219778883485;0.9957115511714612
60.807;-3.1569458198234917;-6.042428191383433;-0.030686268607339827;-9.020629505416886e-06;-7.061277307110904e-06;-0.09346878086052177;0.995622210917984
60.903;-3.1589811907557808;-6.070472440811445;-0.03068627802282642;-8.996633314044958e-06;-9.059368922724193e-06;-0.09672752556564933;0.9953108989832952
60.997;-3.160517586944829;-6.088983158989342;-0.030686285483097597;-9.047623172225838e-06;-6.677105232779041e-06;-0.09893737155427855;0.9950936621160279
61.083;-3.165581532679487;-6.1164020669664225;-0.03068626662631689;-9.11827913385128e-06;-7.036663335591781e-06;-0.09880448466988617;0.9951068654553946
61.171;-3.1691180324995094;-6.1341442852386425;-0.03068627529535998;-8.50761975040257e-06;-7.0999759016954695e-06;-0.0978082230323133;0.9952052810272222
61.259;-3.173056198111891;-6.1585599442860275;-0.030686282114500463;-9.187805196606455e-06;-7.309772208166472e-06;-0.09618746148050022;0.9953632362690964
61.349;-3.174738873602112;-6.174411007219593;-0.030686284104831665;-8.941935381541665e-06;-7.325466417506294e-06;-0.0968224995272551;0.9953016645478264
61.439;-3.178215101402263;-6.197795032906732;-0.030686253386715216;-8.941225618522306e-06;-6.713861174617959e-06;-0.09842670400818054;0.9951443030099026
61.537;-3.182886035659621;-6.220945588792029;-0.030686279358826223;-9.11095658509729e-06;-7.047538494373079e-06;-0.09826730879452111;0.9951600554129999
61.62;-3.1869023005427937;-6.2361409675628625;-0.030686233685636714;-8.880910254020486e-06;-6.742197184116809e-06;-0.09820394682321683;0.9951663100728516
61.711;-3.190282583098556;-6.257990908581489;-0.030686296173215798;-8.873319321440048e-06;-7.0566532250146306e-06;-0.09946340619293925;0.9950412206034314
61.801;-3.193729079551985;-6.277572153271967;-0.030686289593947744;-9.07698553977035e-06;-7.075320994711423e-06;-0.09851946659562717;0.9951351237742849
61.891;-3.195476484037533;-6.290378877594173;-0.030686300795555933;-9.349857707196042e-06;-7.267403207822755e-06;-0.09861810022224579;0.9951253539973346
61.983;-3.197466419175254;-6.309592300271947;-0.03068562138690887;-4.132087113150921e-07;1.2553773676855119e-05;-0.10067720892370353;0.9949191421646107
62.076;-3.201378620976337;-6.32849032947304;-0.030686292302657712;-9.12901397314822e-06;-7.024452074571828e-06;-0.1005093280807139;0.9949361159572415
62.168;-3.2039818731043006;-6.341102274803525;-0.030686293762754106;-9.126910794315536e-06;-7.026759139157726e-06;-0.10040452388624652;0.9949466977936559
62.258;-3.207882571715592;-6.360025164046327;-0.030686296012213992;-9.125071113040625e-06;-7.028330104227765e-06;-0.10024734117236117;0.9949625472625631
62.354;-3.210232407457871;-6.377713677289676;-0.030686307287838173;-8.95998368558903e-06;-7.279085024344661e-06;-0.10239497327054727;0.9947438209487193
62.443;-3.211889326508852;-6.388045879850842;-0.030686275577771226;-8.847740041750543e-06;-6.652336031162239e-06;-0.10326267308857602;0.994654120900359
62.535;-3.2150614952364505;-6.4029236808949666;-0.03068630086676572;-9.123570332255873e-06;-7.004689410065441e-06;-0.10309975697001388;0.9946710209815198
62.629;-3.2177327341777646;-6.417656661736175;-0.030686298592090447;-9.31072674791656e-06;-8.946794933008656e-06;-0.10437649021686794;0.994537856556136
62.724;-3.2193648018911567;-6.427388965826348;-0.03068630919988175;-9.104335851072233e-06;-6.477361789335288e-06;-0.10615490196788922;0.9943496048489902
62.81;-3.2225634104028527;-6.442011886634398;-0.030686305977479428;-9.172240612234294e-06;-6.973526898537153e-06;-0.10597743217130375;0.9943685351707469
62.901;-3.2257692230216293;-6.456681745561434;-0.03068630765173215;-9.16567021759484e-06;-6.975846256377969e-06;-0.10582062021324654;0.994385235311251
62.996;-3.227905125279735;-6.466467932104214;-0.030686308807521955;-9.164033949415513e-06;-6.976954551619218e-06;-0.10571597590166369;0.9943963657950996
63.083;-3.231977828974581;-6.480866732502492;-0.030686277958718828;-8.858926227012684e-06;-6.468719199111055e-06;-0.10517636179138115;0.9944535850405507
63.177;-3.2363272500567635;-6.495243289843372;-0.03068631307155128;-9.2410890606452e-06;-7.1285026366032385e-06;-0.10324856169125281;0.9946555858046917
63.268;-3.237701003518017;-6.504581677358842;-0.030686307464366604;-8.965807580326908e-06;-9.370804350399673e-06;-0.10404464277752061;0.9945726278865211
63.351;-3.238172249011605;-6.516374375997782;-0.030685654174234425;-3.359069418043823e-07;1.307762130350624e-05;-0.10618350013796561;0.9943465513226835
63.445;-3.2396397230236733;-6.52350721338377;-0.030686299520196456;-9.334764970297958e-06;-9.434380954036821e-06;-0.1055064644671908;0.9944186169714887
63.535;-3.2401555278304865;-6.534265755746114;-0.03068634920646605;-9.407373903057967e-06;-6.927633388585161e-06;-0.10657633711340651;0.9943045228857197
63.626;-3.2404029968513712;-6.545130122699682;-0.030686350028331706;-9.399431635851049e-06;-6.9025843722388525e-06;-0.10775274110632471;0.994177723874398
63.717;-3.2408062895971685;-6.5523294665546805;-0.030685653232259143;-4.420400313565387e-07;1.2738488366398735e-05;-0.10881123414861378;0.9940624302128066
63.802;-3.2431655807865067;-6.562774594143728;-0.030686320978280196;-9.180151291391348e-06;-6.907651798556017e-06;-0.10807653300811494;0.9941425767368357
63.894;-3.2455125958602036;-6.57324526540494;-0.03068632159621524;-9.179288626897525e-06;-6.955746727549691e-06;-0.1079196916439341;0.9941596149627264
63.986;-3.247076045470312;-6.580227339697278;-0.03068632242614179;-9.17835842419973e-06;-6.956775618645467e-06;-0.10781511624696104;0.9941709614427569
64.076;-3.2494185663206174;-6.590701515806517;-0.03068632367454684;-9.1771673118745e-06;-6.958246223304173e-06;-0.10765824467163834;0.9941879612133634
64.173;-3.251757812216808;-6.601176566888303;-0.03068632492372319;-9.176042727732615e-06;-6.959704196236782e-06;-0.1075013682394147;0.9942049364663288
64.261;-3.2533154766651116;-6.608160361148631;-0.030686325757174733;-9.175301101679815e-06;-6.960677049494893e-06;-0.10739678233214552;0.9942162395636398
64.355;-3.2565177320638474;-6.6183211654133;-0.030686257228176896;-8.806409208553237e-06;-6.560032310955757e-06;-0.1073036807012573;0.9942262921424759
64.45;-3.2592965743139715;-6.628602696869488;-0.03068632862237834;-9.18070845385059e-06;-6.95855658520137e-06;-0.1069576494862529;0.9942635772689599
64.537;-3.261617197939881;-6.639063239423906;-0.030686329470094365;-9.17321312247413e-06;-6.965886836758911e-06;-0.10680068442504421;0.9942804502119464
64.629;-3.263164371086663;-6.646046333404107;-0.03068633028334379;-9.171068063225685e-06;-6.967066007677177e-06;-0.1066961448354489;0.994291673778175
64.719;-3.265483080816724;-6.656524734741734;-0.030686331526064238;-9.169380536312986e-06;-6.968614426699276e-06;-0.10653927529863705;0.9943084947269645
64.811;-3.2677986973124837;-6.667004824045123;-0.030686332774464767;-9.168156511008337e-06;-6.970087280732173e-06;-0.10638238584334782;0.9943252927737681
64.903;-3.2693302378296707;-6.673941752420448;-0.030686332064975216;-8.399736564695882e-06;-7.037287506019542e-06;-0.10627122711786036;0.9943371793143337
64.99;-3.271147570490283;-6.682093390328203;-0.030686331401910412;-8.939372288344735e-06;-7.006962678631869e-06;-0.10607892094502944;0.9943577135026049
65.087;-3.2719731340739253;-6.6856551191980795;-0.030688155441241947;4.7291988388522823e-07;-3.3469189845887183e-06;-0.10622846593547103;0.994341748602346
65.179;-3.2719769823014633;-6.685610979197745;-0.030687770039169338;-6.027293260858078e-07;-3.128195509770963e-06;-0.10644741725866025;0.994318333004482
65.277;-3.271965241945126;-6.685546658317602;-0.030687772568337726;-5.952121441473826e-07;-3.126416390646364e-06;-0.10677936486257888;0.9942827400842356
65.371;-3.271946190262977;-6.685483927394691;-0.03068777253232509;-5.96037857638346e-07;-3.125325763077763e-06;-0.10711150928089846;0.9942470138599588
65.462;-3.2719249452111323;-6.685421679005907;-0.030687772518293948;-5.97014356746316e-07;-3.1248171160060097e-06;-0.10744370586387778;0.9942111697522392
65.553;-3.2719103669633065;-6.685380273728982;-0.03068777251176555;-5.976966997390475e-07;-3.1245827003196703e-06;-0.10766517406801615;0.994187210882731
65.647;-3.27188826657427;-6.685318221551978;-0.030687772505984943;-5.98728541963321e-07;-3.124286246448633e-06;-0.10799736989025926;0.9941511796938467
65.741;-3.2718660406878084;-6.685256202633956;-0.03068777250090133;-5.997686578653467e-07;-3.124013351728776e-06;-0.10832955307923732;0.9941150375683558
65.832;-3.271851184987095;-6.685214868333049;-0.030687772496975914;-6.004603826532299e-07;-3.123831664067608e-06;-0.10855100052469802;0.9940908812955525
65.927;-3.271828858928084;-6.685152881042087;-0.030687772491886207;-6.015043105522422e-07;-3.123568389853261e-06;-0.10888315917490143;0.9940545546588351
66.022;-3.2718064878663826;-6.685090909446931;-0.03068777248683846;-6.025449892115019e-07;-3.123301641489148e-06;-0.10921530258539693;0.9940181173756656
66.109;-3.271784074106591;-6.68502895306806;-0.030687772482241894;-6.0358597482129e-07;-3.1230369359224712e-06;-0.10954743065221362;0.9939815694606117
66.204;-3.271769108244672;-6.684987657202643;-0.03068777247917405;-6.042797243750201e-07;-3.1228590168097273e-06;-0.10976884081140169;0.9939571427263874
66.298;-3.2717466246013696;-6.684925725966133;-0.030687772474152265;-6.053226536997648e-07;-3.1225946117692283e-06;-0.11010094319286337;0.99392041044438
66.393;-3.271724099216602;-6.684863809812417;-0.030687772468838012;-6.063622687765962e-07;-3.1223256190500965e-06;-0.1104330301134846;0.9938835675519732
66.486;-3.2717090591232756;-6.684822540766135;-0.030687772465791824;-6.070540343563799e-07;-3.1221474939136482e-06;-0.11065441278813386;0.9938589441768871
66.575;-3.2716864642430377;-6.684760649799132;-0.03068777246126157;-6.080984309556161e-07;-3.121884307483544e-06;-0.11098647386726958;0.9938219169491052
66.673;-3.2716638276873433;-6.684698773978694;-0.03068777245623535;-6.091364016372604e-07;-3.1216123507102414e-06;-0.11131851939628519;0.9937847791294167
66.764;-3.271641149468345;-6.684636913331444;-0.030687772451075568;-6.101791163454312e-07;-3.1213456801091184e-06;-0.11165054934352722;0.9937475307245666
66.858;-3.2716260075151413;-6.684595681342753;-0.0306877724476552;-6.108742240116745e-07;-3.121168868121415e-06;-0.1118718939687142;0.9937226370218896
66.95;-3.2716032598829883;-6.684533846043783;-0.03068777244337432;-6.119150968681626e-07;-3.120901391539146e-06;-0.112203897872135;0.9936852043238769
67.045;-3.2715804706180056;-6.684472025989807;-0.030687772438253637;-6.129554382149445e-07;-3.1206300705359015e-06;-0.11253588610505649;0.9936476610592085
67.136;-3.2715652546509597;-6.684430821103207;-0.030687772435106106;-6.136493014769627e-07;-3.1204529906619003e-06;-0.11275720287201081;0.9936225707935417
67.226;-3.2715423960232664;-6.684369026517364;-0.030687772430536497;-6.146887806303786e-07;-3.1201833355209752e-06;-0.11308916491465791;0.993584843266438
67.321;-3.271519495792945;-6.68430724724806;-0.030687772425098375;-6.157302675920295e-07;-3.1199120011036944e-06;-0.11342111119887732;0.9935470051911479
67.415;-3.2714965539714007;-6.684245483322461;-0.03068777242069768;-6.167716466803261e-07;-3.1196442083218725e-06;-0.11375304169201898;0.9935090565745747
67.504;-3.2714812363230354;-6.684204315909527;-0.03068777241745781;-6.174651471890826e-07;-3.11946526476249e-06;-0.11397431989809674;0.9934836960884935
67.596;-3.27145822520809;-6.684142577616455;-0.030687772411652596;-6.185067740550018e-07;-3.1191902158434537e-06;-0.11430622399811366;0.9934455632520492
67.693;-3.271435172532219;-6.684080854738706;-0.030687772407346214;-6.195463923825702e-07;-3.1189219011308107e-06;-0.11463811221899695;0.9934073198928792
67.783;-3.27141978099793;-6.684039714730923;-0.030687772403804037;-6.202408809275328e-07;-3.1187403882985883e-06;-0.11485936219430022;0.9933817629220939
67.872;-3.271396659079435;-6.683978017605435;-0.03068777239961381;-6.21279883720381e-07;-3.118469575847106e-06;-0.11519122387510501;0.9933433353740512
67.967;-3.2713734956304505;-6.683916335966749;-0.030687772394456213;-6.223223945112168e-07;-3.118200631011685e-06;-0.11552306958797895;0.9933047973219803
68.062;-3.2713580302643948;-6.6838752234916425;-0.030687772391230574;-6.23014769417818e-07;-3.118017212455438e-06;-0.11574429117525395;0.9932790438996626
68.153;-3.2713347976237053;-6.683813567724738;-0.03068777238725902;-6.240536479279611e-07;-3.1177458810061987e-06;-0.11607611020049155;0.9932403216898785
68.242;-3.2713115234833436;-6.683751927516822;-0.030687772381439937;-6.250957641407839e-07;-3.1174723034080473e-06;-0.11640791316876703;0.9932014889948481
68.336;-3.2712882078546186;-6.683690302894401;-0.03068777237768411;-6.261342191204724e-07;-3.1172006600845905e-06;-0.11673970004716717;0.9931625458215733
68.424;-3.271272641058845;-6.683649228484884;-0.030687772374166693;-6.268251929366806e-07;-3.1170145555922615e-06;-0.11696088234362986;0.9931365223328015
68.517;-3.2712492563087228;-6.683587629898447;-0.030687772369181094;-6.278689384413559e-07;-3.116743725062454e-06;-0.11729264233138485;0.9930973950448233
68.611;-3.27122583010117;-6.68352604696928;-0.030687772365565427;-6.289071032451588e-07;-3.116472003126295e-06;-0.11762438614013912;0.9930581572974705
68.7;-3.2712101896033636;-6.683485000395212;-0.030687772361766757;-6.296008220833643e-07;-3.116288577726064e-06;-0.11784553967438896;0.9930319374364274
68.795;-3.2711866943258903;-6.683423443621687;-0.030687772356828538;-6.306410679406533e-07;-3.1160149544736275e-06;-0.11817725644407952;0.9929925156058544
68.89;-3.2711631576218263;-6.683361902576949;-0.0306877723518737;-6.316811715411424e-07;-3.11573828909083e-06;-0.11850895694565056;0.992952983334834
68.984;-3.271147443476796;-6.683320883965397;-0.030687772349481522;-6.323732487654928e-07;-3.115556556173304e-06;-0.11873008155937367;0.9929265671351521
69.075;-3.2711238377544047;-6.683259369195616;-0.03068777234370402;-6.334151581956112e-07;-3.1152807911931065e-06;-0.11906175487367832;0.992886850812465
69.168;-3.271100190636482;-6.683197870226409;-0.0306877723394361;-6.344550966976933e-07;-3.1150061209541623e-06;-0.11939341183099147;0.992847024068285
69.26;-3.271084402899495;-6.683156879705005;-0.030687772336897456;-6.351441333238852e-07;-3.1148214768527104e-06;-0.11961450736529086;0.9928204115637699
69.354;-3.271060686815146;-6.68309540712988;-0.030687772331515376;-6.361872809803761e-07;-3.1145439804431514e-06;-0.11994613698633953;0.9927804007996679
69.444;-3.2710369293665447;-6.683033950427056;-0.030687772327511006;-6.372252260873776e-07;-3.114270956931652e-06;-0.1202777501613722;0.9927402796331042
69.535;-3.2710131305653225;-6.682972509623241;-0.030687772322229696;-6.382650981397393e-07;-3.1139908874312078e-06;-0.12060934685599947;0.9927000480713523
69.627;-3.2709972417299578;-6.68293155793355;-0.030687772320375676;-6.389580673647895e-07;-3.1138123241227e-06;-0.1208304021477037;0.9926731657029519
69.717;-3.270973374033899;-6.682870143688049;-0.030687772315669257;-6.399939875743125e-07;-3.113530308971277e-06;-0.12116197130111635;0.992632750165097
69.81;-3.2709494650166206;-6.68280874541316;-0.030687772310830287;-6.410349720130158e-07;-3.1132550350432554e-06;-0.1214935238857845;0.9925922242510824
69.9;-3.270933502721363;-6.682767822115796;-0.030687772307675325;-6.417264830758855e-07;-3.1130692915386316e-06;-0.12171454972022394;0.9925651456586112
69.991;-3.2709095248616205;-6.682706450518393;-0.03068777230315403;-6.427671703054746e-07;-3.1127927716970008e-06;-0.12204607461449533;0.9925244358004949
70.086;-3.2708855057120902;-6.682645094963049;-0.030687772298597878;-6.438068004334572e-07;-3.1125130469230677e-06;-0.12237758284945166;0.9924836155855792
70.179;-3.2708614452846203;-6.6825837554767;-0.03068777229451336;-6.448438108246156e-07;-3.1122345455476435e-06;-0.12270907439180617;0.9924426850210567
70.273;-3.270845382073363;-6.6825428714264135;-0.030687772290514975;-6.455376508317601e-07;-3.112046457759178e-06;-0.12293005946282093;0.9924153366763161
70.365;-3.2708212528758214;-6.682481558781532;-0.030687772285902682;-6.46578470136088e-07;-3.1117698541087795e-06;-0.12326152310930158;0.9923742222119003
70.457;-3.2707970824319994;-6.682420262277139;-0.030687772281690617;-6.476138536154607e-07;-3.1114864421627116e-06;-0.12359296997255714;0.9923329974173295
70.551;-3.270780945894069;-6.6823794069211075;-0.030687772279173256;-6.483064966667797e-07;-3.1113034783751487e-06;-0.12381392520827637;0.9923054529299025
70.647;-3.2707567067329295;-6.682318137377178;-0.030687772274019108;-6.493469692863684e-07;-3.111021748752981e-06;-0.12414534402578581;0.992264044267764
70.742;-3.270732426357383;-6.682256884045366;-0.030687772269541364;-6.50385073878112e-07;-3.1107409483751543e-06;-0.12447674597068224;0.9922225252948306
70.837;-3.270708104779288;-6.682195646952151;-0.03068777226547596;-6.514231426996582e-07;-3.110461203279157e-06;-0.12480813100928745;0.9921808960183971
70.931;-3.270683742010668;-6.682134426124555;-0.03068777226100202;-6.524603048189806e-07;-3.1101794515242676e-06;-0.12513949910743863;0.9921391564458286
71.027;-3.270667477287247;-6.682093621289415;-0.030687772258260648;-6.531522227388776e-07;-3.10999257729351e-06;-0.12536040174500174;0.9921112687920812
71.122;-3.270643045894356;-6.682032427630623;-0.030687772253067295;-6.541930503337724e-07;-3.109708405489545e-06;-0.12569174153400842;0.9920693454089033
71.216;-3.270618573342992;-6.681971250309027;-0.03068777224888332;-6.552287575268886e-07;-3.1094264127259715e-06;-0.12602306429258714;0.9920273117491317
71.31;-3.2705940596450978;-6.681910089351245;-0.03068777224464759;-6.562679130307707e-07;-3.1091456185250996e-06;-0.12635436998685118;0.9919851678201286
71.403;-3.2705776943266027;-6.6818693244835226;-0.030687772241504305;-6.569615693651251e-07;-3.108958224432051e-06;-0.12657523095270232;0.9919570106104262
71.499;-3.270553112078051;-6.6818081908583;-0.030687772237606558;-6.579953196795931e-07;-3.1086737347547985e-06;-0.1269065081304346;0.9919146829158461
71.593;-3.2705284887151245;-6.6817470736681965;-0.030687772232344493;-6.590362079275577e-07;-3.108389648107164e-06;-0.1272377681533189;0.9918722449717332
71.686;-3.270503824249983;-6.681685972940058;-0.03068777222838305;-6.600749582205492e-07;-3.108109504329528e-06;-0.1275690109875868;0.9918296967854678
71.779;-3.2704873584445933;-6.681645248279935;-0.030687772225729347;-6.607662829382247e-07;-3.107919227315553e-06;-0.12778982997723284;0.9918012700860462
71.876;-3.270462625502669;-6.6815841750477265;-0.030687772220695846;-6.618062349766724e-07;-3.107635438479581e-06;-0.12812104408738006;0.9917585381794625
71.97;-3.2704378514908594;-6.6815231183488635;-0.030687772216988166;-6.628425684649283e-07;-3.1073515871344406e-06;-0.1284522409177895;0.9917156960505884
72.065;-3.2704130364215214;-6.68146207821029;-0.03068777221266676;-6.638773343005061e-07;-3.1070639033005352e-06;-0.12878342043409832;0.9916727437069145
72.159;-3.27039647023808;-6.681421393997688;-0.030687772209415473;-6.645718946136514e-07;-3.106877643341466e-06;-0.1290041971432465;0.9916440475842792
72.253;-3.270371586766291;-6.681360381518531;-0.030687772205206937;-6.656085420037158e-07;-3.10659150140932e-06;-0.12933534772774424;0.9916009115657617
72.35;-3.27034666226933;-6.681299385670712;-0.03068777220077273;-6.666457973782971e-07;-3.106304031595516e-06;-0.1296664809074651;0.9915576653523387
72.444;-3.270321696759416;-6.681238406480864;-0.03068777219698915;-6.676839177067464e-07;-3.1060223543308748e-06;-0.12999759664886573;0.991514308951427
72.537;-3.2702966902489052;-6.6811774439760345;-0.030687772192065563;-6.687206490201644e-07;-3.1057324916694953e-06;-0.13032869491660587;0.991470842370688
72.631;-3.270279996469816;-6.681136811588683;-0.030687772189027702;-6.694130447441791e-07;-3.1055407603385017e-06;-0.13054941737116935;0.9914418034428222
72.727;-3.270254921652107;-6.681075876951182;-0.03068777218469732;-6.704505009859541e-07;-3.105255804009744e-06;-0.13088048644175915;0.9913981532455446
72.823;-3.2702298058665806;-6.681014959069961;-0.030687772180719435;-6.714864780217284e-07;-3.10496610385992e-06;-0.13121153794777382;0.9913543928884807
72.918;-3.270204649125392;-6.680954057971407;-0.03068777217649646;-6.72525273043733e-07;-3.104682335858174e-06;-0.13154257185591633;0.9913105223790574
73.013;-3.270187855217611;-6.680913466576004;-0.03068777217366965;-6.732167709330719e-07;-3.1044914071880264e-06;-0.13176325133404;0.9912812141808154
73.109;-3.2701626302445854;-6.680852593508239;-0.030687772169695322;-6.74251630971497e-07;-3.1042006641015937e-06;-0.1320942558347863;0.9912371601011352
73.204;-3.2701373643489466;-6.680791737294487;-0.030687772164839065;-6.752890630149909e-07;-3.1039107543909047e-06;-0.1324252426458032;0.9911929958893525
73.3;-3.2701120575429377;-6.680730897961409;-0.030687772161186053;-6.763256366373235e-07;-3.103625173585128e-06;-0.13275621173310564;0.9911487215530195
73.395;-3.270086709839137;-6.680670075535757;-0.030687772156290663;-6.773636534457717e-07;-3.1033346851785333e-06;-0.13308716306154883;0.991104337099853
73.491;-3.2700697886551087;-6.680629536658299;-0.03068777215347436;-6.780538259788244e-07;-3.1031412283895463e-06;-0.133307787397703;0.9910746862921278
73.586;-3.2700443728159003;-6.6805687424711016;-0.03068777214993612;-6.790902968607762e-07;-3.102854463457133e-06;-0.13363870905265898;0.9910301183277176
73.681;-3.2700189161120434;-6.680507965262463;-0.030687772145730603;-6.801288170284158e-07;-3.1025671902032705e-06;-0.13396961285749656;0.9909854402667699
73.777;-3.269993418556001;-6.68044720505919;-0.030687772141820918;-6.811637303276155e-07;-3.1022747429603795e-06;-0.13430049877732464;0.9909406521170043
73.872;-3.269967880160173;-6.680386461887799;-0.030687772137047514;-6.821980960540729e-07;-3.10198247619201e-06;-0.13463136677822551;0.9908957538860178
