29.423;18.9
29.522;19.0
29.615;19.0
29.695;19.0
29.78;19.0
29.875;19.1
29.97;19.1
30.057;19.1
30.148;19.1
30.244;19.2
30.339;19.2
30.427;19.2
30.427;19.3
30.482;19.3
30.567;19.3
30.684;19.4
30.785;19.4
30.877;19.4
30.969;19.5
31.061;19.5
31.155;19.4
31.247;19.4
31.34;19.4
31.432;19.5
31.526;19.5
31.621;19.5
31.715;19.5
31.808;19.5
31.901;19.5
31.994;19.5
32.083;19.5
32.175;19.5
32.266;19.5
32.357;19.6
32.449;19.5
32.543;19.5
32.637;19.5
32.726;19.5
32.819;19.5
32.913;19.5
33.008;19.5
33.1;19.5
33.193;19.6
33.288;19.6
33.378;19.6
33.473;19.5
33.565;19.5
33.657;19.5
33.752;19.5
33.844;19.6
33.935;19.6
34.033;19.6
34.127;19.6
34.219;19.5
34.307;19.6
34.405;19.6
34.5;19.6
34.591;19.6
34.684;19.6
34.78;19.5
34.87;19.5
34.962;19.5
35.055;19.5
35.146;19.5
35.238;19.5
35.33;19.5
35.425;19.6
35.517;19.5
35.609;19.6
35.701;19.5
35.797;19.6
35.888;19.7
35.981;19.6
36.075;19.6
36.17;19.7
36.261;19.7
36.355;19.6
36.449;19.5
36.54;19.5
36.631;19.5
36.727;19.5
36.823;19.5
36.917;19.5
37.008;19.5
37.101;19.5
37.197;19.5
37.197;19.5
37.292;19.5
37.471;19.4
37.566;19.4
37.654;19.3
37.745;19.3
37.843;19.3
37.935;19.4
38.022;19.3
38.117;19.4
38.211;19.4
38.304;19.4
38.395;19.4
38.489;19.4
38.489;19.4
38.585;19.4
38.678;19.4
38.768;19.4
38.863;19.4
38.958;19.4
39.051;19.4
39.14;19.3
39.235;19.4
39.327;19.3
39.422;19.3
39.511;19.3
39.605;19.4
39.698;19.4
39.789;19.5
39.883;19.5
39.977;19.5
40.067;19.4
40.161;19.4
40.256;19.5
40.347;19.5
40.427;19.4
40.506;19.5
40.586;19.4
40.671;19.5
40.756;19.6
40.838;19.5
40.934;19.4
41.008;19.4
41.104;19.4
41.183;19.4
41.263;19.3
41.34;19.2
41.421;19.3
41.508;19.3
41.594;19.3
41.594;19.3
41.672;19.3
41.758;19.3
41.912;19.3
42.0;19.3
42.092;19.4
42.168;19.4
42.237;19.4
42.331;19.3
42.424;19.3
42.508;19.3
42.592;19.3
42.673;19.4
42.75;19.4
42.838;19.4
42.907;19.4
42.981;19.4
43.066;19.5
43.158;19.4
43.248;19.4
43.325;19.3
43.401;19.3
43.484;19.3
43.563;19.3
43.648;19.4
43.733;19.4
43.82;19.5
43.895;19.4
43.985;19.4
44.061;19.4
44.135;19.4
44.22;19.4
44.305;19.4
44.392;19.3
44.473;19.4
44.556;19.5
44.642;19.5
44.737;19.5
44.824;19.5
44.909;19.5
44.993;19.5
45.078;19.5
45.149;19.5
45.242;19.5
45.324;19.6
45.411;19.7
45.499;19.8
45.577;19.7
45.656;19.8
45.731;19.9
45.817;19.9
45.9;19.9
45.979;19.9
46.045;19.9
46.132;20.0
46.221;20.0
46.306;20.0
46.381;20.0
46.472;19.9
46.55;20.0
46.634;20.0
46.72;19.9
46.813;20.0
46.904;19.9
46.989;19.9
47.079;19.8
47.163;19.9
47.249;19.9
47.329;19.9
47.415;19.9
47.502;19.9
47.584;19.9
47.656;19.9
47.734;19.9
47.811;19.8
47.896;19.8
47.978;19.8
48.061;19.8
48.134;19.8
48.216;19.8
48.307;19.7
48.384;19.7
48.48;19.7
48.558;19.7
48.638;19.7
48.638;19.7
48.718;19.7
48.8;19.7
48.892;19.7
48.959;19.7
49.051;19.6
49.144;19.7
49.229;19.7
49.314;19.7
49.403;19.7
49.486;19.8
49.571;19.8
49.655;19.7
49.745;19.8
49.825;19.8
49.912;19.7
49.99;19.7
50.083;19.7
50.153;19.8
50.249;19.8
50.327;19.7
50.412;19.6
50.5;19.6
50.587;19.6
50.674;19.6
50.759;19.6
50.838;19.7
50.925;19.7
51.003;19.7
51.094;19.6
51.17;19.6
51.248;19.6
51.327;19.5
51.418;19.5
51.499;19.4
51.59;19.4
51.68;19.5
51.755;19.6
51.841;19.6
51.92;19.6
52.016;19.6
52.105;19.7
52.191;19.7
52.285;19.6
52.368;19.6
52.463;19.6
52.537;19.6
52.624;19.6
52.71;19.6
52.798;19.6
52.88;19.6
52.964;19.7
53.038;19.7
53.131;19.6
53.211;19.5
53.305;19.5
53.396;19.6
53.47;19.6
53.551;19.6
53.643;19.6
53.722;19.6
53.824;19.6
53.898;19.6
53.991;19.6
54.067;19.6
54.14;19.6
54.221;19.6
54.314;19.6
54.402;19.6
54.493;19.5
54.571;19.5
54.571;19.5
54.657;19.5
54.817;19.6
54.907;19.6
54.996;19.5
55.081;19.5
55.163;19.5
55.248;19.4
55.327;19.5
55.415;19.5
55.504;19.5
55.591;19.5
55.669;19.6
55.756;19.7
55.829;19.7
55.922;19.7
56.014;19.7
56.098;19.6
56.179;19.5
56.267;19.6
56.344;19.6
56.436;19.6
56.525;19.6
56.618;19.6
56.704;19.7
56.788;19.7
56.879;19.7
56.968;19.7
57.059;19.7
57.146;19.7
57.146;19.8
57.323;19.9
57.323;19.8
57.405;19.7
57.498;19.8
57.589;19.7
57.665;19.7
57.753;19.7
57.835;19.7
57.927;19.8
58.022;19.8
58.107;19.7
58.196;19.7
58.273;19.7
58.365;19.7
58.452;19.7
58.529;19.6
58.626;19.6
58.718;19.6
58.8;19.6
58.889;19.6
58.984;19.7
59.063;19.8
59.152;19.8
59.237;19.8
59.331;19.8
59.425;19.7
59.516;19.7
59.603;19.7
59.692;19.6
59.77;19.5
59.854;19.5
59.945;19.5
60.029;19.5
60.113;19.5
60.211;19.4
60.292;19.3
60.369;19.4
60.46;19.5
60.553;19.5
60.639;19.6
60.727;19.5
60.727;19.6
60.897;19.6
60.986;19.6
61.072;19.6
61.161;19.6
61.25;19.5
61.322;19.5
61.409;19.5
61.506;19.5
61.587;19.5
61.677;19.5
61.758;19.4
61.847;19.4
61.94;19.4
62.03;19.5
62.118;19.5
62.201;19.6
62.288;19.6
62.369;19.6
62.458;19.6
62.537;19.7
62.631;19.6
62.722;19.7
62.811;19.7
62.902;19.7
62.989;19.7
63.071;19.7
63.159;19.7
63.241;19.8
63.338;19.8
63.419;19.8
63.512;19.8
63.594;19.8
63.684;19.8
63.767;19.8
63.858;19.7
63.944;19.7
64.027;19.7
64.123;19.7
64.214;19.6
64.3;19.6
64.393;19.7
64.475;19.7
64.567;19.7
64.654;19.7
64.738;19.7
64.828;19.7
64.917;19.6
65.005;19.6
65.085;19.5
65.181;19.5
65.27;19.5
65.351;19.5
65.443;19.5
65.519;19.5
65.604;19.6
65.692;19.6
65.775;19.6
65.859;19.6
65.947;19.6
66.036;19.6
66.036;19.6
66.131;19.7
66.218;19.7
66.312;19.7
66.398;19.7
66.485;19.7
66.571;19.5
66.663;19.5
66.752;19.5
66.847;19.5
66.944;19.5
67.038;19.5
67.127;19.5
67.222;19.5
67.318;19.6
67.411;19.6
67.503;19.6
67.593;19.6
67.688;19.6
67.779;19.5
67.871;19.6
67.966;19.7
68.059;19.7
68.153;19.7
68.245;19.6
68.338;19.6
68.428;19.5
68.52;19.6
68.614;19.6
68.71;19.6
68.802;19.6
68.894;19.5
68.982;19.5
69.069;19.6
69.164;19.5
69.259;19.5
69.351;19.6
69.444;19.5
69.538;19.6
69.632;19.6
69.725;19.7
69.817;19.8
69.911;19.7
70.007;19.7
70.101;19.6
70.194;19.6
70.289;19.6
70.381;19.6
70.477;19.6
70.568;19.6
70.661;19.6
70.753;19.6
70.848;19.6
70.942;19.6
71.036;19.6
71.131;19.6
71.226;19.7
