29.423;31.0
29.522;31.0
29.615;27.0
29.695;27.0
29.78;26.0
29.875;27.0
29.97;27.0
30.057;24.0
30.148;24.0
30.244;27.0
30.339;25.0
30.427;25.0
30.427;18.0
30.482;14.000000000000002
30.567;14.000000000000002
30.684;27.0
30.785;27.0
30.877;28.000000000000004
30.969;28.000000000000004
31.061;27.0
31.155;27.0
31.247;27.0
31.34;26.0
31.432;26.0
31.526;27.0
31.621;26.0
31.715;26.0
31.808;25.0
31.901;25.0
31.994;25.0
32.083;28.000000000000004
32.175;28.000000000000004
32.266;26.0
32.357;26.0
32.449;27.0
32.543;25.0
32.637;25.0
32.726;26.0
32.819;26.0
32.913;25.0
33.008;26.0
33.1;26.0
33.193;26.0
33.288;26.0
33.378;24.0
33.473;26.0
33.565;26.0
33.657;25.0
33.752;25.0
33.844;32.0
33.935;30.0
34.033;30.0
34.127;34.0
34.219;34.0
34.307;28.999999999999996
34.405;36.0
34.5;36.0
34.591;32.0
34.684;32.0
34.78;33.0
34.87;35.0
34.962;35.0
35.055;32.0
35.146;32.0
35.238;33.0
35.33;30.0
35.425;30.0
35.517;33.0
35.609;33.0
35.701;31.0
35.797;35.0
35.888;35.0
35.981;33.0
36.075;33.0
36.17;35.0
36.261;33.0
36.355;33.0
36.449;33.0
36.54;33.0
36.631;31.0
36.727;33.0
36.823;33.0
36.917;32.0
37.008;32.0
37.101;31.0
37.197;32.0
37.197;32.0
37.292;33.0
37.471;33.0
37.566;33.0
37.654;33.0
37.745;30.0
37.843;35.0
37.935;35.0
38.022;32.0
38.117;32.0
38.211;33.0
38.304;32.0
38.395;32.0
38.489;31.0
38.489;31.0
38.585;33.0
38.678;35.0
38.768;35.0
38.863;33.0
38.958;33.0
39.051;31.0
39.14;32.0
39.235;32.0
39.327;31.0
39.422;31.0
39.511;33.0
39.605;32.0
39.698;32.0
39.789;33.0
39.883;33.0
39.977;32.0
40.067;34.0
40.161;34.0
40.256;33.0
40.347;33.0
40.427;34.0
40.506;40.0
40.586;40.0
40.671;42.0
40.756;42.0
40.838;37.0
40.934;35.0
41.008;35.0
41.104;34.0
41.183;34.0
41.263;34.0
41.34;38.0
41.421;38.0
41.508;32.0
41.594;35.0
41.594;35.0
41.672;35.0
41.758;35.0
41.912;34.0
42.0;34.0
42.092;38.0
42.168;38.0
42.237;38.0
42.331;35.0
42.424;35.0
42.508;35.0
42.592;36.0
42.673;36.0
42.75;33.0
42.838;33.0
42.907;37.0
42.981;38.0
43.066;38.0
43.158;35.0
43.248;35.0
43.325;38.0
43.401;34.0
43.484;34.0
43.563;36.0
43.648;36.0
43.733;36.0
43.82;33.0
43.895;33.0
43.985;38.0
44.061;38.0
44.135;35.0
44.22;35.0
44.305;35.0
44.392;37.0
44.473;37.0
44.556;34.0
44.642;33.0
44.737;33.0
44.824;36.0
44.909;36.0
44.993;31.0
45.078;36.0
45.149;36.0
45.242;33.0
45.324;33.0
45.411;33.0
45.499;32.0
45.577;32.0
45.656;33.0
45.731;33.0
45.817;38.0
45.9;37.0
45.979;37.0
46.045;34.0
46.132;34.0
46.221;35.0
46.306;36.0
46.381;36.0
46.472;35.0
46.55;35.0
46.634;35.0
46.72;34.0
46.813;34.0
46.904;30.0
46.989;30.0
47.079;34.0
47.163;30.0
47.249;30.0
47.329;35.0
47.415;35.0
47.502;34.0
47.584;34.0
47.656;34.0
47.734;35.0
47.811;35.0
47.896;35.0
47.978;36.0
48.061;36.0
48.134;36.0
48.216;36.0
48.307;34.0
48.384;34.0
48.48;36.0
48.558;38.0
48.638;38.0
48.638;33.0
48.718;33.0
48.8;37.0
48.892;35.0
48.959;35.0
49.051;35.0
49.144;35.0
49.229;36.0
49.314;32.0
49.403;32.0
49.486;40.0
49.571;40.0
49.655;35.0
49.745;38.0
49.825;38.0
49.912;35.0
49.99;35.0
50.083;30.0
50.153;40.0
50.249;40.0
50.327;34.0
50.412;34.0
50.5;33.0
50.587;35.0
50.674;35.0
50.759;35.0
50.838;35.0
50.925;37.0
51.003;32.0
51.094;32.0
51.17;39.0
51.248;39.0
51.327;36.0
51.418;34.0
51.499;34.0
51.59;34.0
51.68;34.0
51.755;34.0
51.841;37.0
51.92;37.0
52.016;36.0
52.105;36.0
52.191;36.0
52.285;35.0
52.368;35.0
52.463;33.0
52.537;33.0
52.624;35.0
52.71;35.0
52.798;35.0
52.88;35.0
52.964;35.0
53.038;34.0
53.131;33.0
53.211;33.0
53.305;36.0
53.396;36.0
53.47;33.0
53.551;37.0
53.643;37.0
53.722;32.0
53.824;32.0
53.898;28.000000000000004
53.991;40.0
54.067;40.0
54.14;33.0
54.221;33.0
54.314;32.0
54.402;31.0
54.493;31.0
54.571;36.0
54.571;33.0
54.657;33.0
54.817;33.0
54.907;33.0
54.996;32.0
55.081;32.0
55.163;35.0
55.248;34.0
55.327;34.0
55.415;36.0
55.504;36.0
55.591;31.0
55.669;32.0
55.756;32.0
55.829;33.0
55.922;33.0
56.014;31.0
56.098;33.0
56.179;33.0
56.267;33.0
56.344;33.0
56.436;32.0
56.525;35.0
56.618;35.0
56.704;33.0
56.788;33.0
56.879;35.0
56.968;31.0
57.059;31.0
57.146;33.0
57.146;33.0
57.323;32.0
57.323;35.0
57.405;35.0
57.498;31.0
57.589;31.0
57.665;31.0
57.753;33.0
57.835;33.0
57.927;33.0
58.022;33.0
58.107;31.0
58.196;32.0
58.273;32.0
58.365;33.0
58.452;33.0
58.529;31.0
58.626;31.0
58.718;31.0
58.8;28.999999999999996
58.889;28.999999999999996
58.984;31.0
59.063;31.0
59.152;33.0
59.237;30.0
59.331;30.0
59.425;34.0
59.516;34.0
59.603;30.0
59.692;34.0
59.77;34.0
59.854;30.0
59.945;30.0
60.029;35.0
60.113;30.0
60.211;30.0
60.292;31.0
60.369;31.0
60.46;34.0
60.553;28.000000000000004
60.639;28.000000000000004
60.727;36.0
60.727;36.0
60.897;32.0
60.986;31.0
61.072;31.0
61.161;33.0
61.25;33.0
61.322;33.0
61.409;32.0
61.506;32.0
61.587;28.999999999999996
61.677;28.999999999999996
61.758;34.0
61.847;32.0
61.94;32.0
62.03;31.0
62.118;31.0
62.201;32.0
62.288;33.0
62.369;33.0
62.458;31.0
62.537;31.0
62.631;33.0
62.722;28.999999999999996
62.811;28.999999999999996
62.902;34.0
62.989;34.0
63.071;31.0
63.159;31.0
63.241;31.0
63.338;31.0
63.419;31.0
63.512;30.0
63.594;36.0
63.684;36.0
63.767;31.0
63.858;31.0
63.944;32.0
64.027;27.0
64.123;27.0
64.214;35.0
64.3;35.0
64.393;31.0
64.475;30.0
64.567;30.0
64.654;32.0
64.738;32.0
64.828;31.0
64.917;34.0
65.005;34.0
65.085;32.0
65.181;32.0
65.27;30.0
65.351;32.0
65.443;32.0
65.519;34.0
65.604;34.0
65.692;23.0
65.775;31.0
65.859;31.0
65.947;32.0
66.036;32.0
66.036;28.999999999999996
66.131;33.0
66.218;33.0
66.312;31.0
66.398;31.0
66.485;32.0
66.571;31.0
66.663;31.0
66.752;34.0
66.847;34.0
66.944;28.999999999999996
67.038;30.0
67.127;30.0
67.222;27.0
67.318;27.0
67.411;31.0
67.503;28.000000000000004
67.593;28.000000000000004
67.688;30.0
67.779;30.0
67.871;32.0
67.966;28.000000000000004
68.059;28.000000000000004
68.153;32.0
68.245;32.0
68.338;28.000000000000004
68.428;32.0
68.52;32.0
68.614;27.0
68.71;27.0
68.802;28.999999999999996
68.894;28.999999999999996
68.982;28.999999999999996
69.069;33.0
69.164;33.0
69.259;28.999999999999996
69.351;28.999999999999996
69.444;30.0
69.538;28.000000000000004
69.632;28.000000000000004
69.725;27.0
69.817;27.0
69.911;31.0
70.007;28.999999999999996
70.101;28.999999999999996
70.194;32.0
70.289;32.0
70.381;26.0
70.477;31.0
70.568;31.0
70.661;28.000000000000004
70.753;28.000000000000004
70.848;30.0
70.942;28.999999999999996
71.036;28.999999999999996
71.131;28.000000000000004
71.226;28.000000000000004
